Clientes sospechosos:


[3 1 7]
[57 6 5]
[99992 10000 16]
[99907 9991 4]
[99717 9972 4]
[99107 9911 3]
[99043 9905 1]
[98995 9900 1]
[98378 9838 1]
[97632 9764 1]
[95920 9593 1]
[95456 9546 1]
[95036 9504 1]
[93813 9382 1]
[93649 9366 1]
[92979 9299 1]
[92445 9245 1]
[91255 9126 1]
[90947 9095 1]
[90199 9021 1]
[89492 8950 1]
[88963 8897 1]
[88892 8890 1]
[88316 8832 1]
[87697 8770 1]
[84617 8462 1]
[83756 8376 1]
[81365 8137 1]
[80532 8054 1]
[80206 8021 1]
[78892 7890 1]
[78321 7833 1]
[77686 7769 1]
[77388 7739 1]
[76310 7632 1]
[75928 7593 1]
[75470 7548 1]
[74701 7471 1]
[73143 7315 1]
[72743 7275 1]
[72735 7274 1]
[72684 7269 1]
[70354 7036 1]
[69945 6995 1]
[69250 6926 1]
[68391 6840 1]
[65573 6558 1]
[64137 6414 1]
[62824 6283 1]
[62581 6259 1]
[60629 6064 1]
[59509 5952 1]
[59048 5905 1]
[58509 5852 1]
[57165 5717 1]
[56715 5672 1]
[56042 5605 1]
[55899 5591 1]
[55569 5558 1]
[55340 5535 1]
[55253 5526 1]
[55083 5509 1]
[54136 5414 1]
[53732 5374 1]
[51720 5173 1]
[50703 5071 1]
[48799 4881 1]
[48277 4828 1]
[47204 4721 1]
[46869 4687 1]
[45968 4597 1]
[45076 4508 1]
[44957 4496 1]
[44884 4489 1]
[44361 4437 1]
[43963 4397 1]
[43729 4373 1]
[42501 4251 1]
[40589 4059 1]
[40588 4059 1]
[39819 3982 1]
[39662 3967 1]
[39637 3964 1]
[37149 3715 1]
[35732 3574 1]
[35653 3566 1]
[35097 3510 1]
[34009 3401 1]
[33480 3349 1]
[31843 3185 1]
[30745 3075 1]
[30473 3048 1]
[29037 2904 1]
[26531 2654 1]
[26320 2633 1]
[24657 2466 1]
[24152 2416 1]
[21903 2191 1]
[21473 2148 1]
[19855 1986 1]
[19658 1966 1]
[18127 1813 1]
[18059 1806 1]
[15997 1600 1]
[15652 1566 1]
[15520 1553 1]
[15287 1529 1]
[15113 1512 1]
[14606 1461 1]
[13365 1337 1]
[13122 1313 1]
[13107 1311 1]
[13072 1308 1]
[8730 874 1]
[8684 869 1]
[8413 842 1]
[8191 820 1]
[8022 803 1]
[7844 785 1]
[7805 781 1]
[7065 707 1]
[3916 392 1]
[3420 343 1]
[3057 306 1]
[2837 284 1]
[2607 261 1]
[1981 199 1]
[1852 186 1]
[823 83 1]
[113 12 1]
[0 1 225]
[18 2 41]
[25 3 23]
[31 4 20]
[49 5 9]
[127 13 8]
[414 42 7]
[503 51 5]
[99997 10000 39]
[99970 9998 26]
[99965 9997 26]
[99928 9993 24]
[99902 9991 24]
[99842 9985 16]
[99803 9981 14]
[99667 9967 13]
[99654 9966 7]
[99057 9906 7]
[99022 9903 6]
[98774 9878 3]
[98675 9868 2]
[98591 9860 2]
[98204 9821 2]
[97321 9733 2]
[97139 9715 2]
[96377 9638 2]
[94237 9424 2]
[93815 9382 2]
[92709 9272 2]
[90285 9029 2]
[89268 8927 2]
[89160 8917 2]
[87461 8747 2]
[86678 8668 2]
[86567 8657 2]
[86439 8645 2]
[86354 8636 2]
[85745 8575 2]
[85461 8547 2]
[84761 8477 2]
[84757 8476 2]
[84633 8464 2]
[84496 8450 2]
[83626 8363 2]
[82993 8300 2]
[82896 8290 2]
[82729 8274 2]
[82632 8264 2]
[80569 8058 2]
[79793 7980 2]
[78941 7895 2]
[77856 7786 2]
[77340 7735 2]
[77238 7724 2]
[76155 7616 2]
[76082 7609 2]
[75815 7582 2]
[74615 7462 2]
[74243 7425 2]
[73399 7341 2]
[72184 7219 2]
[70724 7073 2]
[69916 6992 2]
[69443 6945 2]
[69350 6936 2]
[65676 6568 2]
[64011 6402 2]
[63947 6395 2]
[63748 6375 2]
[63425 6343 2]
[59937 5994 2]
[59671 5968 2]
[59026 5903 2]
[57524 5753 2]
[56918 5692 2]
[55662 5567 2]
[54777 5478 2]
[51152 5116 2]
[50443 5045 2]
[49695 4970 2]
[48923 4893 2]
[48788 4879 2]
[48787 4879 2]
[47874 4788 2]
[46250 4626 2]
[45412 4542 2]
[44560 4457 2]
[42622 4263 2]
[37970 3798 2]
[36847 3685 2]
[35288 3529 2]
[33047 3305 2]
[31967 3197 2]
[31815 3182 2]
[29946 2995 2]
[29482 2949 2]
[29191 2920 2]
[29048 2905 2]
[28334 2834 2]
[28332 2834 2]
[28243 2825 2]
[25569 2557 2]
[24401 2441 2]
[23352 2336 2]
[22638 2264 2]
[21590 2160 2]
[20548 2055 2]
[20347 2035 2]
[20233 2024 2]
[18465 1847 2]
[16941 1695 2]
[16372 1638 2]
[16325 1633 2]
[15108 1511 2]
[14806 1481 2]
[14482 1449 2]
[14356 1436 2]
[13733 1374 2]
[12654 1266 2]
[11807 1181 2]
[10521 1053 2]
[10395 1040 2]
[9761 977 2]
[9522 953 2]
[8769 878 2]
[7996 800 2]
[6622 663 2]
[6079 609 2]
[5996 600 2]
[5273 528 2]
[2409 241 2]
[2405 241 2]
[720 73 2]
[2 1 261]
[12 2 91]
[32 4 87]
[67 7 31]
[106 11 26]
[134 14 11]
[305 31 10]
[474 48 8]
[611 62 7]
[663 67 6]
[743 75 5]
[99990 10000 130]
[99973 9998 38]
[99829 9984 21]
[99742 9975 17]
[99448 9945 8]
[98861 9887 7]
[98485 9849 5]
[98446 9845 5]
[98380 9839 4]
[98249 9826 3]
[97937 9794 3]
[96820 9683 3]
[96684 9669 3]
[95238 9524 3]
[94113 9412 3]
[92861 9287 3]
[90924 9093 3]
[90819 9083 3]
[89695 8970 3]
[89679 8969 3]
[88922 8893 3]
[86676 8668 3]
[86670 8668 3]
[84835 8484 3]
[84823 8483 3]
[84485 8449 3]
[84287 8429 3]
[83953 8396 3]
[83859 8387 3]
[82360 8237 3]
[81309 8132 3]
[81093 8110 3]
[81056 8106 3]
[80953 8096 3]
[80190 8020 3]
[80162 8017 3]
[79776 7978 3]
[78369 7838 3]
[78006 7801 3]
[77179 7719 3]
[76634 7664 3]
[76558 7656 3]
[76270 7628 3]
[76051 7606 3]
[75448 7545 3]
[75317 7532 3]
[75154 7516 3]
[75102 7511 3]
[74885 7489 3]
[74717 7472 3]
[74631 7464 3]
[73868 7387 3]
[73294 7330 3]
[71175 7118 3]
[71034 7104 3]
[70839 7085 3]
[70034 7004 3]
[69839 6985 3]
[69723 6973 3]
[68521 6853 3]
[67740 6775 3]
[65861 6587 3]
[65427 6543 3]
[64204 6421 3]
[63108 6311 3]
[62805 6281 3]
[61024 6103 3]
[60888 6089 3]
[60236 6024 3]
[60180 6019 3]
[59668 5967 3]
[57459 5747 3]
[56508 5651 3]
[52961 5297 3]
[51918 5192 3]
[51182 5119 3]
[50239 5025 3]
[48260 4827 3]
[47686 4769 3]
[47589 4759 3]
[46676 4668 3]
[46382 4639 3]
[45630 4564 3]
[44065 4407 3]
[42282 4229 3]
[38363 3837 3]
[38075 3808 3]
[37765 3777 3]
[35963 3597 3]
[35409 3541 3]
[35242 3525 3]
[35117 3512 3]
[32515 3252 3]
[32265 3227 3]
[31235 3124 3]
[30309 3031 3]
[29949 2995 3]
[29547 2955 3]
[29355 2936 3]
[27504 2751 3]
[27059 2706 3]
[26261 2627 3]
[26129 2613 3]
[24054 2406 3]
[21972 2198 3]
[20277 2028 3]
[19615 1962 3]
[19495 1950 3]
[18766 1877 3]
[18409 1841 3]
[15462 1547 3]
[15167 1517 3]
[14295 1430 3]
[13745 1375 3]
[13247 1325 3]
[11331 1134 3]
[10210 1022 3]
[9827 983 3]
[9047 905 3]
[8552 856 3]
[8506 851 3]
[7729 774 3]
[6567 657 3]
[6532 654 3]
[5570 558 3]
[5172 518 3]
[4988 499 3]
[4974 498 3]
[4749 476 3]
[1765 177 3]
[1555 156 3]
[1189 119 3]
[6 1 486]
[15 2 104]
[23 3 101]
[69 7 41]
[118 12 37]
[161 17 20]
[192 20 17]
[261 27 16]
[486 49 13]
[790 80 10]
[860 87 9]
[877 88 8]
[1383 139 7]
[99994 10000 219]
[99982 9999 135]
[99976 9998 46]
[99831 9984 46]
[99795 9980 41]
[99752 9976 22]
[99657 9966 18]
[99062 9907 14]
[98820 9883 14]
[98727 9873 8]
[98376 9838 8]
[98332 9834 8]
[98325 9833 6]
[98045 9805 5]
[97814 9782 5]
[97475 9748 4]
[97188 9719 4]
[97181 9719 4]
[96968 9697 4]
[96539 9655 4]
[96517 9652 4]
[94462 9447 4]
[93710 9372 4]
[93611 9362 4]
[93383 9339 4]
[93074 9308 4]
[90548 9055 4]
[90013 9002 4]
[89006 8901 4]
[88985 8899 4]
[88897 8890 4]
[86692 8670 4]
[86336 8634 4]
[86172 8618 4]
[85514 8552 4]
[83814 8382 4]
[82963 8297 4]
[81272 8128 4]
[78813 7882 4]
[78686 7869 4]
[78139 7815 4]
[77881 7789 4]
[72872 7288 4]
[71370 7138 4]
[71310 7132 4]
[67828 6783 4]
[67436 6744 4]
[67420 6743 4]
[66595 6660 4]
[66477 6648 4]
[66263 6627 4]
[65703 6571 4]
[64213 6422 4]
[64057 6406 4]
[63930 6394 4]
[63075 6308 4]
[63025 6303 4]
[62256 6226 4]
[61017 6102 4]
[59312 5932 4]
[59135 5914 4]
[58739 5875 4]
[58570 5858 4]
[58087 5809 4]
[56820 5683 4]
[54586 5459 4]
[53378 5338 4]
[52678 5268 4]
[52200 5221 4]
[51736 5174 4]
[51200 5121 4]
[49138 4914 4]
[47876 4788 4]
[46817 4682 4]
[46306 4631 4]
[46106 4611 4]
[45652 4566 4]
[45395 4540 4]
[43872 4388 4]
[42158 4216 4]
[40311 4032 4]
[40131 4014 4]
[40060 4007 4]
[37975 3798 4]
[37569 3757 4]
[37043 3705 4]
[36205 3621 4]
[35194 3520 4]
[34523 3453 4]
[34517 3452 4]
[34459 3446 4]
[33665 3367 4]
[33161 3317 4]
[32841 3285 4]
[32528 3253 4]
[30167 3017 4]
[27991 2800 4]
[26282 2629 4]
[25768 2577 4]
[25618 2562 4]
[24737 2474 4]
[24556 2456 4]
[24460 2447 4]
[23847 2385 4]
[23188 2319 4]
[23157 2316 4]
[22962 2297 4]
[21606 2161 4]
[19280 1929 4]
[19177 1918 4]
[18779 1878 4]
[17430 1744 4]
[16254 1626 4]
[15311 1532 4]
[15176 1518 4]
[15035 1504 4]
[14386 1439 4]
[14110 1412 4]
[13472 1348 4]
[12170 1218 4]
[12129 1213 4]
[10723 1073 4]
[9934 994 4]
[9422 943 4]
[8439 845 4]
[8229 824 4]
[8179 819 4]
[8029 804 4]
[7787 779 4]
[7562 757 4]
[5712 572 4]
[5566 557 4]
[4646 465 4]
[3970 398 4]
[3901 391 4]
[2437 244 4]
[1399 140 4]
[4 1 500]
[13 2 194]
[24 3 140]
[46 5 119]
[60 7 81]
[78 8 60]
[136 14 48]
[149 15 46]
[153 16 46]
[166 17 44]
[191 20 44]
[212 22 26]
[267 27 24]
[335 34 24]
[403 41 22]
[537 54 16]
[1278 128 12]
[99999 10000 273]
[99986 9999 241]
[99974 9998 167]
[99962 9997 81]
[99949 9996 67]
[99913 9992 61]
[99743 9975 61]
[99720 9973 26]
[99613 9962 25]
[99418 9942 20]
[99349 9936 20]
[98973 9898 20]
[98883 9889 15]
[98876 9888 15]
[98676 9868 9]
[98159 9817 8]
[98112 9812 7]
[97426 9743 7]
[97257 9726 6]
[96732 9674 5]
[94500 9451 5]
[94114 9412 5]
[93038 9304 5]
[92123 9213 5]
[91838 9184 5]
[91401 9141 5]
[90573 9058 5]
[89873 8988 5]
[89189 8920 5]
[87890 8790 5]
[84480 8449 5]
[84031 8404 5]
[83957 8396 5]
[83159 8317 5]
[79530 7954 5]
[79167 7917 5]
[78371 7838 5]
[77782 7779 5]
[77596 7760 5]
[77098 7710 5]
[74990 7500 5]
[74963 7497 5]
[73985 7399 5]
[73279 7329 5]
[72623 7263 5]
[71766 7177 5]
[71472 7148 5]
[70040 7005 5]
[68203 6821 5]
[66615 6662 5]
[65464 6547 5]
[64630 6464 5]
[64435 6444 5]
[62125 6213 5]
[61994 6200 5]
[61447 6145 5]
[60725 6073 5]
[60610 6062 5]
[57851 5786 5]
[55525 5553 5]
[54380 5439 5]
[52881 5289 5]
[52030 5204 5]
[51491 5150 5]
[50172 5018 5]
[48520 4853 5]
[47965 4797 5]
[47953 4796 5]
[47256 4726 5]
[46123 4613 5]
[46035 4604 5]
[45526 4553 5]
[44385 4439 5]
[44280 4429 5]
[43629 4363 5]
[38610 3862 5]
[36977 3698 5]
[36716 3672 5]
[35237 3524 5]
[34201 3421 5]
[33054 3306 5]
[32792 3280 5]
[31936 3194 5]
[31916 3192 5]
[30662 3067 5]
[30650 3066 5]
[30185 3019 5]
[29335 2934 5]
[28700 2871 5]
[27714 2772 5]
[27422 2743 5]
[26109 2611 5]
[25771 2578 5]
[25664 2567 5]
[23242 2325 5]
[18424 1843 5]
[18070 1808 5]
[17482 1749 5]
[16024 1603 5]
[14707 1471 5]
[13836 1384 5]
[13313 1332 5]
[13077 1308 5]
[12614 1262 5]
[11044 1105 5]
[9551 956 5]
[9088 909 5]
[8637 864 5]
[8260 827 5]
[7923 793 5]
[7878 788 5]
[5605 561 5]
[5117 512 5]
[4482 449 5]
[4323 433 5]
[2380 239 5]
[2321 233 5]
[2153 216 5]
[2127 213 5]
[2020 203 5]
[1977 198 5]
[1405 141 5]
[7 1 547]
[17 2 198]
[33 4 160]
[55 6 155]
[61 7 135]
[73 8 131]
[87 9 72]
[122 13 63]
[228 23 32]
[547 55 25]
[596 60 22]
[676 68 17]
[1396 140 16]
[1484 149 12]
[99993 10000 319]
[99971 9998 251]
[99959 9997 147]
[99940 9995 102]
[99893 9990 78]
[99887 9989 66]
[99701 9971 30]
[99475 9948 26]
[99470 9948 26]
[99396 9940 26]
[99334 9934 22]
[99267 9927 21]
[98694 9870 20]
[98565 9857 18]
[98488 9849 10]
[98141 9815 10]
[97717 9772 9]
[97589 9760 8]
[97561 9757 8]
[96837 9684 7]
[95796 9580 7]
[95622 9563 7]
[94990 9500 7]
[94776 9478 6]
[94770 9478 6]
[94698 9470 6]
[94152 9416 6]
[90855 9086 6]
[88753 8876 6]
[88425 8843 6]
[87228 8723 6]
[82739 8275 6]
[82315 8232 6]
[81968 8197 6]
[81910 8192 6]
[81264 8127 6]
[81025 8103 6]
[80802 8081 6]
[80801 8081 6]
[80515 8052 6]
[80409 8042 6]
[80010 8002 6]
[79585 7959 6]
[77665 7767 6]
[77575 7758 6]
[77315 7732 6]
[75441 7545 6]
[72358 7236 6]
[71134 7114 6]
[70383 7039 6]
[70346 7035 6]
[69753 6976 6]
[68907 6891 6]
[67777 6778 6]
[67448 6745 6]
[67355 6736 6]
[66705 6671 6]
[66385 6639 6]
[66206 6621 6]
[64560 6457 6]
[63795 6380 6]
[61668 6167 6]
[61518 6152 6]
[58887 5889 6]
[55061 5507 6]
[54690 5470 6]
[54515 5452 6]
[52691 5270 6]
[52067 5207 6]
[51809 5182 6]
[50409 5042 6]
[50147 5015 6]
[50146 5015 6]
[49924 4993 6]
[49904 4991 6]
[49896 4990 6]
[49354 4936 6]
[48657 4866 6]
[48495 4850 6]
[48204 4821 6]
[48034 4804 6]
[47997 4800 6]
[47054 4706 6]
[45618 4562 6]
[44599 4460 6]
[41475 4148 6]
[40349 4035 6]
[36554 3656 6]
[36344 3635 6]
[36103 3611 6]
[34570 3458 6]
[34530 3454 6]
[33943 3395 6]
[32945 3295 6]
[31991 3200 6]
[31099 3110 6]
[30837 3084 6]
[30249 3025 6]
[30048 3005 6]
[28186 2819 6]
[28056 2806 6]
[27812 2782 6]
[27659 2766 6]
[27306 2731 6]
[27048 2705 6]
[25939 2594 6]
[25287 2529 6]
[24865 2487 6]
[23267 2327 6]
[22998 2300 6]
[22125 2213 6]
[21764 2177 6]
[21299 2130 6]
[20739 2074 6]
[19630 1964 6]
[19524 1953 6]
[18910 1892 6]
[18629 1863 6]
[18056 1806 6]
[17990 1800 6]
[17888 1789 6]
[17395 1740 6]
[17166 1717 6]
[17052 1706 6]
[16611 1662 6]
[16033 1604 6]
[16001 1601 6]
[15623 1563 6]
[14922 1493 6]
[14411 1442 6]
[12239 1224 6]
[12015 1202 6]
[10623 1063 6]
[10362 1037 6]
[9786 979 6]
[8750 876 6]
[8659 867 6]
[7636 764 6]
[6302 631 6]
[4043 405 6]
[3498 350 6]
[3493 350 6]
[3352 336 6]
[2995 300 6]
[2531 254 6]
[2184 219 6]
[2124 213 6]
[1936 194 6]
[1544 155 6]
[9 1 661]
[10 2 394]
[28 3 246]
[36 4 180]
[70 8 147]
[81 9 118]
[95 10 96]
[109 11 91]
[141 15 70]
[227 23 43]
[253 26 36]
[324 33 34]
[507 51 34]
[593 60 24]
[769 77 20]
[914 92 18]
[1500 151 14]
[1648 165 14]
[99996 10000 358]
[99981 9999 333]
[99975 9998 276]
[99964 9997 240]
[99944 9995 165]
[99906 9991 111]
[99885 9989 80]
[99858 9986 75]
[99828 9983 73]
[99696 9970 62]
[99684 9969 45]
[99665 9967 36]
[99610 9962 34]
[99511 9952 31]
[99291 9930 31]
[99109 9912 29]
[99011 9902 28]
[99000 9901 27]
[98999 9901 27]
[98832 9884 22]
[98492 9850 19]
[98419 9843 14]
[98307 9831 14]
[98284 9829 14]
[97578 9758 14]
[97444 9745 11]
[97311 9732 10]
[97308 9731 10]
[97015 9702 9]
[95831 9584 9]
[95247 9525 8]
[94668 9467 7]
[94314 9432 7]
[93080 9309 7]
[92938 9294 7]
[92772 9278 7]
[92592 9260 7]
[92393 9240 7]
[92332 9234 7]
[92279 9229 7]
[91560 9157 7]
[91513 9152 7]
[88440 8845 7]
[84623 8463 7]
[84182 8419 7]
[84138 8414 7]
[84065 8407 7]
[83850 8386 7]
[83533 8354 7]
[81982 8199 7]
[81938 8194 7]
[78755 7876 7]
[77233 7724 7]
[76911 7692 7]
[76007 7601 7]
[74767 7477 7]
[74719 7473 7]
[73698 7370 7]
[73696 7370 7]
[73531 7354 7]
[73391 7340 7]
[73304 7331 7]
[71633 7164 7]
[70473 7048 7]
[69904 6991 7]
[68813 6882 7]
[66802 6681 7]
[65747 6575 7]
[63905 6391 7]
[63708 6371 7]
[63257 6326 7]
[63177 6318 7]
[62253 6226 7]
[59809 5982 7]
[59096 5910 7]
[58580 5859 7]
[57566 5757 7]
[56840 5685 7]
[56482 5649 7]
[56470 5648 7]
[55418 5542 7]
[54629 5464 7]
[54403 5441 7]
[53351 5336 7]
[50237 5024 7]
[49557 4956 7]
[48305 4831 7]
[48268 4827 7]
[48259 4827 7]
[48202 4821 7]
[47919 4792 7]
[47160 4717 7]
[47010 4702 7]
[46403 4641 7]
[44834 4484 7]
[43754 4376 7]
[42420 4243 7]
[42294 4230 7]
[42120 4213 7]
[41668 4167 7]
[41483 4149 7]
[41348 4135 7]
[40876 4088 7]
[40451 4046 7]
[40407 4041 7]
[38349 3835 7]
[36372 3638 7]
[36023 3603 7]
[35761 3577 7]
[34747 3475 7]
[34704 3471 7]
[34579 3458 7]
[32678 3268 7]
[32441 3245 7]
[32021 3203 7]
[31786 3179 7]
[30029 3003 7]
[27825 2783 7]
[27028 2703 7]
[27004 2701 7]
[26507 2651 7]
[26196 2620 7]
[25459 2546 7]
[24609 2461 7]
[24414 2442 7]
[23152 2316 7]
[22666 2267 7]
[21282 2129 7]
[20375 2038 7]
[19354 1936 7]
[19247 1925 7]
[19244 1925 7]
[19006 1901 7]
[18958 1896 7]
[17853 1786 7]
[17471 1748 7]
[16072 1608 7]
[13991 1400 7]
[13357 1336 7]
[12604 1261 7]
[11052 1106 7]
[10069 1008 7]
[8127 813 7]
[7439 745 7]
[4374 438 7]
[3839 385 7]
[3417 342 7]
[3270 328 7]
[2417 242 7]
[2256 226 7]
[1660 167 7]

Clientes con datos corruptos:


