Clientes sospechosos:


[0 1 38]
[2 3 17]
[141 142 13]
[143 144 6]
[240 241 6]
[545 546 4]
[681 682 1]
[9999 10000 453]
[9997 9998 13]
[9995 9996 11]
[9977 9978 1]
[9032 9033 1]
[8455 8456 1]
[8142 8143 1]
[7897 7898 1]
[7213 7214 1]
[6845 6846 1]
[4091 4092 1]
[1670 1671 1]
[1388 1389 1]
[858 859 1]
[1 2 425]
[6 7 186]
[8 9 68]
[32 33 53]
[44 45 31]
[71 72 20]
[145 146 17]
[412 413 17]
[438 439 13]
[470 471 13]
[507 508 11]
[712 713 4]
[1215 1216 4]
[1241 1242 4]
[1379 1380 4]
[2075 2076 4]
[2142 2143 3]
[2379 2380 3]
[2862 2863 2]
[2862 2863 2]
[9998 9999 576]
[9996 9997 494]
[9994 9995 270]
[9993 9994 34]
[9926 9927 28]
[9921 9922 13]
[9919 9920 13]
[9815 9816 10]
[9803 9804 4]
[9787 9788 3]
[9409 9410 2]
[6971 6972 2]
[4537 4538 2]
[4273 4274 2]
[4155 4156 2]
[3979 3980 2]
[3 4 764]
[4 5 609]
[7 8 373]
[13 14 149]
[26 27 140]
[48 49 82]
[144 145 62]
[173 174 44]
[174 175 44]
[182 183 41]
[192 193 33]
[194 195 24]
[401 402 22]
[452 453 14]
[739 740 8]
[763 764 8]
[958 959 5]
[2961 2962 4]
[5049 5050 3]
[5049 5050 3]
[9992 9993 669]
[9990 9991 153]
[9974 9975 153]
[9955 9956 81]
[9950 9951 42]
[9809 9810 29]
[9808 9809 20]
[9699 9700 8]
[9618 9619 8]
[9607 9608 8]
[9254 9255 8]
[9227 9228 5]
[8709 8710 3]
[8544 8545 3]
[8481 8482 3]
[7322 7323 3]
[6855 6856 3]
[5 6 735]
[9 10 401]
[14 15 345]
[15 16 280]
[18 19 160]
[20 21 152]
[56 57 148]
[68 69 106]
[113 114 100]
[130 131 88]
[183 184 65]
[197 198 62]
[223 224 30]
[277 278 28]
[313 314 27]
[363 364 26]
[406 407 26]
[584 585 21]
[629 630 16]
[753 754 9]
[1065 1066 8]
[1177 1178 8]
[1300 1301 7]
[1387 1388 6]
[1626 1627 6]
[1872 1873 6]
[1970 1971 6]
[2220 2221 6]
[2270 2271 6]
[3102 3103 5]
[3435 3436 5]
[4180 4181 5]
[4345 4346 5]
[5580 5581 4]
[5580 5581 4]
[9991 9992 678]
[9989 9990 478]
[9987 9988 471]
[9986 9987 375]
[9984 9985 345]
[9982 9983 220]
[9972 9973 156]
[9945 9946 74]
[9933 9934 73]
[9925 9926 68]
[9871 9872 58]
[9856 9857 56]
[9822 9823 44]
[9801 9802 41]
[9613 9614 20]
[9595 9596 14]
[9563 9564 13]
[9486 9487 12]
[9356 9357 12]
[9282 9283 10]
[9127 9128 6]
[8643 8644 5]
[8334 8335 4]
[6885 6886 4]

Clientes con datos corruptos:


