Clientes sospechosos:


[29 1 5]
[120 8 3]
[205 13 2]
[371 24 2]
[630 42 1]
[630 42 1]
[149999 10000 690]
[149994 9999 31]
[149979 9998 7]
[149966 9997 6]
[149900 9993 1]
[148172 9878 1]
[146595 9773 1]
[146393 9759 1]
[146055 9737 1]
[145600 9706 1]
[145431 9695 1]
[145296 9686 1]
[144909 9660 1]
[143294 9553 1]
[143110 9540 1]
[142357 9490 1]
[141557 9437 1]
[140239 9349 1]
[139731 9315 1]
[139423 9294 1]
[139324 9288 1]
[138705 9247 1]
[137230 9148 1]
[136212 9080 1]
[135464 9031 1]
[135140 9009 1]
[134125 8941 1]
[130263 8684 1]
[130185 8679 1]
[129855 8657 1]
[127715 8514 1]
[126046 8403 1]
[125061 8337 1]
[124374 8291 1]
[121498 8099 1]
[119345 7956 1]
[117392 7826 1]
[117274 7818 1]
[116235 7749 1]
[116194 7746 1]
[115810 7720 1]
[114477 7631 1]
[114323 7621 1]
[114221 7614 1]
[114125 7608 1]
[113964 7597 1]
[113447 7563 1]
[112219 7481 1]
[111840 7456 1]
[110658 7377 1]
[109353 7290 1]
[108547 7236 1]
[107557 7170 1]
[106692 7112 1]
[103180 6878 1]
[103177 6878 1]
[101758 6783 1]
[101323 6754 1]
[100373 6691 1]
[100145 6676 1]
[97617 6507 1]
[97203 6480 1]
[96609 6440 1]
[95107 6340 1]
[94268 6284 1]
[94082 6272 1]
[93862 6257 1]
[92359 6157 1]
[92272 6151 1]
[89644 5976 1]
[89232 5948 1]
[86391 5759 1]
[86203 5746 1]
[83906 5593 1]
[82017 5467 1]
[81910 5460 1]
[81374 5424 1]
[81040 5402 1]
[80920 5394 1]
[77656 5177 1]
[76998 5133 1]
[76725 5115 1]
[76388 5092 1]
[75214 5014 1]
[74436 4962 1]
[72455 4830 1]
[72238 4815 1]
[71759 4783 1]
[71732 4782 1]
[71149 4743 1]
[71068 4737 1]
[70274 4684 1]
[69936 4662 1]
[69737 4649 1]
[67987 4532 1]
[67505 4500 1]
[66358 4423 1]
[66336 4422 1]
[66308 4420 1]
[66280 4418 1]
[62946 4196 1]
[62673 4178 1]
[62038 4135 1]
[61139 4075 1]
[61096 4073 1]
[60798 4053 1]
[59898 3993 1]
[59815 3987 1]
[59549 3969 1]
[58566 3904 1]
[58542 3902 1]
[58264 3884 1]
[58199 3879 1]
[58074 3871 1]
[57396 3826 1]
[57024 3801 1]
[56131 3742 1]
[55851 3723 1]
[54006 3600 1]
[53943 3596 1]
[51524 3434 1]
[50209 3347 1]
[49685 3312 1]
[49178 3278 1]
[47441 3162 1]
[46222 3081 1]
[45571 3038 1]
[45343 3022 1]
[43145 2876 1]
[43048 2869 1]
[42255 2817 1]
[40600 2706 1]
[39333 2622 1]
[39282 2618 1]
[38767 2584 1]
[38252 2550 1]
[35640 2376 1]
[35056 2337 1]
[34249 2283 1]
[33173 2211 1]
[31284 2085 1]
[29883 1992 1]
[29021 1934 1]
[28634 1908 1]
[27601 1840 1]
[27521 1834 1]
[27043 1802 1]
[25437 1695 1]
[24730 1648 1]
[23730 1582 1]
[22770 1518 1]
[22696 1513 1]
[20772 1384 1]
[20419 1361 1]
[19277 1285 1]
[18159 1210 1]
[17386 1159 1]
[17147 1143 1]
[17111 1140 1]
[16198 1079 1]
[14224 948 1]
[13804 920 1]
[13724 915 1]
[13415 894 1]
[11941 796 1]
[9422 628 1]
[9226 615 1]
[8666 577 1]
[8411 560 1]
[8006 533 1]
[7396 493 1]
[6703 446 1]
[5438 362 1]
[4704 313 1]
[1197 79 1]
[1094 73 1]
[1043 69 1]
[22 1 70]
[32 2 29]
[46 3 18]
[99 6 11]
[133 8 4]
[309 20 3]
[738 49 2]
[799 53 2]
[880 58 2]
[928 61 2]
[1048 69 1]
[1048 69 1]
[149986 9999 133]
[149970 9998 76]
[149927 9995 21]
[149896 9993 13]
[149820 9988 8]
[149795 9986 4]
[149255 9950 4]
[149001 9933 3]
[148905 9927 3]
[148367 9891 2]
[147462 9830 2]
[147220 9814 2]
[147153 9810 2]
[146709 9780 2]
[144797 9653 2]
[142252 9483 2]
[141973 9464 2]
[141150 9410 2]
[140841 9389 2]
[139914 9327 2]
[138426 9228 2]
[138412 9227 2]
[138082 9205 2]
[137084 9139 2]
[135249 9016 2]
[134838 8989 2]
[134598 8973 2]
[134514 8967 2]
[133910 8927 2]
[133146 8876 2]
[133135 8875 2]
[131660 8777 2]
[131273 8751 2]
[131259 8750 2]
[130783 8718 2]
[130760 8717 2]
[130482 8698 2]
[130419 8694 2]
[129506 8633 2]
[127925 8528 2]
[127274 8484 2]
[127269 8484 2]
[126465 8431 2]
[125034 8335 2]
[124833 8322 2]
[124419 8294 2]
[124303 8286 2]
[124213 8280 2]
[123009 8200 2]
[121334 8088 2]
[121305 8087 2]
[119896 7993 2]
[117285 7819 2]
[116474 7764 2]
[116472 7764 2]
[116282 7752 2]
[115740 7716 2]
[115277 7685 2]
[115202 7680 2]
[114652 7643 2]
[114252 7616 2]
[113217 7547 2]
[112557 7503 2]
[111909 7460 2]
[111015 7401 2]
[111009 7400 2]
[110498 7366 2]
[110307 7353 2]
[109821 7321 2]
[109533 7302 2]
[107757 7183 2]
[107442 7162 2]
[107110 7140 2]
[105552 7036 2]
[104558 6970 2]
[104460 6964 2]
[103310 6887 2]
[103126 6875 2]
[103035 6869 2]
[101818 6787 2]
[101600 6773 2]
[101455 6763 2]
[101275 6751 2]
[99677 6645 2]
[99192 6612 2]
[99083 6605 2]
[98928 6595 2]
[98248 6549 2]
[95950 6396 2]
[95892 6392 2]
[95808 6387 2]
[94049 6269 2]
[93974 6264 2]
[93563 6237 2]
[93525 6235 2]
[92958 6197 2]
[92899 6193 2]
[90573 6038 2]
[90534 6035 2]
[90040 6002 2]
[89430 5962 2]
[88605 5907 2]
[88579 5905 2]
[84732 5648 2]
[83754 5583 2]
[83381 5558 2]
[82752 5516 2]
[81457 5430 2]
[81286 5419 2]
[81088 5405 2]
[79187 5279 2]
[77083 5138 2]
[76231 5082 2]
[75802 5053 2]
[75676 5045 2]
[75165 5011 2]
[73829 4921 2]
[72953 4863 2]
[71103 4740 2]
[67474 4498 2]
[67177 4478 2]
[66725 4448 2]
[66130 4408 2]
[63335 4222 2]
[63072 4204 2]
[62606 4173 2]
[62236 4149 2]
[61172 4078 2]
[60923 4061 2]
[60781 4052 2]
[58883 3925 2]
[56719 3781 2]
[56357 3757 2]
[56188 3745 2]
[54535 3635 2]
[54306 3620 2]
[53923 3594 2]
[52742 3516 2]
[52598 3506 2]
[52163 3477 2]
[51965 3464 2]
[51327 3421 2]
[50114 3340 2]
[49917 3327 2]
[49368 3291 2]
[49314 3287 2]
[48857 3257 2]
[48605 3240 2]
[48524 3234 2]
[47226 3148 2]
[45582 3038 1]
[21 1 78]
[43 2 30]
[45 3 18]
[145 9 8]
[852 56 3]
[1635 109 3]
[2972 198 3]
[3921 261 3]
[4032 268 3]
[4083 272 2]
[4083 272 2]
[149985 9999 170]
[149939 9996 101]
[149919 9994 69]
[149895 9993 30]
[149878 9991 27]
[149818 9987 17]
[149757 9983 12]
[149682 9978 8]
[149391 9959 6]
[149136 9942 6]
[148590 9906 4]
[148428 9895 4]
[148294 9886 4]
[147865 9857 4]
[146196 9746 3]
[145579 9705 3]
[145320 9688 3]
[145056 9670 3]
[144879 9658 3]
[144144 9609 3]
[144010 9600 3]
[141349 9423 3]
[141305 9420 3]
[140401 9360 3]
[139293 9286 3]
[138001 9200 3]
[137846 9189 3]
[137835 9189 3]
[137098 9139 3]
[136599 9106 3]
[132484 8832 3]
[131796 8786 3]
[131358 8757 3]
[130638 8709 3]
[129623 8641 3]
[129159 8610 3]
[127877 8525 3]
[123541 8236 3]
[122521 8168 3]
[122366 8157 3]
[119934 7995 3]
[119913 7994 3]
[118325 7888 3]
[117673 7844 3]
[116487 7765 3]
[113743 7582 3]
[113200 7546 3]
[112990 7532 3]
[111362 7424 3]
[111226 7415 3]
[110920 7394 3]
[110205 7347 3]
[109758 7317 3]
[109046 7269 3]
[106254 7083 3]
[105649 7043 3]
[105193 7012 3]
[103830 6922 3]
[103240 6882 3]
[103108 6873 3]
[102129 6808 3]
[100657 6710 3]
[100414 6694 3]
[99069 6604 3]
[98912 6594 3]
[98688 6579 3]
[98405 6560 3]
[98218 6547 3]
[95900 6393 3]
[95570 6371 3]
[94649 6309 3]
[92710 6180 3]
[92497 6166 3]
[91035 6069 3]
[90768 6051 3]
[90637 6042 3]
[90516 6034 3]
[88876 5925 3]
[88464 5897 3]
[88209 5880 3]
[87125 5808 3]
[86774 5784 3]
[85106 5673 3]
[83011 5534 3]
[82931 5528 3]
[82736 5515 3]
[80681 5378 3]
[80060 5337 3]
[79744 5316 3]
[79632 5308 3]
[79313 5287 3]
[78962 5264 3]
[78627 5241 3]
[77925 5195 3]
[77479 5165 3]
[77129 5141 3]
[77099 5139 3]
[76813 5120 3]
[76716 5114 3]
[75861 5057 3]
[75854 5056 3]
[75508 5033 3]
[73919 4927 3]
[72875 4858 3]
[71142 4742 3]
[70656 4710 3]
[70489 4699 3]
[70475 4698 3]
[69378 4625 3]
[69320 4621 3]
[69271 4618 3]
[68118 4541 3]
[67993 4532 3]
[67574 4504 3]
[67325 4488 3]
[67219 4481 3]
[66956 4463 3]
[65765 4384 3]
[65753 4383 3]
[64978 4331 3]
[64148 4276 3]
[64063 4270 3]
[63087 4205 3]
[62708 4180 3]
[60680 4045 3]
[59951 3996 3]
[58082 3872 3]
[55819 3721 3]
[55273 3684 3]
[54761 3650 3]
[54511 3634 3]
[54296 3619 3]
[52957 3530 3]
[50564 3370 3]
[50323 3354 3]
[50101 3340 3]
[49501 3300 3]
[48167 3211 3]
[48001 3200 3]
[44897 2993 2]
[44646 2976 2]
[43866 2924 2]
[43545 2903 2]
[43019 2867 2]
[41682 2778 2]
[41489 2765 2]
[39821 2654 2]
[39231 2615 2]
[38794 2586 2]
[38663 2577 2]
[38146 2543 2]
[36821 2454 2]
[36765 2451 2]
[36348 2423 2]
[35969 2397 2]
[29102 1940 2]
[28314 1887 2]
[28123 1874 2]
[27899 1859 2]
[27430 1828 2]
[26284 1752 2]
[26221 1748 2]
[25943 1729 2]
[25615 1707 2]
[25048 1669 2]
[22093 1472 2]
[21233 1415 2]
[16855 1123 2]
[16598 1106 2]
[16586 1105 2]
[16010 1067 2]
[15780 1052 2]
[14305 953 2]
[12980 865 2]
[12806 853 2]
[12324 821 2]
[12219 814 2]
[11757 783 2]
[11162 744 2]
[10829 722 2]
[8361 557 2]
[7339 489 2]
[5362 357 2]
[5266 351 2]
[4891 326 2]
[15 1 253]
[36 2 131]
[55 3 59]
[61 4 22]
[154 10 20]
[174 11 13]
[222 14 11]
[275 18 10]
[293 19 10]
[875 58 10]
[1121 74 5]
[1415 94 4]
[1615 107 4]
[1631 108 4]
[3983 265 4]
[4247 283 4]
[4499 299 4]
[5393 359 3]
[5393 359 3]
[149998 9999 189]
[149959 9997 180]
[149950 9996 113]
[149912 9994 78]
[149899 9993 78]
[149854 9990 41]
[149829 9988 28]
[149811 9987 25]
[149758 9983 25]
[149701 9980 14]
[149678 9978 14]
[149355 9957 11]
[149346 9956 11]
[148853 9923 7]
[148687 9912 7]
[148605 9907 7]
[148584 9905 5]
[147821 9854 5]
[147806 9853 5]
[147453 9830 5]
[146925 9795 5]
[146491 9766 5]
[146317 9754 5]
[146263 9750 5]
[146111 9740 5]
[145772 9718 5]
[144976 9665 5]
[144805 9653 5]
[144717 9647 4]
[143841 9589 4]
[143460 9564 4]
[143085 9539 4]
[142202 9480 4]
[142131 9475 4]
[141962 9464 4]
[140964 9397 4]
[140811 9387 4]
[140789 9386 4]
[139691 9312 4]
[136560 9104 4]
[135986 9065 4]
[135811 9054 4]
[135422 9028 4]
[134616 8974 4]
[134365 8957 4]
[132610 8840 4]
[132016 8801 4]
[131708 8780 4]
[131420 8761 4]
[130890 8726 4]
[130297 8686 4]
[128605 8573 4]
[127496 8499 4]
[127487 8499 4]
[126434 8428 4]
[124569 8304 4]
[124324 8288 4]
[123881 8258 4]
[122964 8197 4]
[122846 8189 4]
[121100 8073 4]
[120995 8066 4]
[120320 8021 4]
[119654 7976 4]
[118773 7918 4]
[118053 7870 4]
[117697 7846 4]
[117093 7806 4]
[116945 7796 4]
[116527 7768 4]
[115634 7708 4]
[114624 7641 4]
[114558 7637 4]
[114184 7612 4]
[113957 7597 4]
[113462 7564 4]
[113350 7556 4]
[113011 7534 4]
[112811 7520 4]
[112278 7485 4]
[111600 7440 4]
[111390 7426 4]
[111190 7412 4]
[110994 7399 4]
[110944 7396 4]
[109836 7322 4]
[109760 7317 4]
[109602 7306 4]
[109538 7302 4]
[109346 7289 4]
[109204 7280 4]
[108896 7259 4]
[107946 7196 4]
[107522 7168 4]
[105342 7022 4]
[105265 7017 4]
[105002 7000 4]
[103020 6868 4]
[101055 6737 4]
[100938 6729 4]
[100407 6693 4]
[99517 6634 4]
[97507 6500 4]
[97295 6486 4]
[96685 6445 4]
[96490 6432 4]
[96224 6414 4]
[96104 6406 4]
[95243 6349 4]
[94217 6281 4]
[94042 6269 4]
[93165 6211 4]
[92474 6164 4]
[92230 6148 4]
[90944 6062 4]
[90535 6035 4]
[88068 5871 4]
[83550 5570 4]
[79206 5280 4]
[79134 5275 4]
[78840 5256 4]
[78714 5247 4]
[77864 5190 4]
[76803 5120 4]
[76788 5119 4]
[75866 5057 3]
[44904 2993 3]
[40296 2686 3]
[40120 2674 3]
[39274 2618 3]
[38020 2534 3]
[37575 2505 3]
[35473 2364 3]
[32613 2174 3]
[32190 2146 3]
[30255 2017 3]
[28018 1867 3]
[26867 1791 3]
[26179 1745 3]
[22143 1476 3]
[21921 1461 3]
[20562 1370 3]
[19100 1273 3]
[18835 1255 3]
[17141 1142 3]
[15915 1061 3]
[15063 1004 3]
[14865 991 3]
[14528 968 3]
[13812 920 3]
[13714 914 3]
[13212 880 3]
[12528 835 3]
[11490 766 3]
[11118 741 3]
[10655 710 3]
[8422 561 3]
[7594 506 3]
[6530 435 3]
[27 1 357]
[34 2 159]
[47 3 128]
[62 4 59]
[103 6 30]
[124 8 29]
[230 15 27]
[264 17 24]
[418 27 13]
[420 28 13]
[438 29 13]
[889 59 12]
[1327 88 10]
[1458 97 9]
[1521 101 7]
[1690 112 5]
[2632 175 5]
[2686 179 5]
[2933 195 5]
[5483 365 5]
[5609 373 5]
[6173 411 4]
[6173 411 4]
[149988 9999 238]
[149969 9998 224]
[149940 9996 126]
[149916 9994 104]
[149838 9989 46]
[149802 9986 27]
[149673 9978 22]
[149592 9972 18]
[149505 9967 15]
[149251 9950 15]
[148770 9918 8]
[148389 9892 6]
[146803 9786 6]
[146347 9756 6]
[145792 9719 6]
[144325 9621 5]
[142514 9501 5]
[142306 9487 5]
[140925 9395 5]
[139747 9316 5]
[138777 9251 5]
[137331 9155 5]
[136728 9115 5]
[136261 9084 5]
[136220 9081 5]
[135372 9024 5]
[133316 8887 5]
[132466 8831 5]
[132063 8804 5]
[131762 8784 5]
[131485 8765 5]
[127990 8532 5]
[127784 8518 5]
[127675 8511 5]
[127079 8471 5]
[127007 8467 5]
[126381 8425 5]
[126186 8412 5]
[125073 8338 5]
[124844 8322 5]
[124546 8303 5]
[124539 8302 5]
[123097 8206 5]
[122791 8186 5]
[122549 8169 5]
[122122 8141 5]
[122068 8137 5]
[121918 8127 5]
[121749 8116 5]
[121267 8084 5]
[120858 8057 5]
[120676 8045 5]
[117324 7821 5]
[117216 7814 5]
[116584 7772 5]
[116254 7750 5]
[115791 7719 5]
[115718 7714 5]
[114193 7612 4]
[75490 5032 4]
[74927 4995 4]
[74741 4982 4]
[74631 4975 4]
[73332 4888 4]
[73067 4871 4]
[72385 4825 4]
[71308 4753 4]
[70751 4716 4]
[70467 4697 4]
[70185 4679 4]
[69356 4623 4]
[68312 4554 4]
[65959 4397 4]
[65545 4369 4]
[64377 4291 4]
[63042 4202 4]
[61803 4120 4]
[61588 4105 4]
[61546 4103 4]
[57287 3819 4]
[56017 3734 4]
[55974 3731 4]
[55694 3712 4]
[55558 3703 4]
[54500 3633 4]
[53684 3578 4]
[53439 3562 4]
[52254 3483 4]
[52072 3471 4]
[51862 3457 4]
[51602 3440 4]
[50194 3346 4]
[49519 3301 4]
[48374 3224 4]
[47462 3164 4]
[45760 3050 4]
[41107 2740 4]
[39970 2664 4]
[39480 2632 4]
[39324 2621 4]
[37942 2529 4]
[36818 2454 4]
[35756 2383 4]
[34791 2319 4]
[33354 2223 4]
[33340 2222 4]
[32919 2194 4]
[31805 2120 4]
[31128 2075 4]
[30220 2014 4]
[30080 2005 4]
[28732 1915 4]
[27450 1830 4]
[26460 1764 4]
[26364 1757 4]
[26125 1741 4]
[24798 1653 4]
[24131 1608 4]
[23350 1556 4]
[22805 1520 4]
[20487 1365 4]
[18943 1262 4]
[18096 1206 4]
[17441 1162 4]
[16683 1112 4]
[16364 1091 4]
[12181 812 4]
[11948 796 4]
[11666 777 4]
[11504 767 4]
[11276 751 4]
[10376 691 4]
[8548 569 4]
[8134 542 4]
[7544 502 4]
[7304 486 4]
[6287 419 4]
[17 1 365]
[38 2 205]
[57 3 153]
[59 4 105]
[91 6 43]
[130 8 32]
[314 20 27]
[319 21 26]
[585 39 23]
[675 45 18]
[691 46 15]
[937 62 15]
[1280 85 14]
[1682 112 6]
[2206 147 6]
[2801 186 6]
[3514 234 6]
[3837 255 6]
[3845 256 6]
[4343 289 6]
[5336 355 6]
[6114 407 6]
[6254 416 5]
[6254 416 5]
[149991 9999 255]
[149978 9998 243]
[149957 9997 226]
[149946 9996 167]
[149909 9994 115]
[149813 9987 64]
[149803 9986 41]
[149754 9983 35]
[149663 9977 23]
[149547 9969 21]
[149470 9964 21]
[149235 9949 18]
[148803 9920 17]
[148760 9917 11]
[148386 9892 11]
[148039 9869 11]
[147970 9864 8]
[147803 9853 7]
[147778 9851 7]
[145103 9673 7]
[143617 9574 7]
[142329 9488 7]
[141783 9452 7]
[141764 9451 6]
[140876 9391 6]
[140840 9389 6]
[140644 9376 6]
[140439 9362 6]
[140216 9347 6]
[139859 9324 6]
[139270 9284 6]
[137338 9155 6]
[136547 9103 6]
[136054 9070 6]
[135771 9051 6]
[135081 9005 6]
[135060 9004 6]
[135035 9002 6]
[134485 8965 6]
[134154 8943 6]
[134053 8936 6]
[133212 8880 6]
[131884 8792 6]
[131436 8762 6]
[131201 8746 6]
[130406 8693 6]
[129962 8664 6]
[129719 8647 6]
[129537 8635 6]
[129132 8608 6]
[127040 8469 6]
[125501 8366 6]
[125332 8355 6]
[125141 8342 6]
[125067 8337 6]
[124293 8286 6]
[124048 8269 6]
[123125 8208 6]
[121936 8129 6]
[120582 8038 6]
[119604 7973 6]
[118686 7912 6]
[118538 7902 6]
[117884 7858 6]
[117832 7855 6]
[115850 7723 6]
[114256 7617 6]
[112057 7470 5]
[110868 7391 5]
[110743 7382 5]
[110046 7336 5]
[109655 7310 5]
[108049 7203 5]
[107024 7134 5]
[106777 7118 5]
[106364 7090 5]
[105644 7042 5]
[105275 7018 5]
[103058 6870 5]
[102879 6858 5]
[102399 6826 5]
[102364 6824 5]
[101299 6753 5]
[99786 6652 5]
[99618 6641 5]
[99177 6611 5]
[98504 6566 5]
[98195 6546 5]
[97677 6511 5]
[97222 6481 5]
[97031 6468 5]
[96501 6433 5]
[96418 6427 5]
[95422 6361 5]
[95373 6358 5]
[93290 6219 5]
[93286 6219 5]
[93141 6209 5]
[91784 6118 5]
[91777 6118 5]
[90999 6066 5]
[88144 5876 5]
[86449 5763 5]
[86015 5734 5]
[83820 5588 5]
[83478 5565 5]
[82857 5523 5]
[82808 5520 5]
[81874 5458 5]
[81862 5457 5]
[81231 5415 5]
[78577 5238 5]
[78558 5237 5]
[78271 5218 5]
[77193 5146 5]
[72571 4838 5]
[71357 4757 5]
[71299 4753 5]
[70429 4695 5]
[70312 4687 5]
[68615 4574 5]
[68213 4547 5]
[64694 4312 5]
[61254 4083 5]
[61193 4079 5]
[59364 3957 5]
[58731 3915 5]
[57582 3838 5]
[57329 3821 5]
[56538 3769 5]
[56408 3760 5]
[54982 3665 5]
[54610 3640 5]
[54354 3623 5]
[54030 3602 5]
[53641 3576 5]
[53176 3545 5]
[52486 3499 5]
[51968 3464 5]
[49883 3325 5]
[49400 3293 5]
[49259 3283 5]
[47390 3159 5]
[45818 3054 5]
[45663 3044 5]
[45630 3042 5]
[45455 3030 5]
[44492 2966 5]
[44087 2939 5]
[41453 2763 5]
[40507 2700 5]
[40081 2672 5]
[39536 2635 5]
[39267 2617 5]
[38958 2597 5]
[38702 2580 5]
[38675 2578 5]
[38605 2573 5]
[38515 2567 5]
[37933 2528 5]
[37455 2497 5]
[37306 2487 5]
[37302 2486 5]
[36379 2425 5]
[35077 2338 5]
[34802 2320 5]
[34102 2273 5]
[32833 2188 5]
[32772 2184 5]
[31330 2088 5]
[30754 2050 5]
[30059 2003 5]
[28368 1891 5]
[27460 1830 5]
[27286 1819 5]
[24005 1600 5]
[23995 1599 5]
[22769 1517 5]
[22013 1467 5]
[21285 1419 5]
[20223 1348 5]
[19872 1324 5]
[19426 1295 5]
[19419 1294 5]
[18765 1251 5]
[18033 1202 5]
[18016 1201 5]
[16627 1108 5]
[15235 1015 5]
[15136 1009 5]
[14812 987 5]
[14589 972 5]
[13922 928 5]
[12937 862 5]
[12120 808 5]
[11317 754 5]
[10911 727 5]
[10075 671 5]
[9600 640 5]
[9473 631 5]
[9225 615 5]
[9169 611 5]
[16 1 451]
[33 2 411]
[53 3 219]
[73 4 188]
[82 5 119]
[93 6 54]
[125 8 46]
[178 11 33]
[491 32 29]
[551 36 27]
[656 43 27]
[871 58 19]
[914 61 16]
[960 64 16]
[1774 118 11]
[1816 121 10]
[1969 131 10]
[2363 157 9]
[2807 187 8]
[3073 204 7]
[3398 226 7]
[4148 276 7]
[4349 289 7]
[6764 450 7]
[7068 471 7]
[7119 474 7]
[7400 493 6]
[7400 493 6]
[149995 9999 257]
[149955 9997 247]
[149943 9996 172]
[149917 9994 152]
[149850 9990 125]
[149812 9987 78]
[149782 9985 44]
[149741 9982 40]
[149664 9977 32]
[149605 9973 30]
[149485 9965 22]
[149061 9937 22]
[148955 9930 20]
[148927 9928 19]
[148762 9917 16]
[148718 9914 14]
[148534 9902 12]
[148069 9871 12]
[147957 9863 12]
[147810 9854 9]
[147230 9815 9]
[147150 9810 9]
[144450 9630 8]
[144410 9627 8]
[143678 9578 8]
[142606 9507 8]
[142294 9486 8]
[141685 9445 7]
[141570 9438 7]
[141393 9426 7]
[140151 9343 7]
[139827 9321 7]
[139522 9301 7]
[139087 9272 7]
[138983 9265 7]
[138317 9221 7]
[138229 9215 7]
[138223 9214 7]
[137656 9177 7]
[135623 9041 7]
[133619 8908 7]
[133537 8902 7]
[133520 8901 7]
[133264 8884 7]
[131203 8746 7]
[129220 8614 7]
[129134 8608 6]
[111751 7450 6]
[110537 7369 6]
[109837 7322 6]
[109616 7307 6]
[109377 7291 6]
[107173 7144 6]
[106815 7121 6]
[106609 7107 6]
[105960 7064 6]
[105816 7054 6]
[104376 6958 6]
[100780 6718 6]
[99437 6629 6]
[97599 6506 6]
[97271 6484 6]
[95668 6377 6]
[95102 6340 6]
[94100 6273 6]
[93768 6251 6]
[93625 6241 6]
[93285 6219 6]
[92200 6146 6]
[91407 6093 6]
[90181 6012 6]
[89023 5934 6]
[85988 5732 6]
[84995 5666 6]
[83913 5594 6]
[82485 5499 6]
[82176 5478 6]
[81256 5417 6]
[80640 5376 6]
[80399 5359 6]
[79528 5301 6]
[77975 5198 6]
[76227 5081 6]
[74999 4999 6]
[72587 4839 6]
[72565 4837 6]
[72557 4837 6]
[71966 4797 6]
[70535 4702 6]
[69944 4662 6]
[69758 4650 6]
[69252 4616 6]
[69040 4602 6]
[68169 4544 6]
[67336 4489 6]
[67213 4480 6]
[67097 4473 6]
[67053 4470 6]
[64557 4303 6]
[64283 4285 6]
[64188 4279 6]
[63707 4247 6]
[62435 4162 6]
[61924 4128 6]
[61855 4123 6]
[60690 4046 6]
[60225 4015 6]
[58029 3868 6]
[57090 3806 6]
[56775 3785 6]
[53621 3574 6]
[52528 3501 6]
[51802 3453 6]
[50614 3374 6]
[50128 3341 6]
[49759 3317 6]
[49168 3277 6]
[48890 3259 6]
[48106 3207 6]
[47468 3164 6]
[46537 3102 6]
[46400 3093 6]
[43517 2901 6]
[42866 2857 6]
[42132 2808 6]
[39696 2646 6]
[38346 2556 6]
[36961 2464 6]
[36812 2454 6]
[35565 2371 6]
[35115 2341 6]
[34186 2279 6]
[33651 2243 6]
[32825 2188 6]
[32674 2178 6]
[31585 2105 6]
[31540 2102 6]
[30818 2054 6]
[30417 2027 6]
[30087 2005 6]
[28174 1878 6]
[27270 1818 6]
[25438 1695 6]
[25102 1673 6]
[24580 1638 6]
[24013 1600 6]
[23675 1578 6]
[22822 1521 6]
[21959 1463 6]
[20341 1356 6]
[19709 1314 6]
[19574 1305 6]
[19475 1298 6]
[16621 1108 6]
[16576 1105 6]
[15894 1059 6]
[14456 963 6]
[14188 945 6]
[14039 936 6]
[13110 874 6]
[12944 863 6]
[12384 825 6]
[12295 819 6]
[11917 794 6]
[11569 771 6]
[11057 737 6]
[10986 732 6]
[10836 722 6]
[10620 708 6]
[10183 678 6]
[9642 642 6]
[8678 578 6]
[7701 513 6]
[7643 509 6]
[7565 504 6]
[26 1 470]
[48 3 261]
[63 4 230]
[75 5 152]
[117 7 62]
[220 14 51]
[229 15 36]
[240 16 35]
[360 24 34]
[495 33 33]
[685 45 29]
[884 59 26]
[904 60 22]
[1055 70 21]
[1381 92 19]
[1480 98 18]
[1824 121 14]
[2326 155 12]
[2758 183 11]
[2916 194 11]
[3146 209 11]
[3551 236 8]
[4034 268 8]
[4375 291 8]
[5280 352 8]
[5562 370 8]
[7423 494 8]
[7731 515 8]
[8087 539 7]
[8244 549 7]
[8352 556 7]
[9990 666 7]
[10107 673 7]
[10124 675 7]
[11661 777 7]
[15589 1039 7]
[16630 1108 6]
[16630 1108 6]
[149990 9999 346]
[149976 9998 312]
[149967 9997 309]
[149947 9996 184]
[149897 9993 177]
[149853 9990 129]
[149799 9986 87]
[149753 9983 52]
[149685 9979 44]
[149607 9973 43]
[149480 9965 23]
[148801 9920 21]
[148364 9891 18]
[148275 9885 16]
[148215 9881 15]
[147851 9856 14]
[147785 9852 14]
[147720 9848 12]
[147405 9827 11]
[146243 9749 10]
[145687 9712 10]
[144818 9654 10]
[144172 9611 9]
[143063 9537 9]
[141673 9444 9]
[141614 9441 8]
[140741 9382 8]
[140619 9374 8]
[138961 9264 8]
[138495 9233 8]
[137692 9179 8]
[137301 9153 8]
[136805 9120 8]
[136471 9098 8]
[134325 8955 8]
[133989 8932 8]
[133378 8891 8]
[133205 8880 8]
[131939 8796 8]
[130632 8708 8]
[130444 8696 8]
[130328 8688 8]
[129663 8644 8]
[129530 8635 8]
[128792 8586 7]
[128660 8577 7]
[127748 8516 7]
[127619 8507 7]
[126861 8457 7]
[125219 8347 7]
[125129 8341 7]
[124353 8290 7]
[124219 8281 7]
[124086 8272 7]
[122472 8164 7]
[121230 8082 7]
[120682 8045 7]
[120038 8002 7]
[119227 7948 7]
[118795 7919 7]
[117119 7807 7]
[116793 7786 7]
[116209 7747 7]
[115796 7719 7]
[115404 7693 7]
[114603 7640 7]
[112584 7505 7]
[111805 7453 7]
[111361 7424 7]
[110430 7362 7]
[110113 7340 7]
[109212 7280 7]
[109018 7267 7]
[108798 7253 7]
[108379 7225 7]
[107927 7195 7]
[107748 7183 7]
[106833 7122 7]
[105854 7056 7]
[105384 7025 7]
[105011 7000 7]
[104242 6949 7]
[103872 6924 7]
[103268 6884 7]
[103067 6871 7]
[102823 6854 7]
[101764 6784 7]
[101509 6767 7]
[100644 6709 7]
[100565 6704 7]
[99297 6619 7]
[96481 6432 7]
[95111 6340 7]
[94542 6302 7]
[94012 6267 7]
[93226 6215 7]
[92408 6160 7]
[92033 6135 7]
[91911 6127 7]
[91455 6097 7]
[91123 6074 7]
[91040 6069 7]
[87953 5863 7]
[87818 5854 7]
[82909 5527 7]
[79457 5297 7]
[78652 5243 7]
[77718 5181 7]
[77424 5161 7]
[75713 5047 7]
[75226 5015 7]
[75199 5013 7]
[74363 4957 7]
[73527 4901 7]
[72382 4825 7]
[71295 4753 7]
[71281 4752 7]
[70134 4675 7]
[70001 4666 7]
[69975 4665 7]
[69490 4632 7]
[68393 4559 7]
[68381 4558 7]
[67928 4528 7]
[67082 4472 7]
[67071 4471 7]
[65273 4351 7]
[63965 4264 7]
[62693 4179 7]
[62160 4144 7]
[59814 3987 7]
[58855 3923 7]
[58652 3910 7]
[57281 3818 7]
[57244 3816 7]
[56084 3738 7]
[55599 3706 7]
[55461 3697 7]
[52551 3503 7]
[52146 3476 7]
[50848 3389 7]
[50245 3349 7]
[49928 3328 7]
[49106 3273 7]
[48716 3247 7]
[47663 3177 7]
[45792 3052 7]
[45227 3015 7]
[44744 2982 7]
[43076 2871 7]
[41450 2763 7]
[41435 2762 7]
[41330 2755 7]
[39815 2654 7]
[39769 2651 7]
[38666 2577 7]
[38111 2540 7]
[36847 2456 7]
[36319 2421 7]
[36123 2408 7]
[34939 2329 7]
[34049 2269 7]
[33246 2216 7]
[33184 2212 7]
[32633 2175 7]
[31898 2126 7]
[31726 2115 7]
[30760 2050 7]
[30708 2047 7]
[29551 1970 7]
[28988 1932 7]
[28786 1919 7]
[27127 1808 7]
[26349 1756 7]
[25836 1722 7]
[25758 1717 7]
[24513 1634 7]
[24154 1610 7]
[23192 1546 7]
[23084 1538 7]
[22856 1523 7]
[20409 1360 7]
[20384 1359 7]
[19890 1326 7]
[19546 1303 7]
[18078 1205 7]
[17702 1180 7]
[17014 1134 7]
[16973 1131 7]

Clientes con datos corruptos:


Id: 0 Datos: 0,238 (Algun dato es un entero negativo.)
Id: 1 Datos: 0,674 (Algun dato es un entero negativo.)
Id: 2 Datos: 0,180 (Algun dato es un entero negativo.)
Id: 3 Datos: 0,48 (Algun dato es un entero negativo.)
Id: 4 Datos: 0,282 (Algun dato es un entero negativo.)
Id: 5 Datos: 0,18 (Algun dato es un entero negativo.)
Id: 6 Datos: 0,401 (Algun dato es un entero negativo.)
Id: 7 Datos: 0,641 (Algun dato es un entero negativo.)
Id: 8 Datos: 0,275 (Algun dato es un entero negativo.)
Id: 9 Datos: 0,611 (Algun dato es un entero negativo.)
Id: 10 Datos: 0,84 (Algun dato es un entero negativo.)
Id: 11 Datos: 0,149 (Algun dato es un entero negativo.)
Id: 12 Datos: 0,308 (Algun dato es un entero negativo.)
Id: 13 Datos: 0,326 (Algun dato es un entero negativo.)
Id: 14 Datos: 0,544 (Algun dato es un entero negativo.)
