Clientes sospechosos:


[0 1 373]
[1 2 196]
[3 4 180]
[6 7 63]
[11 13 60]
[23 26 12]
[59 66 9]
[307 342 8]
[684 761 3]
[939 1044 3]
[986 1096 3]
[1581 1757 2]
[8999 10000 287]
[8997 9997 110]
[8993 9993 98]
[8977 9975 77]
[8960 9956 19]
[8956 9952 6]
[8932 9925 2]
[8600 9556 2]
[8326 9252 2]
[8289 9211 1]
[8180 9090 1]
[7072 7858 1]
[5760 6401 1]
[2003 2226 1]
[1664 1849 1]
[2 3 603]
[4 5 431]
[5 6 202]
[10 12 96]
[25 28 89]
[30 34 26]
[80 90 19]
[94 105 14]
[184 205 13]
[195 217 11]
[473 526 9]
[773 859 9]
[871 968 7]
[941 1046 6]
[992 1103 4]
[1359 1511 4]
[1407 1564 4]
[1459 1622 4]
[1547 1719 4]
[2172 2414 3]
[2176 2418 3]
[8998 9998 666]
[8996 9996 477]
[8995 9995 306]
[8991 9991 128]
[8954 9950 45]
[8889 9877 10]
[8504 9450 10]
[8262 9181 5]
[8140 9045 4]
[7721 8580 3]
[7120 7912 3]
[7025 7806 2]
[6141 6824 2]
[5981 6646 2]
[5514 6127 2]
[5067 5631 2]
[4876 5418 2]
[3700 4112 2]
[2899 3222 2]
[7 8 735]
[8 9 239]
[19 22 210]
[20 23 174]
[21 24 151]
[27 31 113]
[34 38 58]
[71 80 46]
[89 100 23]
[171 191 16]
[245 273 15]
[548 609 10]
[865 962 10]
[1207 1342 6]
[1954 2172 6]
[2129 2366 6]
[2822 3136 4]
[3613 4015 4]
[8994 9994 764]
[8992 9992 655]
[8990 9990 351]
[8989 9988 300]
[8985 9984 206]
[8982 9981 198]
[8952 9947 72]
[8937 9931 50]
[8919 9911 50]
[8881 9868 27]
[8872 9858 13]
[8870 9856 13]
[8485 9428 13]
[8279 9200 13]
[8246 9163 8]
[7748 8610 5]
[7030 7812 4]
[6941 7713 4]
[6873 7637 3]
[6567 7297 3]
[6044 6716 3]
[5846 6496 3]
[4913 5460 3]
[4576 5085 3]
[4299 4777 3]

Clientes con datos corruptos:


