Clientes sospechosos:


[1045 3486 1]
[2144 7149 1]
[2712 9043 1]
[651 2173 2]
[810 2703 2]
[415 1386 3]
[2871 9573 4]
[2917 9726 8]
[276 923 9]
[346 1156 9]
[2936 9789 13]
[138 463 14]
[2993 9980 20]
[71 240 21]
[19 66 28]
[18 63 30]
[4 16 51]
[2994 9983 199]
[2995 9986 321]
[2997 9993 374]
[2998 9996 397]
[2999 10000 408]
[3 13 437]
[0 3 628]
[1704 5683 2]
[1792 5976 2]
[1962 6543 2]
[2241 7473 2]
[2338 7796 2]
[2679 8933 3]
[1517 5059 4]
[422 1409 5]
[1174 3916 5]
[2857 9526 11]
[309 1033 13]
[144 483 18]
[295 986 18]
[2947 9826 21]
[2970 9903 22]
[93 313 43]
[36 123 44]
[75 253 44]
[2976 9923 63]
[32 109 64]
[22 76 92]
[8 29 95]
[2992 9976 131]
[7 26 204]
[6 23 398]
[5 20 463]
[2996 9990 652]
[1 6 656]

Clientes con datos corruptos:


