Clientes sospechosos:


[0 2 163]
[3 8 42]
[30 62 3]
[279 560 2]
[547 1096 1]
[4999 10000 269]
[4996 9994 151]
[4985 9972 116]
[4980 9962 112]
[4972 9946 73]
[4956 9914 43]
[4933 9868 11]
[4916 9834 1]
[1 4 455]
[5 12 391]
[7 16 157]
[11 24 70]
[40 82 26]
[56 114 10]
[64 130 5]
[285 572 2]
[596 1194 1]
[4998 9998 677]
[4997 9996 523]
[4995 9992 446]
[4994 9990 263]
[4989 9980 238]
[4983 9968 160]
[4971 9944 118]
[4955 9912 76]
[4953 9908 54]
[4918 9838 24]
[4783 9568 19]
[4733 9468 17]
[4708 9418 3]
[4477 8956 1]
[2 6 639]
[6 14 549]
[8 18 529]
[9 20 228]
[13 28 147]
[25 52 101]
[57 116 49]
[59 120 39]
[91 184 21]
[211 424 7]
[248 498 5]
[485 972 4]
[942 1886 1]
[4993 9988 417]
[4990 9982 331]
[4974 9950 284]
[4964 9930 181]
[4954 9910 166]
[4949 9900 163]
[4948 9898 83]
[4930 9862 70]
[4914 9830 30]
[4717 9436 27]
[4692 9386 24]
[4657 9316 8]
[4236 8474 4]
[3249 6500 3]
[3039 6080 2]
[2940 5882 1]

Clientes con datos corruptos:


