Clientes sospechosos:


[0 1 752]
[1 2 339]
[2 3 267]
[11 12 115]
[16 17 34]
[35 36 15]
[59 60 13]
[105 106 3]
[373 374 2]
[616 617 1]
[9999 10000 146]
[9988 9989 5]
[9579 9580 1]
[3 4 406]
[4 5 405]
[6 7 277]
[13 14 257]
[18 19 129]
[23 24 88]
[54 55 17]
[121 122 12]
[189 190 5]
[472 473 4]
[832 833 2]
[1388 1389 1]
[1388 1389 1]
[9998 9999 597]
[9997 9998 393]
[9992 9993 261]
[9987 9988 212]
[9977 9978 148]
[9965 9966 81]
[9956 9957 78]
[9929 9930 19]
[9916 9917 10]
[9544 9545 2]
[8525 8526 1]
[5 6 612]
[7 8 572]
[8 9 295]
[21 22 208]
[24 25 161]
[42 43 113]
[52 53 96]
[112 113 45]
[129 130 41]
[133 134 21]
[165 166 18]
[173 174 12]
[219 220 5]
[548 549 4]
[1603 1604 3]
[1626 1627 2]
[2424 2425 1]
[2424 2425 1]
[9996 9997 723]
[9995 9996 633]
[9993 9994 413]
[9991 9992 345]
[9986 9987 317]
[9982 9983 217]
[9964 9965 134]
[9962 9963 94]
[9928 9929 33]
[9902 9903 25]
[9898 9899 17]
[9865 9866 14]
[9790 9791 12]
[9755 9756 10]
[9458 9459 8]
[9354 9355 5]
[9284 9285 4]
[9238 9239 3]
[8369 8370 1]
[9 10 468]
[12 13 324]
[20 21 300]
[27 28 271]
[29 30 165]
[31 32 162]
[48 49 149]
[62 63 144]
[70 71 105]
[126 127 94]
[132 133 87]
[137 138 41]
[150 151 36]
[184 185 16]
[246 247 5]
[1631 1632 2]
[3455 3456 1]
[3455 3456 1]
[9994 9995 762]
[9990 9991 587]
[9985 9986 351]
[9983 9984 323]
[9975 9976 246]
[9971 9972 232]
[9963 9964 174]
[9950 9951 139]
[9935 9936 132]
[9934 9935 117]
[9920 9921 81]
[9882 9883 77]
[9866 9867 42]
[9848 9849 26]
[9686 9687 22]
[9495 9496 17]
[9371 9372 15]
[9233 9234 8]
[9168 9169 6]
[9144 9145 3]
[7793 7794 1]

Clientes con datos corruptos:


