10001
0,691
0,577
0,649
0,473
0,119
0,13
0,759
0,614
0,769
0,447
0,798
0,647
0,527
0,656
0,318
0,628
0,134
0,676
0,133
0,795
0,8
0,794
0,568
0,746
0,112
0,679
0,339
0,484
0,536
0,293
0,780
0,559
0,393
0,692
0,722
0,109
0,515
0,137
0,204
0,40
0,636
0,667
0,203
0,219
0,473
0,46
0,526
0,31
0,572
0,567
0,259
0,537
0,336
0,420
0,550
0,591
0,12
0,348
0,237
0,234
0,153
0,586
0,242
0,427
0,320
0,537
0,653
0,397
0,365
0,779
0,255
0,91
0,337
0,504
0,732
0,258
0,280
0,243
0,73
0,580
0,734
0,545
0,585
0,530
0,45
0,54
0,496
0,395
0,565
0,460
0,277
0,204
0,381
0,288
0,391
0,713
0,414
0,339
0,207
0,557
0,176
0,509
0,249
0,525
0,291
0,667
0,212
0,737
0,191
0,800
0,460
0,596
0,677
0,633
0,652
0,657
0,580
0,736
0,54
0,94
0,85
0,161
0,83
0,774
0,87
0,299
0,211
0,343
0,314
0,160
0,346
0,484
0,207
0,537
0,293
0,762
0,383
0,499
0,513
0,306
0,181
0,376
0,713
0,227
0,309
0,201
0,513
0,399
0,109
0,581
0,764
0,523
0,128
0,577
0,256
0,154
0,60
0,479
0,555
0,731
0,508
0,183
0,301
0,644
0,52
0,437
0,360
0,411
0,367
0,320
0,674
0,648
0,385
0,98
0,526
0,21
0,639
0,765
0,294
0,434
0,398
0,194
0,455
0,44
0,399
0,54
0,400
0,436
0,340
0,713
0,197
0,453
0,492
0,399
0,439
0,581
0,22
0,450
0,383
0,792
0,477
0,760
0,619
0,624
0,133
0,726
0,411
0,503
0,440
0,166
0,770
0,443
0,297
0,284
0,636
0,170
0,262
0,794
0,539
0,240
0,153
0,573
0,72
0,526
0,327
0,496
0,536
0,11
0,326
0,5
0,548
0,267
0,633
0,700
0,276
0,229
0,379
0,11
0,438
0,348
0,301
0,562
0,133
0,307
0,622
0,277
0,495
0,193
0,446
0,492
0,335
0,372
0,442
0,783
0,520
0,280
0,798
0,750
0,640
0,128
0,454
0,428
0,190
0,162
0,648
0,212
0,499
0,740
0,737
0,665
0,779
0,362
0,489
0,615
0,558
0,706
0,433
0,330
0,689
0,4
0,148
0,178
0,114
0,68
0,196
0,83
0,333
0,637
0,568
0,709
0,549
0,303
0,360
0,659
0,90
0,495
0,633
0,495
0,186
0,266
0,707
0,120
0,58
0,452
0,603
0,683
0,580
0,726
0,721
0,339
0,143
0,727
0,746
0,254
0,477
0,648
0,188
0,289
0,800
0,386
0,736
0,483
0,273
0,582
0,241
0,359
0,163
0,699
0,7
0,10
0,799
0,701
0,314
0,493
0,288
0,6
0,232
0,204
0,454
0,452
0,287
0,763
0,240
0,739
0,101
0,731
0,524
0,569
0,501
0,359
0,348
0,657
0,793
0,636
0,708
0,394
0,524
0,30
0,559
0,552
0,703
0,428
0,683
0,475
0,136
0,349
0,22
0,68
0,611
0,84
0,534
0,577
0,626
0,424
0,419
0,697
0,669
0,67
0,277
0,269
0,665
0,254
0,589
0,799
0,384
0,667
0,505
0,642
0,442
0,525
0,555
0,497
0,174
0,757
0,786
0,301
0,736
0,262
0,493
0,110
0,80
0,490
0,634
0,594
0,608
0,134
0,367
0,766
0,204
0,609
0,90
0,26
0,786
0,205
0,565
0,55
0,458
0,103
0,337
0,414
0,20
0,362
0,49
0,574
0,601
0,488
0,178
0,332
0,694
0,584
0,762
0,613
0,139
0,433
0,404
0,406
0,158
0,95
0,17
0,440
0,265
0,627
0,278
0,402
0,476
0,173
0,792
0,238
0,630
0,589
0,171
0,273
0,657
0,436
0,454
0,343
0,701
0,530
0,572
0,704
0,442
0,201
0,260
0,241
0,505
0,760
0,697
0,518
0,142
0,723
0,539
0,174
0,526
0,152
0,132
0,499
0,393
0,312
0,302
0,604
0,735
0,171
0,738
0,170
0,306
0,134
0,196
0,607
0,530
0,350
0,642
0,694
0,692
0,302
0,734
0,416
0,772
0,140
0,337
0,45
0,47
0,456
0,735
0,4
0,482
0,621
0,338
0,405
0,764
0,36
0,293
0,135
0,188
0,589
0,401
0,733
0,57
0,48
0,4
0,543
0,97
0,110
0,142
0,466
0,270
0,340
0,391
0,492
0,665
0,54
0,292
0,508
0,662
0,168
0,36
0,777
0,553
0,705
0,800
0,649
0,122
0,477
0,766
0,6
0,738
0,360
0,222
0,775
0,519
0,88
0,407
0,624
0,563
0,604
0,228
0,625
0,550
0,595
0,241
0,337
0,497
0,382
0,41
0,237
0,563
0,581
0,94
0,776
0,196
0,358
0,255
0,248
0,636
0,754
0,579
0,666
0,629
0,74
0,439
0,594
0,4
0,193
0,230
0,147
0,55
0,200
0,775
0,366
0,482
0,137
0,247
0,701
0,228
0,791
0,544
0,171
0,790
0,683
0,177
0,541
0,207
0,246
0,96
0,562
0,47
0,31
0,82
0,713
0,150
0,674
0,328
0,672
0,106
0,450
0,85
0,556
0,68
0,775
0,298
0,624
0,626
0,592
0,460
0,597
0,322
0,726
0,211
0,260
0,137
0,335
0,766
0,704
0,434
0,591
0,391
0,541
0,593
0,584
0,767
0,768
0,202
0,352
0,676
0,574
0,283
0,601
0,467
0,172
0,76
0,256
0,72
0,227
0,184
0,501
0,774
0,476
0,400
0,394
0,675
0,63
0,225
0,690
0,145
0,4
0,78
0,207
0,99
0,177
0,547
0,663
0,314
0,356
0,245
0,429
0,51
0,455
0,642
0,560
0,50
0,314
0,335
0,554
0,450
0,245
0,633
0,288
0,64
0,2
0,504
0,355
0,755
0,353
0,390
0,1
0,1
0,724
0,602
0,541
0,697
0,156
0,348
0,354
0,629
0,573
0,462
0,251
0,69
0,355
0,119
0,325
0,579
0,430
0,93
0,507
0,582
0,541
0,756
0,220
0,331
0,25
0,147
0,513
0,231
0,112
0,763
0,40
0,11
0,705
0,40
0,306
0,391
0,107
0,131
0,445
0,96
0,569
0,113
0,273
0,466
0,502
0,461
0,93
0,767
0,617
0,798
0,217
0,737
0,525
0,671
0,169
0,649
0,763
0,775
0,96
0,614
0,139
0,752
0,705
0,647
0,783
0,304
0,725
0,542
0,255
0,659
0,686
0,414
0,623
0,94
0,548
0,768
0,212
0,8
0,569
0,788
0,350
0,699
0,785
0,22
0,97
0,472
0,382
0,109
0,173
0,421
0,252
0,511
0,445
0,127
0,438
0,560
0,406
0,287
0,564
0,280
0,69
0,457
0,657
0,50
0,615
0,89
0,216
0,556
0,191
0,476
0,285
0,572
0,611
0,61
0,255
0,699
0,8
0,649
0,34
0,160
0,529
0,563
0,437
0,796
0,254
0,295
0,39
0,580
0,666
0,374
0,176
0,131
0,314
0,345
0,26
0,675
0,305
0,736
0,391
0,742
0,236
0,339
0,308
0,699
0,606
0,166
0,146
0,707
0,3
0,331
0,2
0,759
0,796
0,384
0,596
0,383
0,610
0,189
0,273
0,712
0,321
0,747
0,135
0,229
0,503
0,165
0,615
0,217
0,608
0,374
0,52
0,233
0,332
0,408
0,359
0,294
0,301
0,125
0,196
0,781
0,373
0,510
0,220
0,713
0,407
0,22
0,361
0,191
0,769
0,349
0,490
0,527
0,21
0,694
0,75
0,338
0,547
0,519
0,663
0,496
0,268
0,7
0,127
0,2
0,360
0,19
0,719
0,723
0,739
0,278
0,497
0,572
0,511
0,277
0,449
0,621
0,39
0,35
0,31
0,118
0,406
0,798
0,635
0,556
0,336
0,515
0,130
0,74
0,204
0,696
0,490
0,678
0,739
0,460
0,585
0,162
0,789
0,608
0,349
0,684
0,572
0,209
0,633
0,566
0,54
0,456
0,432
0,423
0,187
0,253
0,165
0,205
0,414
0,734
0,261
0,688
0,781
0,427
0,171
0,123
0,332
0,8
0,358
0,513
0,54
0,532
0,123
0,429
0,385
0,700
0,800
0,304
0,784
0,149
0,620
0,201
0,243
0,228
0,266
0,341
0,743
0,435
0,571
0,410
0,704
0,1
0,146
0,364
0,639
0,474
0,42
0,459
0,340
0,120
0,137
0,581
0,505
0,157
0,54
0,793
0,505
0,684
0,727
0,634
0,15
0,181
0,443
0,192
0,668
0,374
0,161
0,427
0,769
0,330
0,289
0,576
0,607
0,782
0,99
0,567
0,792
0,634
0,4
0,364
0,636
0,381
0,766
0,341
0,517
0,562
0,395
0,793
0,3
0,602
0,200
0,143
0,493
0,452
0,596
0,245
0,219
0,297
0,402
0,303
0,73
0,730
0,186
0,602
0,273
0,671
0,182
0,424
0,142
0,322
0,569
0,250
0,481
0,560
0,319
0,366
0,327
0,619
0,156
0,579
0,727
0,526
0,423
0,209
0,552
0,775
0,419
0,182
0,639
0,61
0,715
0,710
0,187
0,727
0,137
0,9
0,674
0,363
0,517
0,393
0,239
0,504
0,138
0,477
0,39
0,572
0,666
0,799
0,655
0,607
0,230
0,586
0,422
0,341
0,441
0,422
0,164
0,442
0,636
0,455
0,675
0,219
0,629
0,449
0,739
0,775
0,422
0,112
0,604
0,331
0,502
0,62
0,507
0,396
0,42
0,370
0,225
0,417
0,735
0,789
0,782
0,565
0,77
0,603
0,231
0,528
0,457
0,467
0,261
0,624
0,492
0,468
0,25
0,248
0,41
0,730
0,33
0,341
0,106
0,792
0,278
0,110
0,622
0,144
0,67
0,777
0,179
0,643
0,360
0,305
0,379
0,538
0,28
0,454
0,215
0,641
0,394
0,748
0,544
0,630
0,662
0,584
0,696
0,300
0,294
0,377
0,774
0,109
0,621
0,564
0,431
0,658
0,337
0,178
0,466
0,668
0,568
0,295
0,449
0,416
0,19
0,195
0,438
0,346
0,224
0,507
0,108
0,405
0,149
0,218
0,359
0,85
0,600
0,479
0,154
0,216
0,540
0,425
0,348
0,41
0,683
0,716
0,407
0,625
0,244
0,41
0,137
0,177
0,409
0,771
0,800
0,35
0,282
0,321
0,600
0,658
0,389
0,195
0,256
0,561
0,235
0,701
0,654
0,191
0,246
0,373
0,110
0,396
0,229
0,426
0,338
0,220
0,799
0,451
0,593
0,479
0,86
0,511
0,268
0,719
0,363
0,710
0,659
0,90
0,387
0,327
0,667
0,702
0,407
0,575
0,479
0,205
0,791
0,79
0,194
0,786
0,34
0,238
0,486
0,49
0,781
0,666
0,539
0,523
0,525
0,671
0,693
0,448
0,179
0,590
0,630
0,246
0,609
0,205
0,173
0,637
0,177
0,200
0,418
0,541
0,103
0,453
0,8
0,138
0,256
0,545
0,64
0,682
0,191
0,164
0,414
0,732
0,127
0,315
0,527
0,756
0,772
0,576
0,540
0,568
0,62
0,153
0,554
0,405
0,351
0,445
0,48
0,618
0,354
0,599
0,470
0,112
0,117
0,739
0,176
0,729
0,71
0,175
0,189
0,761
0,459
0,767
0,582
0,275
0,253
0,257
0,628
0,600
0,778
0,524
0,484
0,258
0,104
0,426
0,335
0,135
0,50
0,223
0,785
0,677
0,529
0,189
0,143
0,73
0,580
0,204
0,99
0,787
0,782
0,720
0,42
0,65
0,19
0,594
0,166
0,492
0,557
0,520
0,673
0,552
0,86
0,289
0,383
0,487
0,100
0,676
0,451
0,657
0,643
0,642
0,523
0,582
0,672
0,374
0,325
0,447
0,790
0,238
0,572
0,631
0,734
0,377
0,360
0,97
0,25
0,131
0,374
0,709
0,193
0,314
0,569
0,672
0,720
0,716
0,390
0,543
0,474
0,682
0,178
0,275
0,576
0,422
0,270
0,45
0,364
0,626
0,131
0,267
0,690
0,206
0,152
0,562
0,581
0,383
0,255
0,508
0,719
0,409
0,178
0,280
0,630
0,659
0,259
0,326
0,760
0,778
0,339
0,603
0,481
0,228
0,394
0,566
0,223
0,209
0,548
0,540
0,644
0,420
0,171
0,621
0,140
0,204
0,250
0,325
0,779
0,587
0,131
0,599
0,365
0,212
0,257
0,503
0,395
0,18
0,683
0,534
0,115
0,435
0,137
0,501
0,605
0,378
0,204
0,775
0,118
0,677
0,629
0,122
0,467
0,564
0,409
0,693
0,797
0,19
0,15
0,387
0,89
0,38
0,793
0,211
0,771
0,685
0,734
0,347
0,429
0,526
0,145
0,109
0,106
0,489
0,350
0,301
0,361
0,159
0,144
0,413
0,176
0,42
0,370
0,451
0,549
0,732
0,629
0,413
0,186
0,685
0,226
0,201
0,682
0,163
0,364
0,20
0,217
0,539
0,714
0,364
0,36
0,28
0,476
0,5
0,35
0,243
0,592
0,266
0,298
0,645
0,800
0,446
0,720
0,562
0,657
0,405
0,217
0,395
0,298
0,97
0,379
0,636
0,181
0,679
0,632
0,154
0,195
0,431
0,178
0,259
0,421
0,415
0,232
0,308
0,595
0,663
0,362
0,157
0,514
0,222
0,195
0,440
0,19
0,693
0,510
0,51
0,41
0,303
0,66
0,757
0,229
0,294
0,71
0,70
0,379
0,458
0,226
0,545
0,581
0,678
0,251
0,111
0,339
0,785
0,100
0,319
0,674
0,352
0,485
0,704
0,189
0,734
0,666
0,155
0,721
0,621
0,564
0,380
0,372
0,728
0,3
0,481
0,443
0,230
0,455
0,701
0,617
0,373
0,455
0,597
0,674
0,508
0,482
0,749
0,550
0,303
0,537
0,17
0,99
0,115
0,710
0,627
0,707
0,475
0,158
0,695
0,517
0,338
0,185
0,186
0,645
0,738
0,702
0,423
0,634
0,452
0,95
0,118
0,670
0,123
0,122
0,679
0,193
0,488
0,691
0,22
0,268
0,266
0,205
0,395
0,437
0,114
0,431
0,200
0,153
0,190
0,155
0,140
0,715
0,187
0,391
0,582
0,632
0,292
0,454
0,569
0,32
0,73
0,407
0,741
0,386
0,745
0,341
0,49
0,542
0,88
0,797
0,381
0,783
0,551
0,485
0,511
0,597
0,175
0,503
0,679
0,208
0,472
0,176
0,423
0,341
0,544
0,334
0,660
0,723
0,471
0,215
0,360
0,665
0,616
0,132
0,579
0,770
0,80
0,436
0,441
0,520
0,785
0,544
0,487
0,596
0,742
0,224
0,323
0,194
0,529
0,221
0,765
0,124
0,528
0,175
0,619
0,746
0,206
0,331
0,400
0,365
0,689
0,62
0,27
0,424
0,460
0,411
0,186
0,475
0,443
0,444
0,239
0,236
0,550
0,228
0,616
0,358
0,644
0,289
0,520
0,709
0,361
0,92
0,455
0,525
0,349
0,746
0,22
0,25
0,595
0,289
0,577
0,698
0,122
0,639
0,525
0,726
0,681
0,462
0,220
0,487
0,493
0,614
0,66
0,420
0,548
0,21
0,266
0,8
0,205
0,315
0,153
0,460
0,555
0,14
0,305
0,184
0,680
0,320
0,627
0,423
0,541
0,728
0,466
0,196
0,123
0,9
0,461
0,775
0,703
0,655
0,796
0,217
0,104
0,308
0,562
0,339
0,29
0,298
0,769
0,113
0,438
0,457
0,69
0,156
0,231
0,49
0,83
0,219
0,790
0,565
0,215
0,756
0,88
0,9
0,552
0,100
0,440
0,308
0,429
0,30
0,534
0,190
0,250
0,186
0,632
0,304
0,368
0,710
0,225
0,564
0,90
0,202
0,534
0,141
0,143
0,667
0,700
0,602
0,26
0,480
0,440
0,792
0,33
0,220
0,480
0,560
0,636
0,465
0,439
0,191
0,342
0,62
0,19
0,569
0,486
0,117
0,585
0,494
0,707
0,411
0,442
0,177
0,642
0,510
0,787
0,215
0,708
0,185
0,799
0,393
0,701
0,132
0,454
0,552
0,675
0,4
0,360
0,101
0,542
0,389
0,523
0,284
0,162
0,222
0,679
0,476
0,545
0,419
0,296
0,186
0,568
0,596
0,759
0,74
0,485
0,712
0,112
0,499
0,189
0,386
0,444
0,236
0,657
0,51
0,287
0,34
0,569
0,306
0,163
0,669
0,222
0,59
0,548
0,40
0,33
0,705
0,555
0,448
0,751
0,678
0,387
0,205
0,84
0,208
0,115
0,699
0,741
0,464
0,165
0,737
0,133
0,796
0,367
0,613
0,684
0,606
0,599
0,673
0,252
0,742
0,309
0,247
0,66
0,583
0,48
0,380
0,615
0,208
0,459
0,556
0,675
0,746
0,441
0,393
0,118
0,494
0,213
0,128
0,396
0,137
0,59
0,145
0,43
0,552
0,465
0,251
0,273
0,451
0,415
0,345
0,457
0,165
0,404
0,584
0,609
0,33
0,250
0,154
0,413
0,198
0,11
0,677
0,489
0,426
0,276
0,510
0,445
0,113
0,5
0,394
0,109
0,163
0,91
0,364
0,410
0,365
0,745
0,496
0,669
0,313
0,107
0,770
0,393
0,674
0,224
0,28
0,34
0,82
0,696
0,784
0,511
0,574
0,287
0,170
0,125
0,164
0,604
0,536
0,528
0,57
0,794
0,413
0,616
0,564
0,53
0,613
0,344
0,688
0,64
0,292
0,127
0,578
0,553
0,711
0,229
0,627
0,120
0,145
0,686
0,38
0,60
0,719
0,701
0,330
0,264
0,155
0,231
0,333
0,713
0,371
0,510
0,756
0,325
0,311
0,542
0,698
0,158
0,234
0,205
0,73
0,680
0,151
0,575
0,680
0,111
0,580
0,572
0,658
0,5
0,551
0,570
0,691
0,372
0,485
0,621
0,16
0,665
0,386
0,125
0,727
0,326
0,534
0,788
0,199
0,679
0,346
0,6
0,791
0,555
0,649
0,438
0,135
0,189
0,736
0,66
0,292
0,590
0,30
0,555
0,287
0,152
0,331
0,266
0,342
0,233
0,736
0,282
0,408
0,799
0,325
0,759
0,244
0,78
0,666
0,196
0,240
0,371
0,39
0,424
0,482
0,253
0,305
0,603
0,323
0,477
0,31
0,637
0,711
0,616
0,565
0,113
0,334
0,590
0,471
0,434
0,649
0,236
0,501
0,799
0,563
0,412
0,423
0,669
0,777
0,580
0,632
0,793
0,320
0,240
0,697
0,523
0,756
0,235
0,229
0,207
0,72
0,60
0,321
0,364
0,48
0,404
0,334
0,69
0,733
0,694
0,81
0,318
0,658
0,588
0,442
0,530
0,89
0,126
0,391
0,137
0,101
0,92
0,216
0,36
0,170
0,746
0,139
0,543
0,483
0,384
0,177
0,537
0,374
0,230
0,164
0,22
0,614
0,327
0,335
0,14
0,145
0,583
0,20
0,455
0,649
0,525
0,699
0,200
0,2
0,488
0,80
0,745
0,163
0,392
0,630
0,771
0,332
0,267
0,421
0,245
0,359
0,596
0,587
0,292
0,740
0,197
0,168
0,341
0,513
0,485
0,416
0,391
0,572
0,314
0,324
0,783
0,568
0,335
0,541
0,238
0,597
0,412
0,551
0,334
0,369
0,45
0,608
0,607
0,470
0,786
0,564
0,320
0,640
0,506
0,724
0,214
0,361
0,439
0,171
0,261
0,625
0,474
0,273
0,775
0,167
0,75
0,228
0,547
0,269
0,377
0,622
0,706
0,304
0,622
0,557
0,158
0,671
0,671
0,709
0,706
0,283
0,195
0,677
0,795
0,687
0,201
0,239
0,719
0,273
0,640
0,608
0,192
0,597
0,159
0,654
0,755
0,652
0,581
0,797
0,6
0,749
0,299
0,624
0,636
0,355
0,101
0,415
0,247
0,59
0,619
0,620
0,357
0,618
0,783
0,685
0,438
0,296
0,345
0,113
0,534
0,120
0,241
0,97
0,669
0,634
0,636
0,758
0,218
0,528
0,469
0,549
0,740
0,791
0,59
0,314
0,754
0,47
0,731
0,483
0,556
0,46
0,32
0,653
0,563
0,784
0,331
0,54
0,367
0,442
0,95
0,611
0,323
0,718
0,779
0,406
0,410
0,279
0,612
0,638
0,630
0,489
0,291
0,80
0,557
0,196
0,343
0,794
0,22
0,204
0,141
0,635
0,730
0,356
0,517
0,248
0,624
0,63
0,210
0,117
0,658
0,216
0,23
0,231
0,122
0,416
0,434
0,433
0,172
0,609
0,166
0,596
0,118
0,237
0,308
0,489
0,602
0,29
0,789
0,348
0,360
0,442
0,750
0,739
0,54
0,416
0,217
0,675
0,514
0,229
0,73
0,199
0,349
0,363
0,434
0,457
0,172
0,461
0,775
0,783
0,411
0,223
0,721
0,792
0,751
0,293
0,88
0,409
0,661
0,650
0,799
0,96
0,384
0,632
0,611
0,529
0,14
0,241
0,280
0,731
0,268
0,254
0,750
0,343
0,50
0,618
0,684
0,309
0,349
0,163
0,101
0,541
0,734
0,224
0,415
0,238
0,24
0,11
0,698
0,426
0,268
0,755
0,564
0,245
0,539
0,161
0,456
0,484
0,656
0,723
0,328
0,643
0,362
0,26
0,142
0,238
0,750
0,451
0,304
0,693
0,596
0,254
0,588
0,648
0,360
0,614
0,71
0,3
0,138
0,590
0,697
0,511
0,15
0,618
0,683
0,537
0,427
0,598
0,542
0,503
0,338
0,118
0,523
0,572
0,693
0,262
0,516
0,741
0,420
0,795
0,316
0,151
0,758
0,55
0,434
0,280
0,377
0,79
0,561
0,209
0,684
0,292
0,333
0,40
0,658
0,722
0,382
0,104
0,340
0,557
0,92
0,381
0,489
0,339
0,643
0,106
0,565
0,219
0,800
0,5
0,425
0,396
0,754
0,414
0,608
0,438
0,600
0,618
0,596
0,777
0,385
0,440
0,324
0,249
0,338
0,424
0,22
0,605
0,732
0,713
0,594
0,357
0,144
0,481
0,168
0,638
0,148
0,367
0,469
0,410
0,278
0,204
0,127
0,340
0,781
0,152
0,88
0,587
0,560
0,30
0,611
0,528
0,630
0,333
0,272
0,82
0,120
0,733
0,509
0,290
0,69
0,624
0,260
0,490
0,192
0,218
0,417
0,299
0,50
0,713
0,64
0,713
0,82
0,62
0,498
0,1
0,612
0,125
0,531
0,567
0,641
0,643
0,255
0,401
0,548
0,386
0,780
0,108
0,160
0,723
0,8
0,332
0,18
0,634
0,96
0,283
0,632
0,726
0,25
0,723
0,180
0,431
0,362
0,291
0,89
0,372
0,718
0,372
0,434
0,531
0,501
0,80
0,569
0,719
0,257
0,504
0,520
0,555
0,213
0,560
0,606
0,60
0,597
0,449
0,504
0,732
0,77
0,757
0,606
0,539
0,275
0,521
0,663
0,646
0,506
0,100
0,15
0,129
0,590
0,407
0,320
0,161
0,621
0,635
0,613
0,32
0,699
0,768
0,431
0,657
0,739
0,195
0,64
0,146
0,653
0,766
0,580
0,148
0,333
0,497
0,48
0,265
0,311
0,396
0,384
0,18
0,356
0,2
0,709
0,52
0,743
0,759
0,354
0,548
0,606
0,708
0,532
0,644
0,472
0,343
0,633
0,170
0,606
0,711
0,199
0,548
0,759
0,48
0,242
0,4
0,672
0,510
0,327
0,263
0,688
0,236
0,456
0,241
0,68
0,81
0,48
0,708
0,641
0,517
0,148
0,718
0,495
0,703
0,317
0,679
0,135
0,376
0,719
0,633
0,223
0,157
0,123
0,418
0,212
0,543
0,48
0,566
0,322
0,492
0,292
0,117
0,733
0,399
0,694
0,549
0,679
0,558
0,230
0,43
0,788
0,546
0,164
0,137
0,484
0,121
0,335
0,301
0,172
0,610
0,91
0,246
0,449
0,150
0,596
0,124
0,126
0,216
0,141
0,294
0,254
0,86
0,514
0,714
0,99
0,5
0,281
0,412
0,85
0,297
0,71
0,703
0,337
0,623
0,29
0,270
0,154
0,519
0,75
0,687
0,247
0,164
0,331
0,675
0,265
0,485
0,415
0,674
0,343
0,392
0,265
0,691
0,120
0,354
0,538
0,116
0,526
0,222
0,238
0,39
0,428
0,327
0,299
0,764
0,495
0,777
0,260
0,724
0,311
0,673
0,295
0,6
0,262
0,125
0,567
0,448
0,266
0,349
0,209
0,141
0,539
0,791
0,787
0,156
0,183
0,630
0,317
0,42
0,593
0,554
0,495
0,278
0,473
0,349
0,247
0,653
0,134
0,428
0,178
0,402
0,209
0,746
0,559
0,792
0,15
0,736
0,248
0,558
0,736
0,536
0,40
0,690
0,730
0,364
0,715
0,36
0,250
0,391
0,267
0,536
0,281
0,128
0,359
0,318
0,194
0,250
0,349
0,678
0,392
0,124
0,33
0,455
0,587
0,244
0,191
0,722
0,655
0,383
0,509
0,664
0,733
0,257
0,387
0,602
0,380
0,739
0,718
0,472
0,401
0,519
0,702
0,451
0,123
0,788
0,786
0,387
0,753
0,222
0,33
0,351
0,684
0,277
0,118
0,231
0,503
0,186
0,211
0,390
0,743
0,387
0,141
0,292
0,570
0,559
0,151
0,101
0,108
0,251
0,746
0,455
0,325
0,759
0,688
0,517
0,568
0,777
0,447
0,658
0,685
0,266
0,618
0,315
0,510
0,106
0,94
0,624
0,759
0,664
0,687
0,84
0,503
0,387
0,563
0,232
0,498
0,731
0,443
0,181
0,395
0,186
0,249
0,473
0,450
0,589
0,278
0,222
0,732
0,628
0,799
0,343
0,278
0,715
0,404
0,470
0,659
0,773
0,106
0,429
0,341
0,207
0,673
0,761
0,685
0,330
0,589
0,146
0,388
0,522
0,578
0,30
0,490
0,15
0,196
0,565
0,74
0,280
0,564
0,487
0,562
0,451
0,157
0,199
0,556
0,539
0,374
0,699
0,618
0,721
0,503
0,91
0,245
0,143
0,758
0,423
0,17
0,264
0,199
0,361
0,411
0,155
0,676
0,256
0,719
0,38
0,497
0,168
0,501
0,560
0,719
0,140
0,784
0,625
0,759
0,426
0,59
0,663
0,481
0,192
0,177
0,11
0,159
0,53
0,312
0,365
0,209
0,294
0,66
0,318
0,509
0,677
0,323
0,536
0,449
0,713
0,190
0,214
0,19
0,571
0,368
0,77
0,38
0,593
0,668
0,280
0,38
0,371
0,628
0,280
0,147
0,172
0,439
0,64
0,590
0,113
0,259
0,92
0,714
0,792
0,693
0,98
0,738
0,160
0,545
0,471
0,601
0,127
0,301
0,8
0,8
0,365
0,781
0,260
0,190
0,316
0,782
0,792
0,494
0,24
0,585
0,563
0,554
0,426
0,224
0,396
0,676
0,567
0,113
0,432
0,729
0,110
0,512
0,670
0,180
0,350
0,246
0,478
0,419
0,722
0,447
0,23
0,508
0,694
0,242
0,789
0,456
0,718
0,347
0,666
0,558
0,123
0,116
0,577
0,744
0,21
0,680
0,357
0,379
0,367
0,39
0,748
0,423
0,189
0,742
0,351
0,374
0,659
0,425
0,400
0,371
0,245
0,329
0,641
0,179
0,302
0,190
0,50
0,375
0,216
0,397
0,227
0,65
0,53
0,454
0,596
0,307
0,639
0,484
0,272
0,665
0,267
0,377
0,18
0,419
0,93
0,470
0,295
0,269
0,369
0,793
0,419
0,95
0,192
0,55
0,62
0,320
0,390
0,322
0,604
0,192
0,514
0,736
0,107
0,326
0,745
0,57
0,13
0,682
0,498
0,56
0,375
0,418
0,576
0,270
0,1
0,741
0,786
0,106
0,686
0,399
0,37
0,52
0,668
0,601
0,635
0,455
0,540
0,285
0,64
0,535
0,448
0,698
0,280
0,293
0,736
0,390
0,581
0,594
0,256
0,246
0,480
0,361
0,748
0,768
0,707
0,497
0,599
0,759
0,508
0,238
0,321
0,52
0,694
0,383
0,247
0,258
0,46
0,381
0,421
0,305
0,783
0,650
0,480
0,76
0,221
0,81
0,426
0,720
0,293
0,327
0,699
0,10
0,53
0,317
0,663
0,1
0,530
0,106
0,219
0,133
0,749
0,691
0,399
0,233
0,47
0,123
0,432
0,595
0,122
0,620
0,786
0,504
0,614
0,350
0,158
0,547
0,356
0,751
0,62
0,663
0,60
0,490
0,375
0,718
0,601
0,3
0,517
0,685
0,322
0,447
0,338
0,756
0,429
0,586
0,513
0,444
0,76
0,251
0,92
0,291
0,416
0,796
0,283
0,123
0,682
0,108
0,569
0,15
0,696
0,354
0,791
0,113
0,15
0,674
0,691
0,133
0,150
0,66
0,771
0,190
0,116
0,601
0,669
0,100
0,668
0,190
0,435
0,443
0,439
0,664
0,102
0,571
0,355
0,480
0,570
0,139
0,618
0,722
0,489
0,707
0,516
0,294
0,307
0,587
0,142
0,8
0,342
0,142
0,288
0,529
0,288
0,602
0,56
0,215
0,116
0,760
0,166
0,582
0,505
0,621
0,71
0,668
0,753
0,402
0,674
0,497
0,750
0,480
0,612
0,645
0,647
0,422
0,234
0,285
0,544
0,92
0,377
0,139
0,22
0,439
0,499
0,594
0,472
0,447
0,142
0,130
0,347
0,201
0,378
0,304
0,621
0,168
0,586
0,450
0,170
0,685
0,234
0,430
0,13
0,648
0,465
0,717
0,186
0,774
0,285
0,712
0,358
0,194
0,110
0,419
0,137
0,431
0,681
0,254
0,6
0,209
0,185
0,19
0,750
0,698
0,487
0,219
0,222
0,245
0,275
0,368
0,122
0,651
0,253
0,332
0,470
0,541
0,437
0,299
0,532
0,436
0,198
0,382
0,422
0,490
0,285
0,482
0,321
0,522
0,678
0,496
0,191
0,52
0,758
0,214
0,2
0,283
0,585
0,571
0,85
0,151
0,310
0,429
0,34
0,55
0,731
0,229
0,594
0,666
0,698
0,4
0,651
0,588
0,268
0,87
0,310
0,473
0,102
0,629
0,748
0,417
0,1
0,512
0,82
0,135
0,344
0,540
0,225
0,691
0,244
0,638
0,304
0,92
0,743
0,773
0,5
0,772
0,274
0,627
0,58
0,164
0,182
0,626
0,517
0,154
0,239
0,758
0,587
0,7
0,315
0,7
0,444
0,10
0,158
0,703
0,627
0,335
0,687
0,147
0,157
0,301
0,493
0,191
0,85
0,155
0,706
0,753
0,19
0,589
0,122
0,23
0,773
0,629
0,434
0,678
0,770
0,56
0,571
0,220
0,296
0,792
0,335
0,595
0,602
0,479
0,776
0,285
0,210
0,164
0,346
0,741
0,512
0,85
0,397
0,352
0,132
0,273
0,415
0,617
0,156
0,2
0,370
0,608
0,125
0,523
0,63
0,520
0,186
0,449
0,724
0,555
0,247
0,36
0,332
0,185
0,93
0,785
0,728
0,700
0,781
0,492
0,444
0,419
0,741
0,148
0,227
0,649
0,434
0,395
0,166
0,194
0,208
0,409
0,403
0,575
0,416
0,201
0,593
0,290
0,536
0,575
0,28
0,452
0,106
0,325
0,331
0,761
0,785
0,762
0,263
0,422
0,602
0,664
0,217
0,497
0,799
0,474
0,42
0,275
0,654
0,60
0,342
0,172
0,292
0,103
0,311
0,228
0,99
0,728
0,511
0,442
0,448
0,398
0,361
0,571
0,482
0,489
0,318
0,284
0,247
0,414
0,123
0,359
0,778
0,620
0,767
0,544
0,706
0,273
0,59
0,342
0,720
0,560
0,6
0,379
0,62
0,72
0,122
0,286
0,421
0,499
0,720
0,69
0,676
0,59
0,226
0,293
0,416
0,277
0,538
0,672
0,671
0,208
0,77
0,669
0,4
0,14
0,212
0,14
0,312
0,723
0,433
0,742
0,9
0,114
0,510
0,671
0,525
0,387
0,27
0,393
0,256
0,58
0,591
0,243
0,756
0,309
0,223
0,283
0,670
0,420
0,398
0,787
0,380
0,770
0,42
0,158
0,695
0,734
0,237
0,79
0,58
0,714
0,431
0,402
0,737
0,436
0,490
0,407
0,450
0,1
0,3
0,222
0,745
0,717
0,612
0,345
0,675
0,763
0,729
0,444
0,13
0,508
0,763
0,9
0,744
0,378
0,613
0,693
0,128
0,23
0,44
0,60
0,343
0,795
0,208
0,139
0,350
0,706
0,669
0,536
0,184
0,742
0,439
0,784
0,536
0,179
0,437
0,192
0,332
0,741
0,572
0,474
0,511
0,251
0,63
0,424
0,493
0,658
0,582
0,607
0,182
0,597
0,105
0,457
0,281
0,117
0,382
0,121
0,107
0,537
0,55
0,278
0,67
0,307
0,566
0,335
0,23
0,352
0,341
0,777
0,2
0,311
0,706
0,623
0,216
0,158
0,189
0,405
0,627
0,477
0,271
0,306
0,472
0,163
0,510
0,587
0,672
0,777
0,213
0,723
0,274
0,745
0,349
0,402
0,642
0,658
0,278
0,84
0,178
0,173
0,468
0,396
0,197
0,735
0,88
0,254
0,452
0,797
0,597
0,392
0,735
0,440
0,254
0,75
0,491
0,341
0,318
0,407
0,759
0,365
0,775
0,381
0,306
0,322
0,137
0,316
0,668
0,615
0,560
0,495
0,798
0,627
0,282
0,579
0,134
0,314
0,552
0,593
0,506
0,674
0,606
0,77
0,302
0,381
0,284
0,489
0,347
0,585
0,312
0,155
0,795
0,704
0,332
0,51
0,42
0,1
0,495
0,141
0,136
0,650
0,112
0,202
0,537
0,363
0,619
0,228
0,391
0,34
0,688
0,490
0,514
0,692
0,300
0,584
0,227
0,260
0,17
0,614
0,100
0,297
0,343
0,177
0,4
0,799
0,316
0,669
0,288
0,428
0,392
0,598
0,283
0,686
0,179
0,710
0,347
0,318
0,336
0,342
0,179
0,604
0,315
0,380
0,549
0,32
0,30
0,449
0,537
0,458
0,739
0,419
0,103
0,352
0,86
0,160
0,345
0,380
0,302
0,4
0,408
0,531
0,286
0,687
0,600
0,485
0,772
0,101
0,715
0,534
0,363
0,153
0,399
0,510
0,356
0,29
0,712
0,212
0,113
0,608
0,693
0,670
0,94
0,182
0,737
0,15
0,790
0,165
0,79
0,447
0,384
0,114
0,111
0,89
0,328
0,372
0,51
0,246
0,296
0,549
0,701
0,379
0,753
0,659
0,508
0,651
0,520
0,505
0,618
0,564
0,734
0,773
0,113
0,599
0,605
0,96
0,753
0,460
0,26
0,258
0,324
0,12
0,550
0,609
0,640
0,103
0,362
0,261
0,83
0,602
0,176
0,19
0,379
0,564
0,335
0,351
0,379
0,390
0,368
0,722
0,686
0,301
0,445
0,19
0,477
0,53
0,5
0,74
0,605
0,491
0,241
0,341
0,625
0,247
0,256
0,102
0,561
0,164
0,124
0,689
0,640
0,410
0,81
0,176
0,273
0,565
0,561
0,752
0,770
0,193
0,596
0,606
0,425
0,784
0,470
0,760
0,247
0,37
0,157
0,561
0,396
0,462
0,708
0,187
0,318
0,26
0,607
0,269
0,548
0,23
0,447
0,199
0,377
0,346
0,553
0,94
0,194
0,244
0,761
0,142
0,783
0,479
0,511
0,448
0,124
0,796
0,398
0,139
0,574
0,49
0,186
0,337
0,408
0,794
0,73
0,470
0,86
0,471
0,328
0,506
0,377
0,562
0,657
0,624
0,273
0,304
0,229
0,563
0,683
0,61
0,790
0,297
0,327
0,659
0,501
0,463
0,339
0,9
0,493
0,2
0,216
0,375
0,199
0,128
0,246
0,697
0,714
0,797
0,531
0,96
0,742
0,785
0,108
0,159
0,178
0,372
0,242
0,185
0,470
0,594
0,644
0,705
0,681
0,613
0,383
0,786
0,716
0,544
0,783
0,254
0,188
0,286
0,251
0,581
0,417
0,7
0,574
0,288
0,482
0,340
0,131
0,552
0,544
0,711
0,678
0,64
0,328
0,703
0,752
0,95
0,585
0,526
0,784
0,502
0,495
0,447
0,270
0,196
0,742
0,222
0,214
0,589
0,789
0,597
0,186
0,611
0,494
0,206
0,254
0,511
0,660
0,270
0,606
0,571
0,380
0,381
0,687
0,364
0,726
0,215
0,631
0,738
0,458
0,535
0,54
0,244
0,372
0,41
0,700
0,351
0,278
0,424
0,521
0,571
0,375
0,394
0,676
0,479
0,647
0,522
0,83
0,58
0,509
0,785
0,482
0,509
0,420
0,637
0,587
0,153
0,686
0,725
0,686
0,11
0,170
0,141
0,283
0,201
0,782
0,59
0,651
0,690
0,8
0,624
0,614
0,527
0,97
0,173
0,33
0,163
0,583
0,724
0,334
0,484
0,20
0,749
0,50
0,695
0,533
0,328
0,669
0,304
0,24
0,550
0,313
0,199
0,631
0,313
0,621
0,547
0,575
0,518
0,22
0,265
0,281
0,208
0,115
0,416
0,284
0,444
0,540
0,504
0,219
0,359
0,91
0,334
0,465
0,714
0,137
0,770
0,666
0,165
0,53
0,35
0,53
0,791
0,713
0,170
0,402
0,177
0,172
0,374
0,33
0,718
0,104
0,394
0,787
0,25
0,39
0,507
0,737
0,116
0,568
0,293
0,614
0,358
0,788
0,656
0,348
0,561
0,260
0,36
0,619
0,374
0,677
0,82
0,788
0,612
0,302
0,566
0,720
0,323
0,37
0,115
0,121
0,178
0,236
0,299
0,428
0,146
0,491
0,646
0,435
0,682
0,483
0,775
0,292
0,47
0,352
0,321
0,357
0,528
0,198
0,398
0,17
0,162
0,282
0,465
0,747
0,726
0,727
0,403
0,325
0,714
0,747
0,163
0,334
0,562
0,273
0,155
0,598
0,223
0,148
0,522
0,632
0,193
0,765
0,733
0,567
0,750
0,332
0,347
0,509
0,43
0,147
0,710
0,92
0,563
0,2
0,62
0,148
0,673
0,278
0,260
0,88
0,389
0,709
0,489
0,753
0,619
0,47
0,329
0,658
0,43
0,749
0,140
0,161
0,250
0,318
0,593
0,671
0,1
0,447
0,416
0,710
0,754
0,292
0,118
0,53
0,306
0,154
0,373
0,313
0,306
0,301
0,78
0,634
0,573
0,437
0,464
0,293
0,107
0,632
0,33
0,11
0,285
0,584
0,491
0,533
0,377
0,584
0,309
0,277
0,343
0,518
0,390
0,698
0,165
0,562
0,5
0,64
0,663
0,225
0,695
0,67
0,668
0,613
0,352
0,166
0,784
0,593
0,476
0,754
0,731
0,207
0,159
0,378
0,281
0,182
0,418
0,39
0,609
0,257
0,666
0,628
0,744
0,209
0,438
0,196
0,664
0,599
0,538
0,424
0,111
0,658
0,687
0,341
0,280
0,714
0,328
0,495
0,738
0,227
0,550
0,672
0,72
0,517
0,731
0,274
0,769
0,201
0,90
0,49
0,272
0,597
0,767
0,260
0,197
0,563
0,550
0,67
0,358
0,719
0,608
0,133
0,389
0,43
0,744
0,170
0,419
0,399
0,393
0,466
0,59
0,11
0,769
0,570
0,120
0,740
0,147
0,84
0,451
0,310
0,668
0,314
0,164
0,539
0,533
0,529
0,731
0,143
0,255
0,457
0,103
0,676
0,377
0,478
0,753
0,507
0,161
0,96
0,200
0,575
0,674
0,779
0,583
0,83
0,295
0,408
0,6
0,345
0,220
0,138
0,750
0,686
0,176
0,65
0,139
0,11
0,197
0,137
0,217
0,169
0,148
0,752
0,337
0,224
0,26
0,3
0,434
0,496
0,308
0,166
0,660
0,269
0,630
0,217
0,67
0,481
0,582
0,436
0,132
0,563
0,229
0,588
0,370
0,497
0,772
0,119
0,88
0,246
0,793
0,257
0,574
0,256
0,403
0,528
0,512
0,682
0,291
0,85
0,493
0,570
0,797
0,539
0,240
0,247
0,449
0,76
0,496
0,181
0,2
0,641
0,108
0,442
0,759
0,682
0,447
0,589
0,213
0,373
0,320
0,295
0,59
0,261
0,180
0,754
0,294
0,697
0,326
0,295
0,17
0,314
0,283
0,587
0,650
0,677
0,65
0,423
0,240
0,783
0,587
0,338
0,663
0,402
0,78
0,316
0,547
0,642
0,312
0,780
0,329
0,709
0,547
0,140
0,524
0,41
0,71
0,482
0,315
0,65
0,354
0,202
0,294
0,462
0,503
0,293
0,471
0,356
0,627
0,675
0,227
0,329
0,503
0,524
0,227
0,736
0,657
0,666
0,726
0,537
0,644
0,543
0,492
0,492
0,663
0,6
0,208
0,140
0,757
0,273
0,501
0,76
0,483
0,192
0,9
0,265
0,51
0,112
0,16
0,59
0,268
0,256
0,347
0,91
0,350
0,764
0,729
0,354
0,660
0,383
0,471
0,163
0,430
0,695
0,83
0,675
0,128
0,677
0,313
0,476
0,24
0,304
0,546
0,169
0,140
0,275
0,385
0,195
0,290
0,528
0,760
0,780
0,261
0,608
0,42
0,456
0,495
0,576
0,800
0,708
0,636
0,34
0,40
0,713
0,518
0,489
0,362
0,497
0,747
0,9
0,318
0,65
0,542
0,42
0,120
0,523
0,326
0,38
0,129
0,38
0,697
0,82
0,668
0,27
0,492
0,378
0,654
0,653
0,463
0,609
0,84
0,43
0,198
0,521
0,25
0,258
0,181
0,499
0,142
0,781
0,59
0,41
0,477
0,152
0,71
0,779
0,195
0,212
0,251
0,614
0,374
0,68
0,324
0,754
0,364
0,19
0,143
0,226
0,19
0,373
0,452
0,480
0,658
0,450
0,355
0,348
0,787
0,621
0,265
0,106
0,453
0,240
0,109
0,709
0,508
0,331
0,271
0,369
0,559
0,353
0,559
0,444
0,227
0,25
0,255
0,752
0,701
0,86
0,173
0,643
0,63
0,796
0,634
0,16
0,650
0,711
0,448
0,281
0,511
0,52
0,153
0,795
0,612
0,777
0,439
0,161
0,92
0,476
0,505
0,167
0,735
0,259
0,366
0,38
0,508
0,687
0,661
0,302
0,532
0,476
0,399
0,762
0,195
0,221
0,668
0,686
0,61
0,555
0,78
0,216
0,642
0,502
0,520
0,32
0,97
0,182
0,66
0,69
0,366
0,464
0,651
0,171
0,308
0,188
0,92
0,540
0,500
0,52
0,458
0,438
0,275
0,748
0,781
0,572
0,503
0,284
0,201
0,48
0,385
0,309
0,437
0,236
0,336
0,705
0,688
0,561
0,613
0,234
0,461
0,743
0,17
0,100
0,105
0,753
0,234
0,296
0,488
0,90
0,491
0,105
0,365
0,385
0,88
0,779
0,503
0,131
0,346
0,391
0,377
0,777
0,425
0,744
0,245
0,280
0,700
0,648
0,188
0,687
0,361
0,607
0,740
0,441
0,376
0,45
0,188
0,604
0,368
0,585
0,272
0,790
0,518
0,203
0,561
0,752
0,635
0,362
0,453
0,580
0,353
0,340
0,748
0,713
0,316
0,731
0,678
0,3
0,437
0,648
0,509
0,770
0,510
0,164
0,236
0,489
0,314
0,543
0,355
0,470
0,380
0,255
0,362
0,665
0,113
0,244
0,140
0,517
0,55
0,605
0,308
0,554
0,611
0,748
0,376
0,692
0,142
0,688
0,102
0,440
0,494
0,630
0,664
0,305
0,665
0,60
0,487
0,188
0,138
0,340
0,202
0,689
0,74
0,456
0,305
0,227
0,648
0,48
0,769
0,618
0,736
0,736
0,612
0,798
0,667
0,478
0,742
0,587
0,357
0,633
0,203
0,270
0,102
0,399
0,141
0,19
0,136
0,644
0,217
0,728
0,82
0,618
0,73
0,530
0,708
0,36
0,510
0,437
0,677
0,526
0,147
0,541
0,280
0,701
0,263
0,179
0,517
0,659
0,52
0,350
0,5
0,34
0,322
0,279
0,226
0,120
0,463
0,153
0,210
0,160
0,118
0,507
0,602
0,316
0,265
0,132
0,117
0,295
0,680
0,71
0,282
0,263
0,60
0,705
0,274
0,766
0,592
0,700
0,203
0,121
0,546
0,442
0,738
0,259
0,783
0,23
0,2
0,191
0,542
0,552
0,217
0,45
0,630
0,236
0,473
0,457
0,436
0,242
0,25
0,335
0,47
0,480
0,17
0,291
0,237
0,254
0,60
0,516
0,46
0,713
0,405
0,613
0,4
0,79
0,636
0,30
0,30
0,290
0,588
0,520
0,239
0,156
0,202
0,33
0,725
0,260
0,683
0,673
0,14
0,554
0,773
0,607
0,198
0,157
0,56
0,262
0,410
0,644
0,304
0,457
0,267
0,329
0,40
0,231
0,253
0,467
0,228
0,668
0,755
0,167
0,407
0,800
0,122
0,684
0,595
0,654
0,90
0,463
0,524
0,734
0,402
0,644
0,233
0,268
0,113
0,697
0,331
0,428
0,168
0,632
0,366
0,619
0,381
0,639
0,454
0,648
0,673
0,239
0,710
0,351
0,231
0,698
0,189
0,184
0,617
0,127
0,478
0,334
0,706
0,392
0,292
0,668
0,185
0,313
0,128
0,326
0,193
0,160
0,82
0,614
0,619
0,261
0,668
0,151
0,272
0,719
0,213
0,133
0,706
0,696
0,763
0,558
0,46
0,752
0,220
0,364
0,572
0,30
0,58
0,699
0,634
0,359
0,177
0,292
0,138
0,121
0,555
0,595
0,94
0,240
0,799
0,197
0,638
0,253
0,467
0,328
0,70
0,448
0,505
0,381
0,162
0,44
0,777
0,723
0,33
0,285
0,181
0,43
0,10
0,186
0,131
0,72
0,793
0,362
0,161
0,537
0,433
0,530
0,300
0,44
0,757
0,20
0,568
0,676
0,535
0,795
0,620
0,548
0,629
0,322
0,329
0,737
0,526
0,632
0,66
0,288
0,401
0,601
0,796
0,13
0,688
0,723
0,160
0,776
0,743
0,795
0,108
0,169
0,444
0,436
0,561
0,548
0,245
0,341
0,614
0,454
0,303
0,526
0,158
0,135
0,213
0,661
0,691
0,624
0,65
0,392
0,691
0,149
0,71
0,18
0,79
0,431
0,452
0,391
0,534
0,635
0,270
0,163
0,64
0,722
0,357
0,714
0,65
0,438
0,169
0,365
0,46
0,210
0,480
0,528
0,251
0,336
0,175
0,232
0,198
0,566
0,335
0,473
0,277
0,309
0,3
0,131
0,170
0,693
0,595
0,648
0,249
0,674
0,364
0,194
0,748
0,419
0,576
0,752
0,792
0,252
0,323
0,733
0,402
0,476
0,6
0,511
0,382
0,128
0,438
0,653
0,455
0,216
0,88
0,287
0,234
0,131
0,334
0,273
0,791
0,311
0,617
0,356
0,366
0,217
0,405
0,752
0,247
0,299
0,529
0,788
0,286
0,689
0,716
0,537
0,794
0,214
0,676
0,6
0,314
0,213
0,782
0,613
0,455
0,580
0,580
0,737
0,576
0,385
0,103
0,180
0,81
0,789
0,374
0,260
0,490
0,195
0,341
0,552
0,512
0,141
0,76
0,455
0,184
0,754
0,604
0,76
0,451
0,389
0,601
0,548
0,658
0,22
0,720
0,680
0,778
0,45
0,678
0,464
0,540
0,700
0,389
0,456
0,444
0,498
0,46
0,482
0,235
0,239
0,673
0,471
0,450
0,195
0,314
0,712
0,530
0,113
0,120
0,621
0,664
0,546
0,664
0,69
0,448
0,512
0,385
0,319
0,785
0,203
0,163
0,282
0,206
0,416
0,439
0,32
0,195
0,152
0,284
0,610
0,93
0,786
0,235
0,663
0,421
0,701
0,590
0,385
0,696
0,43
0,510
0,381
0,532
0,388
0,777
0,281
0,503
0,775
0,10
0,702
0,8
0,675
0,44
0,616
0,718
0,436
0,405
0,234
0,603
0,484
0,174
0,781
0,107
0,578
0,578
0,273
0,531
0,21
0,500
0,107
0,501
0,582
0,561
0,263
0,105
0,748
0,338
0,670
0,604
0,428
0,409
0,523
0,550
0,542
0,659
0,741
0,702
0,470
0,270
0,242
0,334
0,122
0,190
0,575
0,335
0,761
0,150
0,547
0,728
0,160
0,501
0,55
0,732
0,280
0,436
0,237
0,528
0,766
0,486
0,681
0,57
0,622
0,460
0,10
0,77
0,767
0,786
0,618
0,84
0,496
0,582
0,757
0,500
0,64
0,552
0,498
0,725
0,390
0,682
0,148
0,294
0,495
0,317
0,286
0,661
0,151
0,105
0,699
0,388
0,67
0,163
0,505
0,69
0,439
0,387
0,340
0,213
0,421
0,148
0,536
0,112
0,1
0,191
0,661
0,299
0,356
0,585
0,475
0,384
0,125
0,162
0,269
0,744
0,497
0,747
0,479
0,567
0,622
0,376
0,35
0,257
0,336
0,365
0,473
0,712
0,695
0,445
0,50
0,733
0,309
0,518
0,149
0,376
0,639
0,572
0,283
0,61
0,163
0,674
0,137
0,242
0,535
0,427
0,346
0,113
0,262
0,69
0,671
0,454
0,283
0,128
0,382
0,235
0,690
0,604
0,636
0,495
0,737
0,595
0,453
0,361
0,397
0,633
0,111
0,26
0,277
0,764
0,59
0,493
0,450
0,420
0,106
0,328
0,598
0,537
0,371
0,260
0,433
0,250
0,597
0,573
0,443
0,143
0,793
0,97
0,459
0,362
0,562
0,133
0,248
0,393
0,49
0,162
0,637
0,93
0,722
0,789
0,49
0,502
0,201
0,525
0,455
0,200
0,289
0,438
0,402
0,763
0,206
0,755
0,727
0,552
0,26
0,536
0,273
0,738
0,202
0,437
0,559
0,748
0,116
0,117
0,446
0,667
0,338
0,735
0,393
0,272
0,755
0,596
0,404
0,344
0,554
0,150
0,766
0,523
0,760
0,200
0,45
0,363
0,695
0,177
0,259
0,139
0,99
0,242
0,164
0,398
0,581
0,11
0,268
0,760
0,455
0,83
0,684
0,604
0,637
0,413
0,464
0,625
0,506
0,194
0,561
0,407
0,663
0,275
0,196
0,784
0,453
0,149
0,336
0,369
0,177
0,8
0,472
0,84
0,73
0,192
0,473
0,205
0,713
0,484
0,601
0,132
0,412
0,783
0,53
0,627
0,288
0,50
0,515
0,797
0,224
0,368
0,555
0,99
0,34
0,357
0,57
0,627
0,50
0,596
0,496
0,168
0,2
0,727
0,259
0,777
0,651
0,413
0,476
0,474
0,546
0,172
0,690
0,4
0,288
0,652
0,780
0,681
0,276
0,22
0,700
0,523
0,352
0,162
0,289
0,448
0,200
0,258
0,640
0,696
0,265
0,694
0,59
0,683
0,643
0,504
0,89
0,329
0,327
0,371
0,719
0,781
0,162
0,789
0,753
0,566
0,235
0,579
0,631
0,311
0,239
0,620
0,286
0,543
0,368
0,98
0,387
0,238
0,581
0,681
0,289
0,395
0,338
0,110
0,173
0,554
0,407
0,497
0,735
0,383
0,719
0,696
0,765
0,200
0,536
0,790
0,475
0,525
0,450
0,76
0,710
0,549
0,483
0,242
0,481
0,505
0,218
0,795
0,44
0,338
0,152
0,617
0,274
0,647
0,718
0,94
0,300
0,522
0,752
0,744
0,598
0,120
0,112
0,300
0,351
0,129
0,506
0,113
0,784
0,757
0,761
0,50
0,661
0,391
0,194
0,188
0,261
0,272
0,358
0,187
0,675
0,236
0,101
0,591
0,270
0,447
0,357
0,750
0,716
0,12
0,596
0,259
0,433
0,62
0,794
0,97
0,735
0,129
0,328
0,331
0,222
0,165
0,411
0,169
0,470
0,685
0,653
0,60
0,392
0,630
0,392
0,545
0,167
0,370
0,295
0,505
0,434
0,19
0,593
0,103
0,415
0,311
0,436
0,526
0,276
0,486
0,592
0,520
0,646
0,347
0,645
0,189
0,324
0,537
0,456
0,431
0,63
0,205
0,649
0,547
0,461
0,196
0,309
0,496
0,130
0,660
0,743
0,86
0,474
0,178
0,439
0,570
0,6
0,755
0,255
0,391
0,567
0,25
0,617
0,43
0,438
0,158
0,49
0,151
0,796
0,402
0,742
0,540
0,707
0,741
0,89
0,28
0,94
0,523
0,321
0,42
0,548
0,40
0,60
0,323
0,534
0,283
0,77
0,430
0,15
0,705
0,40
0,763
0,280
0,77
0,394
0,301
0,36
0,191
0,42
0,747
0,487
0,286
0,303
0,268
0,214
0,375
0,617
0,164
0,392
0,206
0,104
0,179
0,228
0,190
0,529
0,319
0,663
0,393
0,538
0,691
0,189
0,137
0,493
0,702
0,45
0,614
0,407
0,208
0,293
0,560
0,604
0,314
0,164
0,174
0,343
0,27
0,338
0,568
0,23
0,489
0,747
0,394
0,632
0,319
0,654
0,671
0,563
0,733
0,494
0,427
0,395
0,164
0,592
0,416
0,745
0,117
0,675
0,187
0,32
0,675
0,535
0,101
0,750
0,142
0,694
0,359
0,227
0,41
0,779
0,637
0,456
0,409
0,674
0,92
0,620
0,705
0,433
0,650
0,173
0,223
0,716
0,322
0,653
0,327
0,507
0,483
0,269
0,260
0,292
0,132
0,480
0,735
0,316
0,601
0,100
0,219
0,612
0,106
0,68
0,513
0,580
0,443
0,42
0,595
0,234
0,470
0,359
0,235
0,352
0,40
0,227
0,92
0,757
0,385
0,231
0,799
0,739
0,437
0,193
0,419
0,454
0,181
0,733
0,257
0,566
0,28
0,636
0,775
0,302
0,507
0,317
0,395
0,533
0,66
0,690
0,576
0,663
0,572
0,155
0,81
0,624
0,26
0,315
0,333
0,652
0,253
0,457
0,609
0,515
0,512
0,14
0,413
0,478
0,663
0,81
0,467
0,143
0,370
0,670
0,26
0,772
0,335
0,750
0,357
0,174
0,493
0,112
0,538
0,391
0,417
0,569
0,304
0,738
0,602
0,10
0,672
0,723
0,453
0,153
0,462
0,182
0,267
0,112
0,91
0,768
0,119
0,63
0,669
0,584
0,458
0,206
0,119
0,227
0,106
0,455
0,360
0,587
0,497
0,33
0,113
0,76
0,315
0,451
0,680
0,316
0,698
0,336
0,214
0,655
0,153
0,522
0,413
0,112
0,361
0,461
0,619
0,740
0,301
0,202
0,763
0,654
0,204
0,102
0,478
0,449
0,732
0,424
0,619
0,205
0,120
0,206
0,575
0,625
0,365
0,783
0,114
0,156
0,116
0,627
0,487
0,368
0,724
0,639
0,132
0,600
0,537
0,343
0,379
0,148
0,183
0,349
0,767
0,700
0,233
0,633
0,147
0,568
0,780
0,738
0,379
0,411
0,354
0,622
0,39
0,620
0,168
0,716
0,265
0,290
0,60
0,391
0,685
0,299
0,693
0,339
0,180
0,363
0,209
0,663
0,664
0,610
0,569
0,13
0,533
0,799
0,111
0,257
0,333
0,642
0,329
0,355
0,80
0,136
0,625
0,727
0,49
0,345
0,331
0,207
0,559
0,629
0,668
0,576
0,316
0,271
0,505
0,103
0,272
0,49
0,35
0,61
0,371
0,132
0,98
0,308
0,468
0,710
0,783
0,176
0,753
0,633
0,226
0,303
0,531
0,263
0,473
0,432
0,378
0,412
0,178
0,456
0,613
0,216
0,346
0,230
0,444
0,173
0,274
0,349
0,149
0,326
0,507
0,25
0,495
0,637
0,252
0,483
0,55
0,23
0,797
0,300
0,178
0,376
0,745
0,662
0,673
0,226
0,635
0,531
0,418
0,585
0,450
0,550
0,456
0,679
0,97
0,565
0,332
0,37
0,146
0,118
0,648
0,192
0,728
0,605
0,25
0,488
0,162
0,269
0,571
0,115
0,745
0,211
0,379
0,565
0,441
0,156
0,356
0,410
0,327
0,109
0,778
0,407
0,619
0,695
0,143
0,277
0,57
0,421
0,692
0,309
0,52
0,764
0,171
0,273
0,597
0,325
0,38
0,15
0,415
0,8
0,5
0,692
0,689
0,324
0,666
0,719
0,11
0,741
0,104
0,756
0,327
0,557
0,277
0,26
0,391
0,57
0,379
0,156
0,222
0,732
0,723
0,727
0,466
0,241
0,157
0,722
0,791
0,299
0,794
0,40
0,665
0,199
0,182
0,550
0,193
0,53
0,639
0,565
0,745
0,392
0,283
0,355
0,655
0,188
0,339
0,421
0,617
0,400
0,136
0,394
0,584
0,383
0,161
0,200
0,163
0,393
0,345
0,121
0,543
0,539
0,629
0,604
0,633
0,431
0,478
0,117
0,160
0,172
0,731
0,10
0,791
0,493
0,477
0,456
0,54
0,247
0,785
0,627
0,393
0,326
0,76
0,259
0,662
0,277
0,718
0,79
0,574
0,40
0,652
0,183
0,430
0,477
0,651
0,692
0,520
0,127
0,543
0,208
0,58
0,581
0,548
0,119
0,405
0,622
0,651
0,461
0,478
0,726
0,634
0,759
0,775
0,109
0,565
0,253
0,34
0,400
0,534
0,433
0,747
0,269
0,35
0,252
0,550
0,468
0,35
0,560
0,11
0,276
0,18
0,176
0,156
0,666
0,619
0,288
0,212
0,745
0,123
0,530
0,567
0,375
0,690
0,444
0,680
0,338
0,699
0,366
0,668
0,281
0,13
0,531
0,498
0,318
0,367
0,3
0,507
0,312
0,313
0,256
0,685
0,573
0,55
0,262
0,756
0,664
0,339
0,422
0,463
0,399
0,735
0,378
0,534
0,119
0,740
0,638
0,196
0,753
0,717
0,127
0,656
0,457
0,675
0,308
0,573
0,70
0,100
0,742
0,392
0,361
0,277
0,755
0,616
0,761
0,237
0,146
0,21
0,27
0,111
0,111
0,488
0,482
0,621
0,678
0,44
0,268
0,151
0,59
0,90
0,82
0,627
0,454
0,142
0,134
0,196
0,451
0,605
0,336
0,140
0,509
0,366
0,437
0,666
0,474
0,387
0,566
0,500
0,95
0,13
0,784
0,496
0,403
0,759
0,441
0,175
0,664
0,297
0,332
0,259
0,610
0,712
0,82
0,619
0,105
0,261
0,655
0,453
0,267
0,468
0,148
0,315
0,580
0,439
0,542
0,263
0,6
0,493
0,635
0,46
0,721
0,120
0,706
0,749
0,183
0,342
0,463
0,224
0,727
0,711
0,634
0,569
0,203
0,303
0,175
0,92
0,328
0,664
0,359
0,570
0,561
0,234
0,642
0,42
0,162
0,456
0,172
0,191
0,642
0,550
0,476
0,471
0,522
0,290
0,266
0,774
0,748
0,156
0,659
0,394
0,417
0,602
0,122
0,743
0,190
0,705
0,290
0,64
0,112
0,454
0,45
0,563
0,315
0,335
0,352
0,800
0,100
0,277
0,232
0,406
0,698
0,299
0,594
0,276
0,42
0,463
0,205
0,59
0,181
0,32
0,454
0,84
0,646
0,270
0,786
0,404
0,183
0,461
0,696
0,202
0,442
0,117
0,637
0,382
0,759
0,313
0,293
0,797
0,375
0,158
0,347
0,390
0,40
0,17
0,33
0,794
0,614
0,205
0,95
0,27
0,730
0,767
0,577
0,430
0,490
0,675
0,266
0,721
0,283
0,133
0,443
0,33
0,740
0,454
0,246
0,756
0,49
0,184
0,453
0,241
0,203
0,537
0,377
0,49
0,10
0,321
0,511
0,303
0,118
0,135
0,302
0,178
0,379
0,781
0,447
0,78
0,584
0,124
0,669
0,608
0,304
0,596
0,1
0,369
0,328
0,114
0,232
0,242
0,145
0,388
0,479
0,410
0,740
0,411
0,530
0,6
0,353
0,578
0,359
0,353
0,126
0,363
0,149
0,31
0,629
0,177
0,562
0,755
0,327
0,752
0,781
0,321
0,2
0,757
0,97
0,123
0,68
0,523
0,273
0,462
0,282
0,353
0,569
0,519
0,780
0,721
0,74
0,496
0,339
0,707
0,659
0,276
0,455
0,717
0,279
0,476
0,70
0,195
0,289
0,233
0,82
0,1
0,480
0,445
0,297
0,253
0,755
0,531
0,219
0,619
0,19
0,353
0,249
0,447
0,154
0,393
0,655
0,732
0,250
0,456
0,95
0,791
0,385
0,716
0,320
0,377
0,419
0,510
0,160
0,470
0,648
0,704
0,378
0,707
0,551
0,298
0,700
0,764
0,531
0,770
0,87
0,585
0,163
0,213
0,665
0,137
0,791
0,132
0,739
0,220
0,189
0,29
0,524
0,84
0,536
0,139
0,478
0,110
0,543
0,587
0,797
0,491
0,105
0,548
0,509
0,577
0,298
0,517
0,141
0,317
0,754
0,179
0,273
0,176
0,501
0,337
0,252
0,346
0,452
0,786
0,146
0,247
0,221
0,49
0,237
0,212
0,481
0,360
0,789
0,696
0,636
0,560
0,98
0,454
0,158
0,700
0,533
0,276
0,157
0,258
0,391
0,593
0,365
0,677
0,329
0,457
0,597
0,672
0,516
0,410
0,8
0,421
0,432
0,149
0,591
0,141
0,675
0,589
0,92
0,258
0,357
0,765
0,655
0,228
0,772
0,723
0,725
0,23
0,278
0,505
0,508
0,189
0,91
0,36
0,552
0,582
0,602
0,131
0,645
0,654
0,215
0,33
0,321
0,788
0,694
0,312
0,371
0,214
0,233
0,416
0,482
0,96
0,287
0,426
0,695
0,76
0,699
0,684
0,532
0,475
0,138
0,85
0,692
0,84
0,176
0,759
0,790
0,634
0,290
0,72
0,130
0,55
0,442
0,648
0,329
0,595
0,75
0,362
0,572
0,555
0,593
0,93
0,150
0,443
0,232
0,302
0,551
0,625
0,504
0,205
0,105
0,482
0,478
0,637
0,622
0,616
0,702
0,450
0,682
0,611
0,491
0,58
0,697
0,31
0,298
0,572
0,140
0,175
0,459
0,740
0,261
0,524
0,440
0,423
0,109
0,492
0,747
0,759
0,281
0,374
0,131
0,490
0,152
0,501
0,429
0,269
0,195
0,556
0,269
0,480
0,391
0,149
0,253
0,503
0,408
0,359
0,767
0,761
0,313
0,756
0,578
0,486
0,71
0,651
0,598
0,422
0,435
0,579
0,237
0,540
0,170
0,342
0,423
0,338
0,156
0,797
0,94
0,251
0,510
0,564
0,451
0,610
0,486
0,563
0,27
0,386
0,213
0,88
0,793
0,370
0,552
0,731
0,706
0,23
0,317
0,123
0,548
0,124
0,197
0,102
0,111
0,396
0,93
0,19
0,95
0,600
0,364
0,209
0,549
0,704
0,474
0,784
0,20
0,298
0,373
0,467
0,516
0,188
0,203
0,781
0,754
0,510
0,189
0,125
0,366
0,139
0,104
0,90
0,756
0,388
0,798
0,443
0,528
0,519
0,678
0,702
0,108
0,34
0,769
0,717
0,37
0,475
0,21
0,239
0,569
0,207
0,137
0,390
0,126
0,219
0,82
0,360
0,541
0,203
0,480
0,469
0,228
0,364
0,648
0,749
0,401
0,505
0,716
0,87
0,353
0,573
0,670
0,248
0,250
0,165
0,306
0,218
0,778
0,425
0,325
0,427
0,343
0,709
0,182
0,399
0,616
0,756
0,627
0,750
0,232
0,540
0,685
0,65
0,209
0,759
0,783
0,244
0,97
0,7
0,39
0,337
0,505
0,727
0,93
0,12
0,707
0,740
0,236
0,688
0,763
0,510
0,209
0,311
0,259
0,596
0,265
0,318
0,151
0,768
0,552
0,524
0,165
0,237
0,762
0,658
0,174
0,692
0,677
0,159
0,24
0,673
0,403
0,40
0,306
0,485
0,415
0,796
0,641
0,185
0,534
0,559
0,158
0,259
0,765
0,319
0,536
0,785
0,337
0,147
0,151
0,53
0,768
0,548
0,419
0,195
0,251
0,707
0,39
0,227
0,145
0,12
0,648
0,733
0,334
0,105
0,436
0,121
0,109
0,591
0,165
0,264
0,479
0,81
0,703
0,260
0,559
0,136
0,722
0,223
0,780
0,680
0,344
0,768
0,53
0,224
0,486
0,255
0,566
0,49
0,71
0,97
0,362
0,754
0,451
0,479
0,381
0,218
0,483
0,711
0,21
0,522
0,120
0,534
0,241
0,498
0,514
0,641
0,653
0,697
0,714
0,799
0,448
0,327
0,412
0,364
0,507
0,336
0,750
0,155
0,282
0,775
0,585
0,294
0,177
0,455
0,253
0,72
0,460
0,566
0,688
0,359
0,125
0,592
0,449
0,202
0,272
0,216
0,284
0,551
0,211
0,784
0,387
0,446
0,502
0,132
0,247
0,712
0,424
0,494
0,157
0,685
0,223
0,295
0,251
0,446
0,624
0,607
0,543
0,746
0,586
0,555
0,705
0,239
0,495
0,430
0,375
0,183
0,90
0,767
0,84
0,246
0,316
0,221
0,223
0,51
0,448
0,194
0,400
0,640
0,147
0,779
0,498
0,249
0,750
0,611
0,189
0,404
0,37
0,612
0,599
0,617
0,218
0,132
0,145
0,419
0,63
0,229
0,373
0,558
0,470
0,187
0,360
0,163
0,783
0,66
0,532
0,162
0,779
0,284
0,329
0,666
0,137
0,386
0,481
0,418
0,48
0,183
0,275
0,216
0,567
0,483
0,219
0,291
0,192
0,499
0,129
0,695
0,384
0,298
0,352
0,628
0,233
0,179
0,739
0,211
0,372
0,605
0,77
0,293
0,210
0,669
0,56
0,724
0,34
0,472
0,405
0,490
0,620
0,401
0,437
0,319
0,486
0,532
0,43
0,669
0,62
0,239
0,237
0,24
0,799
0,1
0,422
0,775
0,430
0,688
0,628
0,48
0,401
0,352
0,507
0,33
0,319
0,725
0,411
0,503
0,322
0,794
0,640
0,242
0,766
0,254
0,559
0,313
0,309
0,469
0,479
0,153
0,437
0,429
0,463
0,158
0,200
0,103
0,280
0,513
0,738
0,264
0,13
0,362
0,559
0,37
0,574
0,353
0,780
0,162
0,286
0,774
0,189
0,561
0,300
0,494
0,680
0,799
0,581
0,347
0,304
0,294
0,33
0,59
0,719
0,367
0,163
0,672
0,587
0,516
0,377
0,754
0,39
0,637
0,463
0,357
0,520
0,404
0,165
0,310
0,408
0,443
0,487
0,123
0,393
0,275
0,119
0,659
0,735
0,230
0,798
0,300
0,605
0,594
0,228
0,615
0,244
0,683
0,404
0,598
0,442
0,643
0,99
0,655
0,415
0,285
0,725
0,234
0,156
0,205
0,525
0,360
0,794
0,800
0,583
0,687
0,725
0,574
0,728
0,506
0,769
0,349
0,765
0,763
0,724
0,635
0,337
0,377
0,416
0,268
0,118
0,257
0,282
0,720
0,141
0,284
0,134
0,201
0,534
0,671
0,749
0,795
0,682
0,259
0,543
0,57
0,756
0,479
0,72
0,481
0,329
0,514
0,375
0,437
0,791
0,221
0,69
0,658
0,302
0,630
0,651
0,583
0,452
0,91
0,427
0,164
0,283
0,270
0,439
0,268
0,604
0,104
0,9
0,525
0,477
0,372
0,111
0,248
0,655
0,327
0,679
0,643
0,574
0,27
0,193
0,118
0,449
0,436
0,251
0,374
0,666
0,398
0,109
0,590
0,518
0,494
0,564
0,116
0,564
0,64
0,535
0,622
0,436
0,215
0,80
0,537
0,584
0,783
0,449
0,36
0,41
0,602
0,614
0,379
0,637
0,418
0,191
0,34
0,467
0,27
0,403
0,57
0,294
0,448
0,436
0,660
0,542
0,247
0,309
0,586
0,263
0,397
0,778
0,27
0,315
0,408
0,558
0,362
0,340
0,596
0,233
0,335
0,447
0,550
0,30
0,525
0,290
0,438
0,559
0,312
0,36
0,255
0,689
0,238
0,700
0,301
0,701
0,302
0,420
0,745
0,769
0,195
0,267
0,331
0,463
0,41
0,311
0,494
0,506
0,107
0,570
0,650
0,510
0,528
0,617
0,226
0,431
0,78
0,784
0,578
0,395
0,33
0,708
0,600
0,421
0,3
0,176
0,238
0,535
0,77
0,65
0,36
0,708
0,124
0,55
0,124
0,614
0,587
0,282
0,371
0,662
0,458
0,212
0,18
0,730
0,483
0,169
0,225
0,132
0,237
0,317
0,424
0,595
0,106
0,96
0,150
0,367
0,284
0,112
0,302
0,271
0,520
0,756
0,646
0,107
0,256
0,467
0,280
0,569
0,522
0,74
0,709
0,254
0,468
0,343
0,718
0,590
0,381
0,235
0,14
0,322
0,652
0,117
0,215
0,537
0,729
0,177
0,778
0,471
0,156
0,328
0,314
0,477
0,458
0,294
0,14
0,732
0,319
0,285
0,12
0,370
0,9
0,718
0,631
0,418
0,355
0,403
0,622
0,467
0,726
0,320
0,464
0,131
0,669
0,312
0,199
0,576
0,669
0,591
0,124
0,160
0,528
0,194
0,72
0,100
0,330
0,350
0,327
0,491
0,434
0,204
0,694
0,155
0,681
0,238
0,391
0,605
0,497
0,225
0,159
0,461
0,172
0,147
0,182
0,690
0,769
0,9
0,192
0,726
0,721
0,141
0,780
0,464
0,43
0,760
0,563
0,401
0,108
0,412
0,145
0,4
0,257
0,612
0,721
0,537
0,416
0,44
0,262
0,796
0,622
0,659
0,423
0,429
0,739
0,112
0,43
0,595
0,218
0,770
0,133
0,351
0,187
0,98
0,471
0,721
0,768
0,679
0,566
0,293
0,614
0,745
0,641
0,561
0,724
0,364
0,165
0,4
0,304
0,339
0,415
0,718
0,9
0,393
0,683
0,227
0,432
0,332
0,724
0,373
0,511
0,686
0,42
0,454
0,739
0,495
0,33
0,297
0,488
0,337
0,664
0,684
0,243
0,733
0,28
0,688
0,398
0,555
0,34
0,496
0,618
0,517
0,202
0,54
0,278
0,188
0,85
0,145
0,462
0,696
0,431
0,740
0,212
0,654
0,175
0,564
0,90
0,637
0,403
0,498
0,406
0,572
0,246
0,207
0,677
0,633
0,190
0,109
0,8
0,503
0,125
0,402
0,181
0,562
0,36
0,459
0,384
0,95
0,364
0,747
0,666
0,319
0,36
0,268
0,403
0,453
0,587
0,625
0,267
0,591
0,593
0,279
0,233
0,6
0,318
0,766
0,12
0,327
0,720
0,710
0,800
0,316
0,283
0,544
0,738
0,254
0,276
0,571
0,617
0,86
0,748
0,510
0,725
0,387
0,409
0,449
0,728
0,617
0,80
0,683
0,75
0,495
0,678
0,165
0,681
0,568
0,108
0,471
0,469
0,672
0,345
0,504
0,676
0,475
0,262
0,764
0,324
0,165
0,307
0,26
0,389
0,79
0,267
0,63
0,784
0,14
0,745
0,555
0,435
0,515
0,168
0,776
0,572
0,56
0,173
0,755
0,564
0,420
0,272
0,377
0,321
0,249
0,163
0,588
0,142
0,6
0,574
0,718
0,433
0,460
0,222
0,468
0,235
0,162
0,256
0,219
0,672
0,288
0,302
0,704
0,425
0,625
0,430
0,222
0,333
0,651
0,621
0,645
0,486
0,683
0,704
0,219
0,409
0,317
0,675
0,316
0,453
0,456
0,353
0,57
0,593
0,702
0,306
0,368
0,4
0,220
0,669
0,222
0,122
0,524
0,328
0,322
0,691
0,209
0,469
0,306
0,525
0,427
0,369
0,131
0,339
0,362
0,142
0,757
0,462
0,360
0,611
0,653
0,353
0,471
0,210
0,423
0,325
0,649
0,715
0,432
0,455
0,561
0,578
0,181
0,789
0,316
0,599
0,6
0,366
0,787
0,466
0,769
0,572
0,1
0,754
0,333
0,196
0,275
0,772
0,707
0,417
0,241
0,771
0,544
0,226
0,168
0,486
0,428
0,524
0,454
0,561
0,417
0,248
0,341
0,488
0,506
0,470
0,183
0,143
0,388
0,368
0,220
0,339
0,497
0,428
0,365
0,481
0,100
0,607
0,773
0,240
0,286
0,335
0,153
0,49
0,675
0,34
0,115
0,517
0,453
0,220
0,269
0,392
0,143
0,347
0,190
0,35
0,752
0,324
0,27
0,580
0,401
0,643
0,576
0,703
0,8
0,643
0,182
0,613
0,326
0,694
0,471
0,656
0,144
0,529
0,766
0,471
0,238
0,666
0,503
0,484
0,428
0,753
0,45
0,75
0,708
0,604
0,238
0,704
0,251
0,292
0,175
0,48
0,535
0,8
0,214
0,22
0,141
0,238
0,489
0,142
0,465
0,441
0,771
0,199
0,506
0,273
0,381
0,423
0,290
0,682
0,526
0,273
0,222
0,538
0,332
0,79
0,300
0,561
0,743
0,725
0,556
0,316
0,240
0,141
0,707
0,200
0,455
0,767
0,146
0,367
0,798
0,581
0,42
0,795
0,191
0,131
0,512
0,730
0,280
0,85
0,124
0,455
0,352
0,131
0,234
0,438
0,77
0,553
0,610
0,441
0,511
0,588
0,75
0,159
0,562
0,233
0,724
0,517
0,460
0,576
0,767
0,193
0,196
0,340
0,367
0,755
0,85
0,796
0,148
0,67
0,676
0,663
0,223
0,119
0,103
0,726
0,579
0,533
0,232
0,614
0,645
0,745
0,328
0,746
0,112
0,221
0,664
0,18
0,139
0,662
0,304
0,409
0,336
0,155
0,246
0,510
0,49
0,271
0,174
0,233
0,794
0,776
0,67
0,620
0,632
0,110
0,627
0,198
0,479
0,288
0,348
0,223
0,343
0,444
0,181
0,324
0,704
0,165
0,304
0,637
0,726
0,592
0,253
0,104
0,659
0,637
0,88
0,445
0,308
0,134
0,670
0,179
0,354
0,393
0,380
0,109
0,313
0,313
0,477
0,223
0,245
0,524
0,177
0,671
0,385
0,175
0,688
0,24
0,658
0,132
0,721
0,414
0,331
0,558
0,240
0,537
0,305
0,38
0,538
0,744
0,89
0,475
0,601
0,279
0,600
0,19
0,331
0,4
0,717
0,207
0,285
0,265
0,273
0,786
0,677
0,462
0,608
0,34
0,719
0,436
0,193
0,560
0,490
0,382
0,545
0,550
0,341
0,375
0,92
0,243
0,394
0,33
0,176
0,257
0,340
0,492
0,306
0,236
0,167
0,334
0,739
0,6
0,138
0,36
0,228
0,114
0,409
0,190
0,221
0,775
0,28
0,538
0,575
0,608
0,371
0,421
0,162
0,744
0,648
0,238
0,777
0,291
0,129
0,747
0,303
0,170
0,324
0,496
0,589
0,431
0,223
0,513
0,687
0,408
0,355
0,551
0,32
0,413
0,136
0,425
0,614
0,398
0,473
0,411
0,757
0,769
0,360
0,388
0,44
0,545
0,550
0,650
0,145
0,642
0,200
0,712
0,470
0,124
0,789
0,98
0,48
0,713
0,468
0,573
0,43
0,137
0,61
0,585
0,255
0,421
0,429
0,595
0,373
0,548
0,244
0,140
0,615
0,98
0,139
0,648
0,183
0,232
0,603
0,203
0,697
0,453
0,341
0,127
0,54
0,147
0,86
0,640
0,497
0,32
0,261
0,195
0,228
0,86
0,764
0,532
0,298
0,277
0,265
0,465
0,95
0,309
0,288
0,525
0,390
0,21
0,529
0,406
0,168
0,401
0,610
0,308
0,737
0,642
0,671
0,746
0,326
0,678
0,417
0,206
0,111
0,100
0,696
0,343
0,360
0,467
0,530
0,62
0,790
0,695
0,627
0,224
0,201
0,597
0,538
0,787
0,323
0,365
0,339
0,243
0,642
0,12
0,295
0,556
0,59
0,760
0,587
0,459
0,758
0,658
0,150
0,229
0,358
0,711
0,759
0,294
0,426
0,549
0,359
0,775
0,568
0,731
0,305
0,761
0,546
0,754
0,335
0,471
0,495
0,371
0,615
0,42
0,171
0,231
0,178
0,671
0,242
0,60
0,275
0,78
0,342
0,631
0,754
0,297
0,340
0,59
0,73
0,471
0,636
0,207
0,362
0,260
0,268
0,553
0,700
0,152
0,235
0,148
0,655
0,760
0,64
0,715
0,296
0,323
0,305
0,478
0,254
0,271
0,329
0,365
0,798
0,714
0,700
0,435
0,320
0,361
0,132
0,56
0,252
0,676
0,195
0,64
0,135
0,753
0,516
0,407
0,421
0,741
0,38
0,759
0,135
0,377
0,705
0,127
0,60
0,575
0,441
0,267
0,464
0,425
0,722
0,341
0,410
0,562
0,601
0,293
0,88
0,744
0,319
0,657
0,52
0,119
0,258
0,238
0,135
0,392
0,312
0,594
0,484
0,419
0,197
0,381
0,99
0,494
0,646
0,214
0,777
0,191
0,86
0,453
0,574
0,606
0,69
0,364
0,646
0,681
0,268
0,516
0,772
0,744
0,132
0,773
0,319
0,54
0,701
0,84
0,57
0,677
0,422
0,33
0,122
0,110
0,47
0,413
0,182
0,238
0,110
0,75
0,558
0,393
0,522
0,679
0,253
0,651
0,349
0,388
0,630
0,579
0,298
0,590
0,686
0,644
0,593
0,197
0,344
0,209
0,278
0,541
0,608
0,524
0,562
0,633
0,774
0,250
0,225
0,252
0,560
0,399
0,548
0,722
0,10
0,770
0,268
0,215
0,143
0,520
0,164
0,419
0,370
0,392
0,771
0,74
0,472
0,717
0,644
0,116
0,9
0,215
0,187
0,273
0,687
0,121
0,791
0,662
0,694
0,670
0,283
0,692
0,372
0,137
0,82
0,102
0,481
0,8
0,343
0,606
0,738
0,248
0,227
0,381
0,265
0,69
0,565
0,494
0,22
0,436
0,695
0,639
0,543
0,445
0,636
0,18
0,353
0,191
0,698
0,319
0,149
0,682
0,502
0,315
0,345
0,288
0,341
0,312
0,114
0,21
0,131
0,518
0,660
0,105
0,248
0,187
0,800
0,350
0,68
0,237
0,406
0,278
0,755
0,110
0,667
0,640
0,799
0,728
0,9
0,643
0,386
0,298
0,420
0,152
0,707
0,87
0,23
0,471
0,699
0,623
0,500
0,686
0,641
0,379
0,736
0,154
0,23
0,9
0,52
0,751
0,94
0,46
0,400
0,532
0,374
0,230
0,149
0,343
0,587
0,319
0,572
0,230
0,68
0,564
0,602
0,791
0,77
0,152
0,793
0,398
0,716
0,297
0,721
0,371
0,775
0,24
0,268
0,6
0,724
0,744
0,185
0,148
0,192
0,715
0,405
0,307
0,378
0,176
0,355
0,333
0,207
0,209
0,652
0,411
0,646
0,117
0,205
0,433
0,361
0,27
0,305
0,576
0,373
0,7
0,412
0,672
0,186
0,543
0,717
0,377
0,786
0,689
0,557
0,753
0,364
0,183
0,180
0,737
0,12
0,522
0,197
0,252
0,727
0,68
0,328
0,600
0,509
0,165
0,358
0,317
0,492
0,596
0,707
0,20
0,510
0,256
0,602
0,140
0,747
0,721
0,772
0,48
0,795
0,406
0,614
0,302
0,575
0,427
0,764
0,392
0,675
0,156
0,284
0,445
0,37
0,759
0,320
0,30
0,513
0,294
0,404
0,568
0,195
0,705
0,262
0,553
0,269
0,797
0,768
0,215
0,207
0,86
0,430
0,217
0,577
0,595
0,599
0,432
0,467
0,160
0,204
0,479
0,258
0,602
0,76
0,782
0,214
0,285
0,569
0,608
0,375
0,434
0,306
0,684
0,607
0,355
0,379
0,121
0,327
0,256
0,89
0,160
0,463
0,551
0,469
0,260
0,485
0,161
0,44
0,68
0,73
0,522
0,677
0,655
0,484
0,137
0,32
0,499
0,688
0,332
0,610
0,368
0,59
0,631
0,43
0,211
0,285
0,100
0,37
0,692
0,737
0,743
0,492
0,190
0,15
0,262
0,527
0,89
0,490
0,82
0,477
0,202
0,729
0,577
0,619
0,630
0,47
0,115
0,761
0,625
0,398
0,214
0,150
0,734
0,562
0,217
0,18
0,431
0,224
0,638
0,10
0,370
0,565
0,680
0,307
0,6
0,236
0,438
0,573
0,303
0,267
0,285
0,322
0,75
0,589
0,207
0,651
0,376
0,746
0,280
0,774
0,215
0,164
0,617
0,642
0,375
0,108
0,377
0,48
0,640
0,266
0,206
0,97
0,96
0,131
0,617
0,112
0,727
0,630
0,417
0,186
0,153
0,282
0,709
0,396
0,759
0,737
0,5
0,103
0,532
0,227
0,691
0,32
0,784
0,442
0,345
0,662
0,460
0,131
0,522
0,177
0,234
0,514
0,179
0,541
0,161
0,244
0,451
0,791
0,619
0,699
0,105
0,434
0,491
0,684
0,177
0,14
0,142
0,302
0,571
0,141
0,615
0,123
0,640
0,502
0,535
0,95
0,464
0,283
0,515
0,265
0,456
0,67
0,186
0,549
0,456
0,461
0,108
0,40
0,47
0,180
0,632
0,405
0,214
0,340
0,534
0,391
0,266
0,488
0,105
0,568
0,407
0,691
0,622
0,786
0,168
0,503
0,795
0,149
0,644
0,53
0,86
0,734
0,346
0,204
0,731
0,439
0,664
0,474
0,442
0,624
0,57
0,318
0,529
0,32
0,309
0,770
0,417
0,378
0,576
0,27
0,308
0,490
0,410
0,767
0,442
0,230
0,192
0,457
0,647
0,562
0,507
0,169
0,588
0,137
0,92
0,96
0,51
0,354
0,745
0,721
0,535
0,106
0,539
0,500
0,17
0,251
0,255
0,499
0,751
0,766
0,599
0,40
0,172
0,407
0,567
0,596
0,259
0,471
0,418
0,44
0,557
0,386
0,371
0,656
0,166
0,639
0,495
0,677
0,349
0,379
0,155
0,697
0,735
0,38
0,576
0,126
0,83
0,784
0,258
0,490
0,780
0,512
0,189
0,435
0,257
0,353
0,52
0,744
0,361
0,459
0,661
0,348
0,612
0,526
0,592
0,137
0,753
0,559
0,630
0,504
0,540
0,529
0,457
0,69
0,672
0,55
0,498
0,152
0,521
0,64
0,311
0,374
0,739
0,492
0,234
0,719
0,650
0,176
0,715
0,640
0,347
0,421
0,770
0,609
0,549
0,310
0,311
0,413
0,124
0,756
0,213
0,162
0,326
0,158
0,114
0,511
0,166
0,711
0,300
0,743
0,68
0,701
0,639
0,717
0,409
0,397
0,318
0,503
0,341
0,642
0,382
0,505
0,132
0,799
0,740
0,777
0,788
0,646
0,397
0,41
0,156
0,20
0,570
0,460
0,483
0,777
0,688
0,522
0,331
0,119
0,660
0,719
0,734
0,745
0,743
0,706
0,277
0,614
0,602
0,196
0,9
0,759
0,747
0,275
0,358
0,585
0,238
0,259
0,462
0,192
0,195
0,102
0,83
0,260
0,207
0,35
0,139
0,266
0,429
0,56
0,86
0,388
0,161
0,410
0,336
0,349
0,244
0,15
0,488
0,317
0,682
0,313
0,205
0,80
0,268
0,327
0,598
0,666
0,719
0,69
0,454
0,511
0,64
0,584
0,354
0,689
0,181
0,353
0,658
0,83
0,75
0,546
0,60
0,662
0,710
0,707
0,428
0,632
0,729
0,87
0,8
0,559
0,266
0,171
0,527
0,426
0,58
0,8
0,163
0,152
0,545
0,386
0,222
0,243
0,129
0,155
0,291
0,217
0,68
0,508
0,125
0,685
0,40
0,331
0,299
0,757
0,357
0,709
0,33
0,341
0,594
0,11
0,778
0,353
0,41
0,791
0,613
0,591
0,384
0,355
0,710
0,126
0,709
0,694
0,436
0,661
0,18
0,140
0,741
0,36
0,533
0,223
0,21
0,335
0,216
0,681
0,573
0,204
0,713
0,376
0,776
0,718
0,489
0,590
0,70
0,167
0,344
0,799
0,512
0,59
0,558
0,628
0,250
0,373
0,347
0,141
0,211
0,238
0,415
0,694
0,542
0,10
0,500
0,652
0,111
0,517
0,761
0,24
0,84
0,678
0,174
0,182
0,216
0,159
0,163
0,625
0,648
0,7
0,27
0,527
0,474
0,520
0,636
0,627
0,153
0,323
0,467
0,488
0,133
0,612
0,795
0,380
0,371
0,62
0,121
0,581
0,724
0,352
0,698
0,369
0,573
0,647
0,136
0,161
0,578
0,281
0,308
0,587
0,319
0,111
0,333
0,714
0,129
0,376
0,106
0,28
0,356
0,187
0,659
0,458
0,698
0,743
0,577
0,746
0,406
0,164
0,746
0,26
0,436
0,6
0,707
0,335
0,23
0,603
0,216
0,763
0,86
0,182
0,604
0,93
0,95
0,230
0,162
0,604
0,266
0,663
0,788
0,301
0,369
0,697
0,22
0,687
0,140
0,84
0,465
0,696
0,583
0,521
0,290
0,37
0,349
0,308
0,521
0,375
0,174
0,501
0,72
0,699
0,490
0,507
0,363
0,380
0,549
0,724
0,338
0,253
0,22
0,756
0,326
0,436
0,484
0,645
0,679
0,77
0,463
0,337
0,789
0,673
0,250
0,366
0,7
0,297
0,576
0,162
0,520
0,202
0,624
0,602
0,623
0,597
0,408
0,510
0,175
0,587
0,771
0,645
0,86
0,623
0,658
0,689
0,285
0,75
0,781
0,218
0,299
0,344
0,74
0,222
0,59
0,627
0,428
0,144
0,256
0,124
0,124
0,558
0,325
0,414
0,335
0,106
0,668
0,451
0,45
0,116
0,549
0,623
0,726
0,25
0,93
0,686
0,745
0,465
0,41
0,431
0,336
0,538
0,14
0,371
0,217
0,38
0,97
0,597
0,665
0,699
0,473
0,470
0,171
0,788
0,793
0,322
0,146
0,793
0,104
0,471
0,538
0,586
0,763
0,249
0,609
0,770
0,184
0,325
0,341
0,368
0,480
0,619
0,624
0,202
0,543
0,358
0,400
0,25
0,193
0,682
0,94
0,266
0,138
0,523
0,353
0,460
0,612
0,775
0,674
0,459
0,147
0,533
0,278
0,583
0,301
0,748
0,405
0,542
0,388
0,233
0,580
0,679
0,691
0,577
0,332
0,18
0,105
0,571
0,432
0,530
0,243
0,422
0,290
0,458
0,746
0,109
0,46
0,107
0,294
0,784
0,425
0,159
0,553
0,633
0,249
0,429
0,507
0,408
0,444
0,449
0,608
0,418
0,248
0,790
0,459
0,195
0,763
0,744
0,546
0,297
0,253
0,768
0,95
0,769
0,328
0,453
0,777
0,689
0,642
0,405
0,772
0,748
0,500
0,439
0,236
0,734
0,754
0,171
0,20
0,590
0,559
0,136
0,493
0,497
0,568
0,113
0,561
0,241
0,240
0,226
0,52
0,190
0,765
0,186
0,694
0,664
0,39
0,183
0,464
0,164
0,40
0,782
0,591
0,284
0,700
0,180
0,484
0,19
0,753
0,248
0,26
0,9
0,243
0,271
0,303
0,202
0,582
0,797
0,62
0,283
0,720
0,337
0,471
0,26
0,66
0,27
0,626
0,215
0,265
