3000
3,628
6,656
10,758
13,437
16,51
20,463
23,398
26,204
29,95
33,384
36,474
40,258
43,512
46,264
50,772
53,702
56,779
60,169
63,30
66,28
70,530
73,167
76,92
80,251
83,111
86,706
89,780
93,215
96,706
99,467
103,226
106,322
109,64
113,792
116,78
119,372
123,44
126,192
129,511
133,415
136,415
139,712
143,295
146,600
150,799
153,386
156,345
160,681
163,509
166,737
170,339
173,759
176,726
180,778
183,414
186,382
190,588
193,142
196,780
200,67
203,697
206,133
210,136
213,532
216,331
220,698
223,277
226,702
230,630
233,338
236,353
240,21
243,459
246,430
250,424
253,44
256,81
260,120
263,451
266,382
270,658
273,414
276,302
280,388
283,68
286,470
290,121
293,102
296,81
300,391
303,653
306,341
310,453
313,43
316,174
319,416
323,466
326,780
329,170
333,347
336,267
339,623
343,183
346,721
349,139
353,60
356,215
359,563
363,507
366,524
369,596
373,317
376,148
379,711
383,57
386,708
389,362
393,409
396,284
399,226
403,780
406,281
409,145
413,523
416,438
419,602
423,758
426,598
429,515
433,364
436,713
439,466
443,309
446,376
449,436
453,647
456,76
459,60
463,14
466,63
469,370
473,284
476,177
479,233
483,18
486,709
489,699
493,356
496,533
499,30
503,681
506,28
509,516
513,57
516,240
519,270
523,517
526,538
529,551
533,588
536,205
539,653
543,691
546,121
549,300
553,710
556,36
559,61
563,721
566,639
569,499
573,106
576,267
579,350
583,439
586,61
589,601
593,121
596,73
599,189
603,21
606,120
610,612
613,630
616,792
620,490
623,195
626,28
630,603
633,29
636,123
640,624
643,221
646,685
650,603
653,151
656,679
660,507
663,513
666,48
670,84
673,160
676,619
680,226
683,642
686,765
690,241
693,262
696,504
700,148
703,757
706,44
710,788
713,500
716,714
720,603
723,608
726,585
730,382
733,250
736,711
740,41
743,212
746,524
750,483
753,687
756,353
760,38
763,80
766,597
770,714
773,609
776,461
780,146
783,529
786,452
790,343
793,99
796,19
800,768
803,578
806,536
810,653
813,518
816,717
820,307
823,171
826,554
830,84
833,288
836,525
840,21
843,409
846,257
850,191
853,321
856,220
860,35
863,340
866,580
870,33
873,143
876,514
880,558
883,153
886,89
890,729
893,27
896,169
900,681
903,347
906,128
910,98
913,29
916,577
920,127
923,9
926,73
930,531
933,728
936,289
940,188
943,538
946,670
950,64
953,409
956,729
960,316
963,645
966,211
970,342
973,360
976,264
980,419
983,735
986,18
990,601
993,457
996,608
1000,325
1003,221
1006,430
1010,705
1013,453
1016,337
1020,233
1023,43
1026,684
1030,589
1033,13
1036,115
1040,396
1043,63
1046,633
1050,762
1053,795
1056,699
1060,211
1063,255
1066,516
1070,633
1073,758
1076,207
1080,411
1083,596
1086,800
1090,54
1093,709
1096,106
1100,300
1103,372
1106,771
1110,655
1113,86
1116,37
1120,559
1123,340
1126,69
1130,453
1133,64
1136,105
1140,102
1143,635
1146,654
1150,250
1153,228
1156,9
1160,282
1163,40
1166,288
1170,423
1173,284
1176,597
1180,236
1183,739
1186,292
1190,650
1193,532
1196,118
1200,50
1203,556
1206,658
1210,791
1213,564
1216,229
1220,245
1223,720
1226,515
1230,104
1233,29
1236,488
1239,376
1243,525
1246,359
1249,403
1253,216
1256,113
1259,148
1263,192
1266,521
1269,769
1273,115
1276,569
1279,579
1283,162
1286,585
1289,792
1293,753
1296,546
1299,727
1303,459
1306,649
1309,750
1313,167
1316,735
1319,594
1323,660
1326,190
1329,720
1333,783
1336,752
1339,235
1343,493
1346,330
1349,146
1353,529
1356,547
1359,209
1363,371
1366,643
1369,769
1373,30
1376,571
1379,141
1383,384
1386,3
1389,40
1393,476
1396,149
1399,208
1403,202
1406,134
1409,5
1413,800
1416,328
1419,467
1423,510
1426,760
1429,768
1433,122
1436,364
1439,766
1443,106
1446,298
1449,667
1453,608
1456,185
1459,764
1463,224
1466,365
1469,16
1473,145
1476,579
1479,672
1483,789
1486,125
1489,368
1493,645
1496,109
1499,69
1503,220
1506,200
1509,438
1513,729
1516,393
1519,373
1523,695
1526,608
1529,599
1533,693
1536,430
1539,392
1543,494
1546,750
1549,468
1553,169
1556,248
1559,634
1563,388
1566,108
1569,31
1573,219
1576,544
1579,175
1583,683
1586,473
1589,73
1593,70
1596,98
1599,525
1603,86
1606,374
1609,124
1613,675
1616,275
1619,692
1623,686
1626,517
1629,544
1633,460
1636,597
1639,671
1643,731
1646,133
1649,38
1653,50
1656,590
1659,402
1663,108
1666,342
1669,426
1673,774
1676,22
1679,504
1683,780
1686,49
1689,197
1693,246
1696,231
1699,549
1703,694
1706,641
1709,404
1713,403
1716,177
1719,248
1723,36
1726,393
1729,280
1733,345
1736,384
1739,314
1743,753
1746,346
1749,315
1753,96
1756,170
1759,157
1763,654
1766,208
1769,733
1773,546
1776,697
1779,631
1783,318
1786,740
1789,699
1793,589
1796,337
1799,7
1803,279
1806,43
1809,273
1813,209
1816,89
1819,130
1823,786
1826,676
1829,644
1833,569
1836,425
1839,235
1843,68
1846,696
1849,506
1853,54
1856,734
1859,74
1863,671
1866,75
1869,247
1873,514
1876,420
1879,313
1883,129
1886,283
1889,322
1893,235
1896,660
1899,26
1903,651
1906,397
1909,294
1913,471
1916,24
1919,111
1923,433
1926,447
1929,732
1933,325
1936,729
1939,710
1943,331
1946,522
1949,516
1953,769
1956,425
1959,742
1963,800
1966,543
1969,499
1973,674
1976,536
1979,16
1983,56
1986,126
1989,577
1993,753
1996,531
1999,76
2003,26
2006,506
2009,260
2013,297
2016,661
2019,120
2023,62
2026,140
2029,70
2033,122
2036,459
2039,640
2043,324
2046,43
2049,686
2053,394
2056,38
2059,143
2063,346
2066,84
2069,735
2073,487
2076,144
2079,430
2083,244
2086,242
2089,115
2093,459
2096,225
2099,561
2103,553
2106,523
2109,790
2113,404
2116,100
2119,254
2123,728
2126,381
2129,294
2133,440
2136,656
2139,154
2143,763
2146,14
2149,764
2153,306
2156,168
2159,183
2163,469
2166,79
2169,109
2173,2
2176,125
2179,234
2183,198
2186,170
2189,624
2193,404
2196,239
2199,543
2203,790
2206,214
2209,513
2213,206
2216,203
2219,421
2223,552
2226,494
2229,53
2233,676
2236,686
2239,758
2243,738
2246,333
2249,84
2253,661
2256,795
2259,739
2263,156
2266,665
2269,683
2273,99
2276,499
2279,785
2283,65
2286,486
2289,114
2293,18
2296,240
2299,457
2303,633
2306,539
2309,516
2313,479
2316,274
2319,319
2323,400
2326,301
2329,88
2333,749
2336,657
2339,795
2343,122
2346,680
2349,237
2353,794
2356,786
2359,480
2363,65
2366,460
2369,49
2373,150
2376,728
2379,393
2383,383
2386,208
2389,714
2393,752
2396,372
2399,536
2403,337
2406,356
2409,448
2413,704
2416,183
2419,70
2423,447
2426,213
2429,622
2433,530
2436,506
2439,268
2443,677
2446,226
2449,267
2453,82
2456,318
2460,577
2463,454
2466,329
2470,431
2473,250
2476,772
2480,579
2483,549
2486,423
2490,448
2493,52
2496,646
2500,381
2503,41
2506,74
2510,20
2513,313
2516,370
2520,763
2523,502
2526,731
2530,401
2533,391
2536,46
2540,250
2543,365
2546,442
2550,210
2553,85
2556,34
2560,573
2563,269
2566,381
2570,174
2573,292
2576,260
2580,533
2583,495
2586,216
2590,510
2593,133
2596,740
2600,23
2603,399
2606,591
2610,142
2613,309
2616,427
2620,455
2623,612
2626,277
2630,517
2633,513
2636,484
2640,103
2643,9
2646,158
2650,632
2653,424
2656,171
2660,452
2663,644
2666,736
2670,175
2673,722
2676,231
2680,150
2683,124
2686,361
2690,143
2693,146
2696,527
2700,554
2703,2
2706,673
2710,625
2713,305
2716,11
2720,795
2723,311
2726,678
2730,697
2733,14
2736,206
2740,62
2743,429
2746,742
2750,34
2753,21
2756,112
2760,145
2763,540
2766,299
2770,490
2773,378
2776,595
2780,292
2783,786
2786,49
2790,708
2793,594
2796,311
2800,566
2803,187
2806,614
2810,11
2813,119
2816,444
2820,179
2823,266
2826,101
2830,607
2833,708
2836,252
2840,317
2843,85
2846,296
2850,370
2853,635
2856,455
2860,379
2863,689
2866,336
2870,412
2873,25
2876,603
2880,171
2883,39
2886,114
2890,375
2893,573
2896,106
2900,79
2903,778
2906,484
2910,677
2913,542
2916,519
2920,561
2923,790
2926,438
2930,364
2933,363
2936,415
2940,354
2943,791
2946,475
2950,201
2953,292
2956,457
2960,440
2963,444
2966,451
2970,766
2973,347
2976,650
2980,187
2983,709
2986,698
2990,640
2993,700
2996,191
3000,607
3003,123
3006,41
3010,216
3013,7
3016,510
3020,675
3023,788
3026,603
3030,769
3033,504
3036,369
3040,22
3043,373
3046,770
3050,506
3053,692
3056,142
3060,163
3063,666
3066,742
3070,236
3073,246
3076,101
3080,166
3083,337
3086,433
3090,299
3093,94
3096,432
3100,206
3103,571
3106,215
3110,775
3113,653
3116,109
3120,443
3123,251
3126,467
3130,533
3133,573
3136,601
3140,432
3143,513
3146,371
3150,630
3153,305
3156,456
3160,254
3163,31
3166,142
3170,15
3173,642
3176,355
3180,464
3183,47
3186,239
3190,622
3193,231
3196,690
3200,697
3203,228
3206,794
3210,91
3213,503
3216,594
3220,229
3223,63
3226,590
3230,240
3233,96
3236,254
3240,40
3243,778
3246,138
3250,163
3253,301
3256,628
3260,168
3263,553
3266,705
3270,130
3273,667
3276,776
3280,558
3283,241
3286,211
3290,789
3293,691
3296,776
3300,604
3303,87
3306,689
3310,290
3313,781
3316,448
3320,489
3323,323
3326,200
3330,519
3333,433
3336,121
3340,668
3343,179
3346,337
3350,611
3353,435
3356,179
3360,45
3363,674
3366,680
3370,552
3373,408
3376,640
3380,257
3383,89
3386,416
3390,274
3393,499
3396,382
3400,742
3403,38
3406,462
3410,45
3413,337
3416,412
3420,605
3423,350
3426,577
3430,420
3433,696
3436,69
3440,236
3443,165
3446,630
3450,202
3453,79
3456,182
3460,262
3463,678
3466,320
3470,513
3473,131
3476,438
3480,521
3483,100
3486,1
3490,173
3493,445
3496,798
3500,756
3503,391
3506,729
3510,470
3513,332
3516,137
3520,445
3523,189
3526,174
3530,8
3533,621
3536,358
3540,332
3543,164
3546,640
3550,400
3553,368
3556,18
3560,479
3563,95
3566,518
3570,603
3573,73
3576,512
3580,240
3583,215
3586,765
3590,392
3593,233
3596,344
3600,571
3603,552
3606,333
3610,528
3613,326
3616,406
3620,693
3623,15
3626,191
3630,298
3633,431
3636,217
3640,601
3643,526
3646,185
3650,433
3653,558
3656,732
3660,624
3663,265
3666,476
3670,626
3673,92
3676,681
3680,28
3683,626
3686,609
3690,695
3693,193
3696,738
3700,619
3703,422
3706,13
3710,93
3713,211
3716,690
3720,161
3723,101
3726,502
3730,70
3733,779
3736,771
3740,303
3743,51
3746,685
3750,329
3753,779
3756,596
3760,64
3763,473
3766,296
3770,660
3773,45
3776,273
3780,98
3783,185
3786,28
3790,381
3793,581
3796,485
3800,558
3803,703
3806,439
3810,350
3813,277
3816,621
3820,108
3823,799
3826,440
3830,384
3833,736
3836,702
3840,477
3843,270
3846,264
3850,348
3853,703
3856,491
3860,69
3863,171
3866,292
3870,466
3873,47
3876,739
3880,523
3883,109
3886,303
3890,302
3893,578
3896,647
3900,500
3903,376
3906,285
3910,193
3913,664
3916,5
3920,350
3923,604
3926,585
3930,39
3933,560
3936,711
3940,114
3943,175
3946,265
3950,367
3953,489
3956,199
3960,618
3963,753
3966,417
3970,795
3973,331
3976,614
3980,515
3983,791
3986,326
3990,333
3993,564
3996,496
4000,592
4003,15
4006,762
4010,732
4013,640
4016,459
4020,646
4023,9
4026,94
4030,607
4033,555
4036,293
4040,535
4043,610
4046,635
4050,689
4053,77
4056,415
4060,11
4063,37
4066,392
4070,175
4073,579
4076,732
4080,717
4083,800
4086,713
4090,605
4093,469
4096,216
4100,55
4103,665
4106,140
4110,170
4113,277
4116,675
4120,98
4123,497
4126,591
4130,346
4133,643
4136,316
4140,588
4143,184
4146,212
4150,535
4153,509
4156,237
4160,51
4163,626
4166,82
4170,123
4173,55
4176,38
4180,687
4183,788
4186,729
4190,418
4193,644
4196,798
4200,686
4203,659
4206,703
4210,313
4213,185
4216,269
4220,725
4223,678
4226,115
4230,46
4233,249
4236,775
4240,195
4243,565
4246,20
4250,512
4253,291
4256,519
4260,86
4263,670
4266,367
4270,547
4273,523
4276,36
4280,779
4283,542
4286,228
4290,25
4293,681
4296,497
4300,104
4303,360
4306,548
4310,538
4313,418
4316,305
4320,134
4323,318
4326,611
4330,550
4333,694
4336,394
4340,191
4343,640
4346,406
4350,757
4353,657
4356,291
4360,344
4363,620
4366,793
4370,762
4373,494
4376,134
4380,288
4383,763
4386,545
4390,110
4393,227
4396,475
4400,424
4403,425
4406,88
4410,792
4413,784
4416,457
4420,123
4423,38
4426,383
4430,744
4433,724
4436,24
4440,160
4443,572
4446,94
4450,485
4453,190
4456,496
4460,286
4463,191
4466,238
4470,774
4473,262
4476,671
4480,236
4483,232
4486,616
4490,582
4493,411
4496,485
4500,32
4503,50
4506,429
4510,477
4513,400
4516,39
4520,800
4523,298
4526,593
4530,398
4533,255
4536,576
4540,196
4543,350
4546,723
4550,163
4553,421
4556,670
4560,104
4563,611
4566,779
4570,570
4573,148
4576,50
4580,464
4583,202
4586,176
4590,45
4593,393
4596,758
4600,583
4603,36
4606,693
4610,57
4613,691
4616,540
4620,658
4623,236
4626,400
4630,174
4633,279
4636,526
4640,150
4643,614
4646,752
4650,477
4653,652
4656,694
4660,302
4663,181
4666,553
4670,379
4673,402
4676,521
4680,784
4683,91
4686,40
4690,474
4693,718
4696,416
4700,501
4703,223
4706,685
4710,52
4713,543
4716,113
4720,621
4723,639
4726,701
4730,438
4733,103
4736,777
4740,545
4743,383
4746,691
4750,412
4753,775
4756,643
4760,245
4763,44
4766,421
4770,441
4773,177
4776,554
4780,720
4783,300
4786,605
4790,775
4793,435
4796,179
4800,535
4803,101
4806,386
4810,70
4813,229
4816,49
4820,583
4823,457
4826,739
4830,62
4833,398
4836,767
4840,62
4843,730
4846,698
4850,309
4853,461
4856,248
4860,758
4863,567
4866,794
4870,641
4873,493
4876,531
4880,49
4883,191
4886,105
4890,775
4893,441
4896,58
4900,226
4903,48
4906,12
4910,246
4913,405
4916,240
4919,83
4923,468
4926,464
4929,461
4933,567
4936,689
4939,452
4943,342
4946,789
4949,538
4953,421
4956,790
4959,356
4963,103
4966,164
4969,234
4973,559
4976,263
4979,148
4983,597
4986,67
4989,73
4993,245
4996,655
4999,312
5003,432
5006,59
5009,312
5013,88
5016,261
5019,388
5023,408
5026,140
5029,776
5033,267
5036,548
5039,730
5043,112
5046,209
5049,224
5053,67
5056,339
5059,4
5063,20
5066,124
5069,437
5073,81
5076,84
5079,535
5083,641
5086,12
5089,665
5093,352
5096,734
5099,48
5103,333
5106,447
5109,369
5113,577
5116,768
5119,507
5123,297
5126,796
5129,275
5133,389
5136,166
5139,84
5143,301
5146,443
5149,165
5153,467
5156,149
5159,476
5163,253
5166,777
5169,463
5173,712
5176,761
5179,479
5183,598
5186,24
5189,256
5193,593
5196,452
5199,440
5203,690
5206,148
5209,325
5213,104
5216,375
5219,555
5223,240
5226,656
5229,723
5233,74
5236,53
5239,587
5243,59
5246,606
5249,777
5253,11
5256,449
5259,77
5263,271
5266,309
5269,135
5273,143
5276,420
5279,409
5283,18
5286,69
5289,491
5293,401
5296,144
5299,556
5303,186
5306,277
5309,459
5313,419
5316,707
5319,592
5323,441
5326,31
5329,243
5333,611
5336,199
5339,211
5343,355
5346,121
5349,405
5353,697
5356,623
5359,321
5363,58
5366,757
5369,695
5373,691
5376,325
5379,406
5383,186
5386,792
5389,355
5393,358
5396,698
5399,287
5403,294
5406,12
5409,12
5413,614
5416,391
5419,74
5423,750
5426,484
5429,92
5433,435
5436,47
5439,787
5443,353
5446,497
5449,683
5453,486
5456,183
5459,781
5463,388
5466,136
5469,305
5473,94
5476,421
5479,102
5483,197
5486,207
5489,421
5493,69
5496,701
5499,307
5503,559
5506,515
5509,250
5513,795
5516,408
5519,401
5523,291
5526,375
5529,364
5533,644
5536,242
5539,126
5543,740
5546,173
5549,256
5553,278
5556,516
5559,749
5563,501
5566,25
5569,634
5573,791
5576,444
5579,754
5583,478
5586,294
5589,114
5593,556
5596,706
5599,226
5603,141
5606,787
5609,614
5613,505
5616,710
5619,547
5623,400
5626,783
5629,49
5633,343
5636,133
5639,642
5643,439
5646,522
5649,690
5653,385
5656,703
5659,317
5663,598
5666,421
5669,698
5673,117
5676,252
5679,689
5683,2
5686,686
5689,65
5693,409
5696,374
5699,662
5703,713
5706,769
5709,692
5713,439
5716,785
5719,427
5723,530
5726,600
5729,772
5733,492
5736,458
5739,659
5743,755
5746,174
5749,319
5753,431
5756,9
5759,306
5763,678
5766,344
5769,428
5773,126
5776,247
5779,451
5783,573
5786,390
5789,501
5793,333
5796,86
5799,104
5803,364
5806,364
5809,761
5813,670
5816,681
5819,527
5823,367
5826,374
5829,322
5833,454
5836,282
5839,242
5843,249
5846,578
5849,276
5853,684
5856,457
5859,184
5863,418
5866,532
5869,443
5873,22
5876,747
5879,69
5883,49
5886,708
5889,86
5893,713
5896,183
5899,435
5903,491
5906,462
5909,309
5913,369
5916,187
5919,509
5923,318
5926,397
5929,619
5933,533
5936,655
5939,466
5943,74
5946,127
5949,509
5953,630
5956,335
5959,780
5963,218
5966,367
5969,508
5973,17
5976,2
5979,96
5983,624
5986,309
5989,742
5993,437
5996,543
5999,223
6003,140
6006,41
6009,216
6013,322
6016,26
6019,275
6023,703
6026,24
6029,274
6033,336
6036,346
6039,751
6043,458
6046,726
6049,291
6053,411
6056,513
6059,729
6063,597
6066,656
6069,604
6073,753
6076,5
6079,115
6083,183
6086,557
6089,349
6093,425
6096,395
6099,440
6103,482
6106,132
6109,234
6113,309
6116,517
6119,789
6123,268
6126,11
6129,363
6133,650
6136,453
6139,625
6143,492
6146,306
6149,418
6153,141
6156,91
6159,125
6163,145
6166,83
6169,594
6173,312
6176,112
6179,233
6183,231
6186,29
6189,715
6193,591
6196,519
6199,187
6203,414
6206,351
6209,132
6213,590
6216,27
6219,521
6223,508
6226,360
6229,282
6233,666
6236,524
6239,264
6243,574
6246,797
6249,128
6253,278
6256,182
6259,517
6263,255
6266,661
6269,126
6273,497
6276,160
6279,369
6283,375
6286,151
6289,768
6293,449
6296,99
6299,344
6303,523
6306,426
6309,439
6313,420
6316,131
6319,379
6323,707
6326,682
6329,106
6333,640
6336,358
6339,719
6343,211
6346,135
6349,142
6353,699
6356,637
6359,517
6363,559
6366,443
6369,406
6373,766
6376,40
6379,281
6383,75
6386,697
6389,24
6393,632
6396,325
6399,205
6403,486
6406,474
6409,438
6413,103
6416,645
6419,293
6423,439
6426,10
6429,10
6433,334
6436,762
6439,262
6443,575
6446,476
6449,280
6453,61
6456,224
6459,141
6463,508
6466,12
6469,319
6473,570
6476,417
6479,539
6483,559
6486,359
6489,498
6493,24
6496,729
6499,316
6503,196
6506,304
6509,755
6513,311
6516,708
6519,778
6523,248
6526,397
6529,248
6533,216
6536,150
6539,759
6543,2
6546,210
6549,558
6553,296
6556,579
6559,120
6563,626
6566,360
6569,717
6573,662
6576,394
6579,295
6583,430
6586,21
6589,269
6593,174
6596,407
6599,565
6603,655
6606,293
6609,726
6613,177
6616,185
6619,212
6623,442
6626,81
6629,197
6633,320
6636,500
6639,647
6643,742
6646,189
6649,566
6653,532
6656,226
6659,628
6663,515
6666,211
6669,471
6673,72
6676,721
6679,44
6683,279
6686,242
6689,264
6693,393
6696,695
6699,195
6703,437
6706,36
6709,113
6713,229
6716,373
6719,526
6723,733
6726,117
6729,692
6733,581
6736,483
6739,591
6743,197
6746,365
6749,729
6753,407
6756,545
6759,467
6763,743
6766,641
6769,615
6773,597
6776,570
6779,533
6783,245
6786,384
6789,234
6793,143
6796,631
6799,571
6803,330
6806,626
6809,321
6813,674
6816,207
6819,301
6823,573
6826,766
6829,709
6833,710
6836,751
6839,452
6843,35
6846,668
6849,114
6853,136
6856,507
6859,763
6863,521
6866,357
6869,67
6873,255
6876,291
6879,255
6883,401
6886,392
6889,469
6893,128
6896,483
6899,124
6903,549
6906,398
6909,56
6913,311
6916,523
6919,60
6923,89
6926,132
6929,404
6933,669
6936,653
6939,774
6943,234
6946,350
6949,22
6953,313
6956,315
6959,128
6963,253
6966,373
6969,503
6973,573
6976,706
6979,775
6983,598
6986,215
6989,83
6993,354
6996,617
6999,105
7003,616
7006,583
7009,556
7013,38
7016,773
7019,641
7023,83
7026,533
7029,7
7033,318
7036,243
7039,611
7043,608
7046,344
7049,570
7053,76
7056,155
7059,381
7063,263
7066,203
7069,46
7073,530
7076,267
7079,631
7083,61
7086,122
7089,6
7093,709
7096,155
7099,29
7103,345
7106,304
7109,788
7113,672
7116,521
7119,376
7123,425
7126,63
7129,247
7133,417
7136,557
7139,162
7143,39
7146,414
7149,1
7153,73
7156,290
7159,247
7163,784
7166,596
7169,738
7173,415
7176,198
7179,112
7183,693
7186,113
7189,185
7193,266
7196,755
7199,111
7203,747
7206,595
7209,730
7213,40
7216,722
7219,185
7223,58
7226,406
7229,21
7233,786
7236,314
7239,630
7243,534
7246,408
7249,168
7253,792
7256,111
7259,780
7263,114
7266,167
7269,405
7273,735
7276,344
7279,98
7283,178
7286,784
7289,505
7293,585
7296,128
7299,456
7303,224
7306,486
7309,159
7313,455
7316,657
7319,725
7323,510
7326,30
7329,742
7333,429
7336,270
7339,487
7343,68
7346,316
7349,582
7353,570
7356,101
7359,195
7363,354
7366,13
7369,241
7373,698
7376,556
7379,413
7383,227
7386,368
7389,136
7393,412
7396,408
7399,517
7403,490
7406,255
7409,92
7413,531
7416,39
7419,691
7423,609
7426,34
7429,10
7433,521
7436,520
7439,648
7443,798
7446,219
7449,18
7453,655
7456,643
7459,465
7463,465
7466,655
7469,350
7473,2
7476,234
7479,124
7483,517
7486,661
7489,187
7493,412
7496,232
7499,265
7503,227
7506,5
7509,171
7513,367
7516,500
7519,722
7523,351
7526,321
7529,255
7533,680
7536,52
7539,653
7543,321
7546,759
7549,376
7553,518
7556,239
7559,85
7563,14
7566,347
7569,507
7573,227
7576,604
7579,620
7583,712
7586,625
7589,214
7593,110
7596,591
7599,386
7603,157
7606,421
7609,243
7613,87
7616,524
7619,478
7623,17
7626,657
7629,159
7633,560
7636,236
7639,178
7643,635
7646,787
7649,478
7653,549
7656,549
7659,110
7663,205
7666,123
7669,791
7673,436
7676,558
7679,38
7683,181
7686,535
7689,437
7693,546
7696,121
7699,172
7703,486
7706,508
7709,464
7713,180
7716,335
7719,664
7723,102
7726,476
7729,601
7733,600
7736,199
7739,472
7743,155
7746,19
7749,128
7753,733
7756,532
7759,691
7763,661
7766,417
7769,433
7773,186
7776,322
7779,651
7783,695
7786,328
7789,182
7793,174
7796,2
7799,467
7803,555
7806,23
7809,713
7813,351
7816,92
7819,267
7823,115
7826,220
7829,11
7833,294
7836,765
7839,29
7843,54
7846,32
7849,768
7853,638
7856,273
7859,430
7863,52
7866,534
7869,275
7873,668
7876,317
7879,605
7883,660
7886,545
7889,405
7893,696
7896,218
7899,73
7903,119
7906,668
7909,381
7913,585
7916,20
7919,742
7923,489
7926,437
7929,70
7933,541
7936,662
7939,736
7943,135
7946,376
7949,331
7953,178
7956,765
7959,581
7963,186
7966,27
7969,443
7973,104
7976,206
7979,400
7983,167
7986,250
7989,610
7993,230
7996,48
7999,544
8003,687
8006,239
8009,107
8013,405
8016,714
8019,709
8023,175
8026,251
8029,342
8033,487
8036,495
8039,435
8043,319
8046,510
8049,221
8053,775
8056,240
8059,674
8063,166
8066,680
8069,152
8073,170
8076,563
8079,691
8083,545
8086,569
8089,251
8093,747
8096,783
8099,719
8103,121
8106,523
8109,450
8113,502
8116,583
8119,576
8123,14
8126,753
8129,80
8133,690
8136,101
8139,659
8143,636
8146,51
8149,253
8153,661
8156,574
8159,404
8163,162
8166,559
8169,706
8173,415
8176,35
8179,78
8183,537
8186,51
8189,481
8193,57
8196,28
8199,498
8203,46
8206,448
8209,721
8213,176
8216,306
8219,278
8223,746
8226,190
8229,595
8233,768
8236,483
8239,5
8243,303
8246,651
8249,427
8253,598
8256,488
8259,403
8263,751
8266,231
8269,432
8273,413
8276,21
8279,92
8283,271
8286,629
8289,166
8293,595
8296,732
8299,376
8303,788
8306,99
8309,172
8313,15
8316,407
8319,583
8323,269
8326,123
8329,669
8333,239
8336,117
8339,481
8343,92
8346,572
8349,101
8353,418
8356,26
8359,265
8363,557
8366,349
8369,79
8373,160
8376,312
8379,7
8383,443
8386,7
8389,671
8393,442
8396,744
8399,187
8403,566
8406,179
8409,495
8413,763
8416,289
8419,708
8423,65
8426,4
8429,241
8433,289
8436,585
8439,565
8443,93
8446,270
8449,690
8453,91
8456,787
8459,387
8463,356
8466,743
8469,450
8473,347
8476,18
8479,371
8483,366
8486,162
8489,378
8493,615
8496,226
8499,154
8503,669
8506,736
8509,632
8513,365
8516,16
8519,536
8523,336
8526,41
8529,570
8533,128
8536,94
8539,282
8543,375
8546,131
8549,189
8553,756
8556,446
8559,280
8563,720
8566,255
8569,643
8573,340
8576,165
8579,708
8583,326
8586,468
8589,237
8593,11
8596,306
8599,504
8603,300
8606,511
8609,58
8613,193
8616,380
8619,586
8623,768
8626,320
8629,709
8633,282
8636,650
8639,513
8643,737
8646,221
8649,61
8653,691
8656,721
8659,177
8663,227
8666,570
8669,50
8673,405
8676,153
8679,104
8683,259
8686,441
8689,217
8693,426
8696,623
8699,47
8703,159
8706,161
8709,38
8713,641
8716,759
8719,742
8723,491
8726,754
8729,151
8733,488
8736,514
8739,386
8743,550
8746,430
8749,599
8753,791
8756,486
8759,256
8763,561
8766,774
8769,516
8773,798
8776,45
8779,305
8783,131
8786,540
8789,200
8793,481
8796,531
8799,127
8803,652
8806,586
8809,116
8813,342
8816,762
8819,543
8823,167
8826,399
8829,702
8833,348
8836,790
8839,109
8843,17
8846,130
8849,293
8853,114
8856,301
8859,205
8863,209
8866,371
8869,33
8873,172
8876,120
8879,106
8883,216
8886,323
8889,340
8893,133
8896,115
8899,726
8903,491
8906,713
8909,258
8913,426
8916,789
8919,643
8923,175
8926,562
8929,431
8933,3
8936,231
8939,322
8943,770
8946,361
8949,94
8953,440
8956,547
8959,600
8963,333
8966,155
8969,593
8973,775
8976,17
8979,560
8983,688
8986,30
8989,445
8993,527
8996,596
8999,464
9003,342
9006,467
9009,273
9013,529
9016,356
9019,496
9023,411
9026,667
9029,360
9033,279
9036,276
9039,13
9043,1
9046,411
9049,76
9053,158
9056,286
9059,728
9063,483
9066,574
9069,532
9073,775
9076,689
9079,678
9083,449
9086,478
9089,221
9093,599
9096,105
9099,494
9103,112
9106,331
9109,384
9113,619
9116,563
9119,62
9123,20
9126,521
9129,224
9133,597
9136,779
9139,788
9143,609
9146,699
9149,270
9153,640
9156,29
9159,764
9163,242
9166,420
9169,643
9173,615
9176,551
9179,594
9183,326
9186,227
9189,621
9193,395
9196,385
9199,626
9203,593
9206,121
9209,231
9213,468
9216,454
9219,553
9223,724
9226,692
9229,257
9233,675
9236,468
9239,362
9243,280
9246,777
9249,734
9253,142
9256,55
9259,626
9263,530
9266,214
9269,578
9273,693
9276,401
9279,439
9283,544
9286,696
9289,203
9293,576
9296,482
9299,491
9303,429
9306,605
9309,52
9313,626
9316,167
9319,467
9323,31
9326,732
9329,356
9333,434
9336,783
9339,239
9343,571
9346,609
9349,90
9353,15
9356,370
9359,423
9363,755
9366,691
9369,692
9373,733
9376,722
9379,800
9383,428
9386,345
9389,434
9393,274
9396,573
9399,158
9403,541
9406,242
9409,92
9413,204
9416,296
9419,160
9423,142
9426,694
9429,606
9433,735
9436,265
9439,282
9443,197
9446,458
9449,333
9453,672
9456,621
9459,630
9463,257
9466,420
9469,381
9473,765
9476,481
9479,358
9483,169
9486,208
9489,553
9493,458
9496,192
9499,388
9503,131
9506,750
9509,362
9513,599
9516,319
9519,761
9523,337
9526,11
9529,727
9533,409
9536,639
9539,699
9543,421
9546,353
9549,362
9553,399
9556,518
9559,740
9563,69
9566,591
9569,574
9573,4
9576,780
9579,298
9583,155
9586,756
9589,728
9593,128
9596,227
9599,176
9603,314
9606,724
9609,706
9613,146
9616,473
9619,771
9623,177
9626,777
9629,513
9633,612
9636,775
9639,89
9643,302
9646,542
9649,522
9653,236
9656,576
9659,204
9663,440
9666,229
9669,416
9673,193
9676,352
9679,431
9683,659
9686,758
9689,699
9693,41
9696,175
9699,447
9703,788
9706,211
9709,95
9713,549
9716,146
9719,225
9723,461
9726,8
9729,364
9733,412
9736,409
9739,149
9743,366
9746,745
9749,36
9753,202
9756,760
9759,328
9763,750
9766,554
9769,554
9773,350
9776,29
9779,737
9783,285
9786,138
9789,13
9793,348
9796,468
9799,199
9803,503
9806,59
9809,721
9813,36
9816,104
9819,669
9823,607
9826,21
9830,471
9833,383
9836,524
9840,579
9843,187
9846,565
9850,737
9853,238
9856,100
9860,63
9863,381
9866,189
9870,781
9873,719
9876,441
9880,477
9883,60
9886,211
9890,146
9893,337
9896,753
9900,106
9903,22
9906,302
9910,373
9913,599
9916,726
9920,329
9923,63
9926,784
9930,245
9933,195
9936,515
9940,170
9943,760
9946,636
9950,509
9953,172
9956,431
9960,208
9963,321
9966,794
9970,453
9973,277
9976,131
9980,20
9983,199
9986,321
9990,652
9993,374
9996,397
10000,408
