4000
2,188
5,56
7,613
10,674
12,456
15,793
17,24
20,421
22,747
25,585
27,441
30,143
32,396
35,613
37,690
40,742
42,211
45,472
47,368
50,213
52,244
55,687
57,56
60,399
62,792
65,274
67,147
70,679
72,76
75,298
77,155
80,750
82,12
85,771
87,285
90,311
92,754
95,537
97,241
100,222
102,429
105,455
107,32
110,55
112,461
115,334
117,174
120,326
122,53
125,182
127,708
130,709
132,401
135,741
137,166
140,368
142,269
145,621
147,257
150,566
152,191
155,411
157,49
160,448
162,274
165,746
167,270
170,317
172,457
175,613
177,629
180,542
182,57
185,219
187,561
190,304
192,746
195,735
197,296
200,446
202,528
205,685
207,551
210,214
212,272
215,594
217,250
220,790
222,7
225,438
227,536
230,297
232,416
235,510
237,720
240,693
242,109
245,294
247,86
250,220
252,86
255,687
257,321
260,670
262,616
265,304
267,661
270,612
272,58
275,22
277,539
280,362
282,768
285,753
287,502
290,635
292,625
295,307
297,693
300,96
302,581
305,295
307,454
310,227
312,239
315,347
317,144
320,253
322,15
325,243
327,405
330,742
332,699
335,743
337,715
340,644
342,397
345,276
347,585
350,263
352,574
355,276
357,98
360,678
362,724
365,589
367,607
370,73
372,383
375,238
377,797
380,521
382,54
385,138
387,514
390,590
392,56
395,448
397,183
400,421
402,613
405,11
407,285
410,443
412,585
415,486
417,230
420,409
422,15
425,367
427,82
430,589
432,374
435,705
437,481
440,354
442,429
445,395
447,491
450,353
452,218
455,139
457,435
460,563
462,294
465,515
467,631
470,488
472,619
475,662
477,95
480,125
482,13
485,678
487,195
490,550
492,149
495,537
497,459
500,781
502,421
505,796
507,477
510,458
512,588
515,689
517,316
520,312
522,265
525,747
527,475
530,362
532,744
535,50
537,308
540,442
542,693
545,795
547,311
550,276
552,272
555,512
557,629
560,37
562,186
565,260
567,445
570,393
572,608
575,633
577,524
580,602
582,324
585,490
587,551
590,756
592,738
595,629
597,754
600,52
602,629
605,769
607,517
610,784
612,107
615,602
617,797
620,564
622,80
625,795
627,629
630,142
632,398
635,538
637,337
640,486
642,724
645,379
647,617
650,243
652,484
655,421
657,427
660,505
662,204
665,10
667,619
670,273
672,675
675,591
677,673
680,59
682,203
685,502
687,131
690,235
692,573
695,309
697,216
700,178
702,438
705,198
707,9
710,500
712,654
715,647
717,75
720,364
722,11
725,341
727,793
730,345
732,290
735,458
737,609
740,471
742,129
745,669
747,408
750,588
752,325
755,758
757,80
760,411
762,14
765,280
767,120
770,397
772,126
775,271
777,468
780,238
782,425
785,582
787,602
790,167
792,18
795,260
797,503
800,239
802,587
805,200
807,582
810,152
812,225
815,210
817,97
820,791
822,170
825,661
827,339
830,756
832,427
835,478
837,519
840,393
842,505
845,300
847,509
850,156
852,254
855,267
857,96
860,61
862,282
865,434
867,466
870,354
872,427
875,259
877,597
880,66
882,315
885,39
887,750
890,164
892,465
895,246
897,465
900,23
902,222
905,177
907,601
910,192
912,277
915,706
917,70
920,706
922,402
925,397
927,264
930,331
932,344
935,658
937,341
940,588
942,557
945,780
947,344
950,51
952,220
955,338
957,345
960,294
962,548
965,240
967,252
970,759
972,55
975,639
977,383
980,358
982,14
985,331
987,434
990,152
992,467
995,258
997,557
1000,277
1002,576
1005,15
1007,432
1010,618
1012,271
1015,478
1017,191
1020,647
1022,219
1025,606
1027,243
1030,406
1032,579
1035,545
1037,457
1040,779
1042,94
1045,352
1047,655
1050,431
1052,798
1055,363
1057,773
1060,374
1062,133
1065,685
1067,8
1070,627
1072,229
1075,255
1077,550
1080,467
1082,115
1085,782
1087,260
1090,719
1092,789
1095,538
1097,441
1100,609
1102,573
1105,478
1107,213
1110,518
1112,169
1115,637
1117,664
1120,692
1122,583
1125,572
1127,371
1130,622
1132,148
1135,87
1137,562
1140,800
1142,31
1145,166
1147,99
1150,619
1152,573
1155,772
1157,568
1160,685
1162,583
1165,478
1167,732
1170,77
1172,125
1175,319
1177,739
1180,650
1182,576
1185,765
1187,526
1190,619
1192,382
1195,419
1197,625
1200,231
1202,37
1205,210
1207,286
1210,363
1212,302
1215,380
1217,638
1220,74
1222,251
1225,594
1227,369
1230,234
1232,433
1235,84
1237,487
1240,596
1242,97
1245,13
1247,293
1250,216
1252,370
1255,673
1257,49
1260,11
1262,358
1265,67
1267,455
1270,656
1272,378
1275,299
1277,231
1280,130
1282,229
1285,367
1287,787
1290,703
1292,692
1295,100
1297,799
1300,506
1302,36
1305,800
1307,245
1310,560
1312,203
1315,518
1317,337
1320,130
1322,382
1325,197
1327,379
1330,69
1332,466
1335,317
1337,496
1340,459
1342,131
1345,231
1347,453
1350,682
1352,324
1355,432
1357,106
1360,570
1362,655
1365,405
1367,591
1370,545
1372,272
1375,600
1377,115
1380,235
1382,751
1385,554
1387,2
1390,559
1392,684
1395,95
1397,514
1400,496
1402,446
1405,311
1407,746
1410,321
1412,606
1415,535
1417,227
1420,346
1422,114
1425,376
1427,530
1430,637
1432,36
1435,69
1437,715
1440,289
1442,700
1445,219
1447,577
1450,687
1452,15
1455,518
1457,672
1460,590
1462,693
1465,681
1467,432
1470,545
1472,620
1475,382
1477,577
1480,588
1482,42
1485,85
1487,599
1490,738
1492,414
1495,472
1497,61
1500,68
1502,642
1505,717
1507,437
1510,333
1512,225
1515,303
1517,64
1520,689
1522,402
1525,313
1527,609
1530,49
1532,1
1535,381
1537,334
1540,52
1542,515
1545,191
1547,335
1550,276
1552,45
1555,136
1557,655
1560,797
1562,135
1565,263
1567,724
1570,106
1572,549
1575,635
1577,744
1580,529
1582,85
1585,186
1587,39
1590,444
1592,731
1595,619
1597,406
1600,553
1602,621
1605,470
1607,572
1610,114
1612,709
1615,198
1617,93
1620,410
1622,38
1625,795
1627,588
1630,436
1632,619
1635,355
1637,651
1640,621
1642,369
1645,184
1647,210
1650,363
1652,485
1655,186
1657,403
1660,198
1662,168
1665,657
1667,696
1670,483
1672,569
1675,440
1677,746
1680,548
1682,202
1685,223
1687,795
1690,761
1692,511
1695,462
1697,425
1700,328
1702,65
1705,432
1707,430
1710,317
1712,573
1715,724
1717,447
1720,476
1722,735
1725,347
1727,584
1730,537
1732,511
1735,45
1737,199
1740,370
1742,282
1745,165
1747,443
1750,197
1752,572
1755,74
1757,741
1760,739
1762,546
1765,334
1767,283
1770,300
1772,558
1775,142
1777,241
1780,299
1782,404
1785,591
1787,337
1790,511
1792,249
1795,262
1797,304
1800,506
1802,234
1805,389
1807,536
1810,479
1812,716
1815,584
1817,582
1820,226
1822,1
1825,732
1827,570
1830,342
1832,627
1835,264
1837,9
1840,701
1842,772
1845,458
1847,747
1850,508
1852,276
1855,487
1857,43
1860,605
1862,478
1865,231
1867,304
1870,191
1872,642
1875,574
1877,670
1880,389
1882,546
1885,457
1887,452
1890,800
1892,185
1895,325
1897,147
1900,93
1902,204
1905,386
1907,396
1910,477
1912,320
1915,336
1917,29
1920,622
1922,287
1925,223
1927,427
1930,663
1932,257
1935,219
1937,478
1940,283
1942,147
1945,307
1947,723
1950,194
1952,539
1955,491
1957,582
1960,155
1962,295
1965,377
1967,739
1970,604
1972,388
1975,440
1977,281
1980,104
1982,385
1985,588
1987,254
1990,142
1992,579
1995,540
1997,646
2000,222
2002,750
2005,500
2007,130
2010,581
2012,549
2015,532
2017,292
2020,280
2022,719
2025,492
2027,259
2030,713
2032,267
2035,523
2037,269
2040,389
2042,717
2045,631
2047,355
2050,227
2052,774
2055,646
2057,424
2060,661
2062,171
2065,253
2067,663
2070,250
2072,710
2075,609
2077,776
2080,257
2082,239
2085,74
2087,649
2090,647
2092,745
2095,691
2097,82
2100,415
2102,571
2105,96
2107,334
2110,774
2112,25
2115,308
2117,759
2120,245
2122,324
2125,327
2127,340
2130,167
2132,157
2135,103
2137,721
2140,690
2142,241
2145,370
2147,116
2150,667
2152,445
2155,96
2157,107
2160,230
2162,417
2165,519
2167,401
2170,458
2172,281
2175,227
2177,652
2180,538
2182,562
2185,795
2187,203
2190,328
2192,33
2195,254
2197,479
2200,456
2202,172
2205,172
2207,343
2210,223
2212,714
2215,115
2217,74
2220,105
2222,240
2225,29
2227,250
2230,397
2232,576
2235,527
2237,208
2240,305
2242,302
2245,69
2247,449
2250,49
2252,522
2255,539
2257,765
2260,291
2262,52
2265,748
2267,231
2270,133
2272,70
2275,192
2277,61
2280,141
2282,529
2285,47
2287,149
2290,427
2292,172
2295,622
2297,797
2300,68
2302,95
2305,641
2307,29
2310,371
2312,603
2315,549
2317,227
2320,211
2322,625
2325,493
2327,135
2330,534
2332,655
2335,285
2337,701
2340,671
2342,316
2345,122
2347,576
2350,237
2352,18
2355,620
2357,149
2360,219
2362,138
2365,775
2367,613
2370,584
2372,200
2375,103
2377,670
2380,248
2382,736
2385,760
2387,525
2390,30
2392,574
2395,74
2397,800
2400,759
2402,408
2405,565
2407,106
2410,141
2412,179
2415,587
2417,405
2420,183
2422,164
2425,416
2427,67
2430,269
2432,597
2435,154
2437,195
2440,618
2442,484
2445,499
2447,784
2450,2
2452,602
2455,470
2457,394
2460,279
2462,204
2465,708
2467,290
2470,509
2472,721
2475,632
2477,150
2480,746
2482,120
2485,138
2487,746
2490,43
2492,2
2495,22
2497,244
2500,7
2502,551
2505,781
2507,79
2510,719
2512,316
2515,373
2517,671
2520,84
2522,664
2525,52
2527,37
2530,630
2532,109
2535,167
2537,43
2540,625
2542,376
2545,197
2547,545
2550,25
2552,510
2555,314
2557,796
2560,469
2562,248
2565,416
2567,4
2570,798
2572,523
2575,226
2577,364
2580,556
2582,602
2585,143
2587,616
2590,425
2592,606
2595,465
2597,668
2600,192
2602,450
2605,527
2607,400
2610,793
2612,566
2615,269
2617,517
2620,438
2622,275
2625,150
2627,149
2630,659
2632,277
2635,120
2637,454
2640,634
2642,65
2645,428
2647,220
2650,582
2652,733
2655,487
2657,236
2660,635
2662,220
2665,329
2667,591
2670,658
2672,766
2675,82
2677,502
2680,756
2682,354
2685,255
2687,284
2690,326
2692,128
2695,377
2697,402
2700,416
2702,792
2705,725
2707,384
2710,144
2712,667
2715,111
2717,740
2720,666
2722,592
2725,98
2727,757
2730,23
2732,699
2735,543
2737,18
2740,1
2742,510
2745,585
2747,700
2750,609
2752,302
2755,779
2757,517
2760,240
2762,300
2765,775
2767,411
2770,310
2772,250
2775,316
2777,215
2780,267
2782,796
2785,338
2787,331
2790,649
2792,684
2795,551
2797,77
2800,419
2802,570
2805,323
2807,429
2810,38
2812,260
2815,383
2817,504
2820,525
2822,389
2825,301
2827,104
2830,270
2832,672
2835,467
2837,88
2840,366
2842,84
2845,205
2847,346
2850,607
2852,77
2855,437
2857,465
2860,365
2862,657
2865,486
2867,450
2870,161
2872,723
2875,58
2877,396
2880,488
2882,620
2885,37
2887,132
2890,668
2892,316
2895,241
2897,80
2900,353
2902,605
2905,335
2907,507
2910,324
2912,23
2915,59
2917,30
2920,527
2922,46
2925,419
2927,20
2930,795
2932,638
2935,508
2937,704
2940,413
2942,358
2945,366
2947,762
2950,78
2952,219
2955,352
2957,442
2960,315
2962,414
2965,694
2967,68
2970,113
2972,322
2975,795
2977,677
2980,261
2982,755
2985,533
2987,38
2990,625
2992,135
2995,717
2997,393
3000,394
3002,333
3005,14
3007,665
3010,503
3012,434
3015,417
3017,380
3020,705
3022,213
3025,504
3027,20
3030,185
3032,283
3035,1
3037,475
3040,504
3042,41
3045,531
3047,377
3050,364
3052,776
3055,367
3057,326
3060,621
3062,499
3065,653
3067,123
3070,488
3072,761
3075,502
3077,74
3080,330
3082,365
3085,289
3087,338
3090,747
3092,34
3095,265
3097,694
3100,381
3102,182
3105,170
3107,697
3110,245
3112,145
3115,369
3117,778
3120,527
3122,770
3125,247
3127,369
3130,246
3132,312
3135,314
3137,309
3140,157
3142,178
3145,686
3147,573
3150,772
3152,570
3155,18
3157,618
3160,397
3162,103
3165,210
3167,54
3170,665
3172,461
3175,670
3177,252
3180,689
3182,190
3185,609
3187,557
3190,185
3192,198
3195,563
3197,358
3200,639
3202,422
3205,74
3207,345
3210,644
3212,193
3215,234
3217,518
3220,510
3222,30
3225,583
3227,453
3230,563
3232,687
3235,263
3237,620
3240,366
3242,718
3245,392
3247,513
3250,51
3252,188
3255,58
3257,516
3260,449
3262,641
3265,457
3267,439
3270,475
3272,436
3275,583
3277,651
3280,782
3282,131
3285,249
3287,435
3290,343
3292,198
3295,559
3297,604
3300,591
3302,403
3305,173
3307,771
3310,465
3312,435
3315,676
3317,732
3320,730
3322,650
3325,63
3327,627
3330,490
3332,328
3335,164
3337,265
3340,507
3342,735
3345,167
3347,237
3350,318
3352,696
3355,669
3357,625
3360,501
3362,112
3365,87
3367,417
3370,65
3372,320
3375,553
3377,532
3380,748
3382,580
3385,87
3387,148
3390,478
3392,478
3395,582
3397,65
3400,712
3402,683
3405,641
3407,253
3410,297
3412,423
3415,531
3417,642
3420,402
3422,187
3425,229
3427,671
3430,37
3432,303
3435,45
3437,86
3440,649
3442,432
3445,452
3447,558
3450,298
3452,251
3455,509
3457,539
3460,722
3462,184
3465,483
3467,302
3470,489
3472,559
3475,44
3477,794
3480,475
3482,403
3485,708
3487,720
3490,46
3492,39
3495,403
3497,12
3500,18
3502,338
3505,397
3507,477
3510,453
3512,304
3515,673
3517,778
3520,503
3522,368
3525,34
3527,230
3530,139
3532,678
3535,149
3537,481
3540,210
3542,5
3545,763
3547,527
3550,154
3552,644
3555,108
3557,161
3560,334
3562,473
3565,779
3567,754
3570,311
3572,554
3575,28
3577,213
3580,652
3582,677
3585,707
3587,175
3590,77
3592,317
3595,794
3597,492
3600,667
3602,381
3605,618
3607,749
3610,320
3612,770
3615,419
3617,192
3620,421
3622,610
3625,304
3627,369
3630,584
3632,661
3635,48
3637,279
3640,164
3642,293
3645,275
3647,615
3650,396
3652,755
3655,553
3657,214
3660,669
3662,353
3665,303
3667,458
3670,493
3672,370
3675,680
3677,164
3680,590
3682,277
3685,557
3687,398
3690,53
3692,674
3695,691
3697,38
3700,242
3702,361
3705,173
3707,107
3710,630
3712,446
3715,422
3717,536
3720,612
3722,668
3725,300
3727,20
3730,474
3732,621
3735,119
3737,365
3740,166
3742,696
3745,457
3747,761
3750,740
3752,539
3755,582
3757,786
3760,269
3762,777
3765,445
3767,60
3770,457
3772,204
3775,154
3777,67
3780,593
3782,30
3785,253
3787,632
3790,568
3792,679
3795,709
3797,601
3800,504
3802,276
3805,209
3807,272
3810,722
3812,523
3815,566
3817,451
3820,226
3822,728
3825,595
3827,448
3830,703
3832,794
3835,474
3837,503
3840,564
3842,483
3845,191
3847,243
3850,197
3852,133
3855,218
3857,167
3860,190
3862,421
3865,566
3867,324
3870,386
3872,28
3875,366
3877,423
3880,61
3882,333
3885,781
3887,192
3890,653
3892,607
3895,721
3897,350
3900,786
3902,83
3905,116
3907,187
3910,692
3912,239
3915,4
3917,721
3920,506
3922,241
3925,290
3927,711
3930,120
3932,482
3935,707
3937,416
3940,302
3942,179
3945,396
3947,133
3950,667
3952,493
3955,69
3957,440
3960,303
3962,659
3965,395
3967,245
3970,254
3972,395
3975,307
3977,83
3980,292
3982,523
3985,416
3987,330
3990,434
3992,550
3995,241
3997,410
4000,408
4002,513
4005,97
4007,314
4010,87
4012,617
4015,260
4017,41
4020,118
4022,211
4025,8
4027,58
4030,473
4032,140
4035,764
4037,381
4040,261
4042,746
4045,200
4047,472
4050,521
4052,168
4055,28
4057,67
4060,361
4062,455
4065,713
4067,292
4070,651
4072,23
4075,20
4077,208
4080,375
4082,538
4085,298
4087,213
4090,11
4092,334
4095,127
4097,567
4100,298
4102,301
4105,176
4107,624
4110,233
4112,451
4115,516
4117,668
4120,792
4122,224
4125,687
4127,214
4130,192
4132,161
4135,277
4137,774
4140,239
4142,44
4145,466
4147,528
4150,49
4152,610
4155,494
4157,324
4160,612
4162,101
4165,784
4167,115
4170,290
4172,354
4175,167
4177,374
4180,340
4182,727
4185,301
4187,562
4190,29
4192,259
4195,351
4197,23
4200,580
4202,325
4205,65
4207,447
4210,685
4212,754
4215,30
4217,180
4220,266
4222,134
4225,400
4227,714
4230,505
4232,761
4235,278
4237,243
4240,339
4242,700
4245,323
4247,296
4250,45
4252,615
4255,645
4257,648
4260,138
4262,75
4265,737
4267,287
4270,477
4272,295
4275,710
4277,470
4280,354
4282,754
4285,30
4287,706
4290,30
4292,465
4295,742
4297,222
4300,730
4302,560
4305,527
4307,525
4310,447
4312,469
4315,399
4317,229
4320,96
4322,511
4325,432
4327,631
4330,352
4332,362
4335,231
4337,338
4340,141
4342,461
4345,511
4347,780
4350,615
4352,721
4355,494
4357,540
4360,95
4362,750
4365,540
4367,216
4370,609
4372,538
4375,45
4377,650
4380,131
4382,269
4385,771
4387,617
4390,444
4392,108
4395,643
4397,630
4400,257
4402,756
4405,653
4407,628
4410,479
4412,37
4415,597
4417,110
4420,116
4422,141
4425,48
4427,263
4430,788
4432,483
4435,309
4437,674
4440,447
4442,358
4445,386
4447,22
4450,284
4452,137
4455,50
4457,281
4460,40
4462,33
4465,188
4467,598
4470,187
4472,274
4475,101
4477,582
4480,539
4482,266
4485,420
4487,450
4490,719
4492,173
4495,13
4497,97
4500,504
4502,731
4505,92
4507,680
4510,131
4512,41
4515,319
4517,26
4520,326
4522,290
4525,365
4527,513
4530,541
4532,537
4535,639
4537,54
4540,562
4542,565
4545,391
4547,417
4550,479
4552,230
4555,319
4557,110
4560,508
4562,653
4565,338
4567,548
4570,630
4572,484
4575,748
4577,256
4580,785
4582,222
4585,30
4587,776
4590,658
4592,317
4595,689
4597,671
4600,331
4602,396
4605,256
4607,759
4610,416
4612,715
4615,165
4617,684
4620,790
4622,40
4625,372
4627,335
4630,616
4632,543
4635,645
4637,35
4640,298
4642,471
4645,450
4647,690
4650,665
4652,759
4655,667
4657,123
4660,434
4662,599
4665,414
4667,574
4670,345
4672,237
4675,637
4677,3
4680,752
4682,726
4685,787
4687,433
4690,237
4692,341
4695,352
4697,515
4700,272
4702,605
4705,322
4707,308
4710,773
4712,331
4715,176
4717,479
4720,713
4722,784
4725,314
4727,786
4730,9
4732,347
4735,223
4737,363
4740,83
4742,454
4745,81
4747,457
4750,14
4752,68
4755,75
4757,144
4760,587
4762,402
4765,212
4767,342
4770,757
4772,570
4775,187
4777,772
4780,664
4782,700
4785,57
4787,364
4790,590
4792,297
4795,706
4797,365
4800,341
4802,535
4805,72
4807,323
4810,214
4812,256
4815,64
4817,528
4820,482
4822,603
4825,681
4827,444
4830,18
4832,161
4835,666
4837,746
4840,742
4842,678
4845,681
4847,757
4850,87
4852,233
4855,423
4857,621
4860,398
4862,374
4865,41
4867,383
4870,359
4872,376
4875,273
4877,322
4880,63
4882,109
4885,126
4887,389
4890,237
4892,640
4895,423
4897,208
4900,57
4902,305
4905,197
4907,470
4910,332
4912,696
4915,663
4917,792
4920,250
4922,212
4925,415
4927,740
4930,434
4932,231
4935,276
4937,416
4940,737
4942,398
4945,205
4947,76
4950,3
4952,776
4955,509
4957,192
4960,563
4962,302
4965,209
4967,302
4970,469
4972,91
4975,721
4977,386
4980,672
4982,76
4985,265
4987,66
4990,29
4992,18
4995,360
4997,607
5000,676
5002,129
5005,476
5007,75
5010,636
5012,121
5015,718
5017,357
5020,35
5022,787
5025,574
5027,762
5030,670
5032,16
5035,585
5037,729
5040,41
5042,685
5045,255
5047,44
5050,577
5052,731
5055,158
5057,192
5060,788
5062,705
5065,102
5067,636
5070,172
5072,383
5075,543
5077,53
5080,328
5082,488
5085,542
5087,596
5090,96
5092,512
5095,782
5097,143
5100,200
5102,311
5105,485
5107,151
5110,110
5112,373
5115,160
5117,709
5120,119
5122,571
5125,680
5127,483
5130,734
5132,704
5135,120
5137,258
5140,25
5142,74
5145,225
5147,738
5150,497
5152,295
5155,331
5157,141
5160,672
5162,149
5165,479
5167,516
5170,516
5172,55
5175,451
5177,426
5180,552
5182,214
5185,414
5187,118
5190,264
5192,715
5195,127
5197,627
5200,753
5202,185
5205,443
5207,608
5210,656
5212,466
5215,367
5217,668
5220,719
5222,568
5225,772
5227,360
5230,298
5232,651
5235,29
5237,31
5240,132
5242,41
5245,513
5247,154
5250,635
5252,634
5255,564
5257,463
5260,685
5262,131
5265,797
5267,284
5270,651
5272,753
5275,364
5277,207
5280,143
5282,425
5285,129
5287,552
5290,438
5292,477
5295,238
5297,717
5300,84
5302,700
5305,31
5307,602
5310,312
5312,682
5315,173
5317,634
5320,111
5322,224
5325,4
5327,667
5330,763
5332,758
5335,509
5337,773
5340,325
5342,603
5345,251
5347,598
5350,747
5352,673
5355,79
5357,101
5360,445
5362,430
5365,416
5367,28
5370,789
5372,693
5375,45
5377,462
5380,174
5382,519
5385,357
5387,353
5390,4
5392,492
5395,780
5397,421
5400,795
5402,359
5405,415
5407,578
5410,316
5412,353
5415,120
5417,390
5420,191
5422,193
5425,399
5427,109
5430,178
5432,182
5435,756
5437,597
5440,77
5442,151
5445,748
5447,151
5450,266
5452,255
5455,271
5457,74
5460,439
5462,32
5465,697
5467,371
5470,653
5472,601
5475,792
5477,222
5480,363
5482,374
5485,491
5487,502
5490,350
5492,149
5495,180
5497,714
5500,656
5502,4
5505,492
5507,752
5510,698
5512,150
5515,510
5517,520
5520,634
5522,709
5525,610
5527,670
5530,707
5532,585
5535,169
5537,199
5540,90
5542,217
5545,510
5547,360
5550,637
5552,89
5555,127
5557,232
5560,2
5562,529
5565,426
5567,81
5570,699
5572,481
5575,711
5577,769
5580,606
5582,396
5585,232
5587,122
5590,379
5592,448
5595,623
5597,338
5600,395
5602,169
5605,201
5607,599
5610,74
5612,673
5615,556
5617,103
5620,653
5622,243
5625,695
5627,252
5630,518
5632,530
5635,325
5637,418
5640,310
5642,85
5645,638
5647,707
5650,506
5652,268
5655,277
5657,655
5660,501
5662,298
5665,393
5667,456
5670,795
5672,394
5675,305
5677,663
5680,32
5682,704
5685,500
5687,641
5690,680
5692,571
5695,419
5697,32
5700,736
5702,482
5705,708
5707,83
5710,327
5712,543
5715,597
5717,317
5720,313
5722,167
5725,740
5727,452
5730,563
5732,215
5735,281
5737,403
5740,34
5742,731
5745,444
5747,210
5750,4
5752,190
5755,430
5757,160
5760,524
5762,758
5765,349
5767,221
5770,26
5772,281
5775,101
5777,563
5780,585
5782,129
5785,688
5787,74
5790,248
5792,125
5795,471
5797,642
5800,670
5802,431
5805,318
5807,401
5810,242
5812,600
5815,661
5817,625
5820,794
5822,519
5825,375
5827,238
5830,139
5832,165
5835,290
5837,44
5840,467
5842,218
5845,117
5847,313
5850,240
5852,453
5855,708
5857,560
5860,444
5862,617
5865,579
5867,107
5870,707
5872,399
5875,239
5877,289
5880,688
5882,735
5885,694
5887,775
5890,234
5892,62
5895,589
5897,174
5900,322
5902,207
5905,315
5907,573
5910,788
5912,219
5915,142
5917,790
5920,778
5922,176
5925,778
5927,71
5930,109
5932,68
5935,503
5937,128
5940,717
5942,433
5945,253
5947,209
5950,251
5952,350
5955,9
5957,738
5960,326
5962,599
5965,510
5967,465
5970,679
5972,200
5975,168
5977,394
5980,774
5982,579
5985,357
5987,602
5990,582
5992,259
5995,755
5997,634
6000,13
6002,499
6005,781
6007,54
6010,112
6012,738
6015,304
6017,561
6020,726
6022,537
6025,630
6027,425
6030,40
6032,169
6035,547
6037,257
6040,12
6042,475
6045,291
6047,758
6050,308
6052,759
6055,730
6057,773
6060,181
6062,572
6065,582
6067,249
6070,578
6072,47
6075,756
6077,677
6080,272
6082,790
6085,322
6087,58
6090,461
6092,789
6095,281
6097,507
6100,76
6102,373
6105,205
6107,101
6110,527
6112,796
6115,329
6117,306
6120,648
6122,13
6125,23
6127,467
6130,571
6132,623
6135,535
6137,400
6140,707
6142,195
6145,477
6147,552
6150,647
6152,34
6155,580
6157,589
6160,512
6162,761
6165,219
6167,346
6170,132
6172,759
6175,156
6177,310
6180,208
6182,492
6185,567
6187,561
6190,745
6192,458
6195,787
6197,141
6200,622
6202,527
6205,125
6207,59
6210,378
6212,605
6215,263
6217,418
6220,312
6222,442
6225,164
6227,442
6230,56
6232,8
6235,217
6237,116
6240,456
6242,796
6245,184
6247,672
6250,100
6252,286
6255,397
6257,173
6260,565
6262,562
6265,122
6267,787
6270,193
6272,213
6275,556
6277,421
6280,218
6282,461
6285,219
6287,385
6290,629
6292,41
6295,720
6297,277
6300,612
6302,212
6305,217
6307,121
6310,657
6312,333
6315,360
6317,776
6320,703
6322,317
6325,496
6327,314
6330,378
6332,2
6335,419
6337,107
6340,548
6342,791
6345,20
6347,499
6350,119
6352,89
6355,322
6357,606
6360,628
6362,657
6365,507
6367,8
6370,155
6372,779
6375,730
6377,587
6380,535
6382,623
6385,88
6387,643
6390,667
6392,187
6395,552
6397,574
6400,636
6402,351
6405,671
6407,704
6410,445
6412,420
6415,179
6417,87
6420,81
6422,337
6425,671
6427,228
6430,209
6432,229
6435,672
6437,564
6440,758
6442,219
6445,140
6447,732
6450,647
6452,173
6455,34
6457,575
6460,587
6462,730
6465,729
6467,492
6470,658
6472,11
6475,732
6477,95
6480,539
6482,696
6485,737
6487,251
6490,689
6492,230
6495,377
6497,403
6500,365
6502,728
6505,73
6507,3
6510,267
6512,627
6515,136
6517,777
6520,641
6522,583
6525,591
6527,532
6530,597
6532,271
6535,789
6537,536
6540,108
6542,638
6545,214
6547,359
6550,140
6552,143
6555,587
6557,15
6560,699
6562,490
6565,307
6567,577
6570,39
6572,388
6575,450
6577,620
6580,44
6582,680
6585,332
6587,626
6590,504
6592,277
6595,642
6597,342
6600,249
6602,177
6605,431
6607,282
6610,629
6612,410
6615,461
6617,490
6620,334
6622,25
6625,761
6627,124
6630,746
6632,463
6635,695
6637,403
6640,721
6642,573
6645,251
6647,140
6650,198
6652,408
6655,772
6657,323
6660,361
6662,709
6665,786
6667,348
6670,421
6672,507
6675,358
6677,775
6680,98
6682,496
6685,696
6687,284
6690,234
6692,403
6695,131
6697,630
6700,457
6702,51
6705,758
6707,33
6710,17
6712,233
6715,676
6717,225
6720,638
6722,457
6725,567
6727,68
6730,480
6732,453
6735,251
6737,81
6740,120
6742,749
6745,125
6747,555
6750,296
6752,523
6755,343
6757,415
6760,463
6762,361
6765,67
6767,196
6770,308
6772,737
6775,184
6777,384
6780,283
6782,679
6785,580
6787,478
6790,590
6792,541
6795,740
6797,245
6800,617
6802,292
6805,58
6807,583
6810,48
6812,428
6815,525
6817,193
6820,448
6822,372
6825,318
6827,439
6830,469
6832,353
6835,191
6837,232
6840,785
6842,791
6845,634
6847,763
6850,288
6852,557
6855,213
6857,63
6860,696
6862,591
6865,618
6867,374
6870,376
6872,538
6875,229
6877,535
6880,77
6882,628
6885,200
6887,34
6890,342
6892,68
6895,764
6897,444
6900,151
6902,798
6905,332
6907,684
6910,24
6912,785
6915,283
6917,223
6920,83
6922,463
6925,276
6927,145
6930,280
6932,663
6935,712
6937,316
6940,316
6942,503
6945,297
6947,541
6950,556
6952,285
6955,373
6957,574
6960,191
6962,790
6965,415
6967,523
6970,523
6972,34
6975,663
6977,61
6980,75
6982,716
6985,456
6987,140
6990,479
6992,310
6995,231
6997,23
7000,764
7002,185
7005,431
7007,44
7010,204
7012,297
7015,176
7017,185
7020,358
7022,281
7025,501
7027,80
7030,156
7032,589
7035,30
7037,351
7040,199
7042,635
7045,749
7047,136
7050,300
7052,1
7055,443
7057,267
7060,471
7062,302
7065,424
7067,703
7070,67
7072,264
7075,729
7077,506
7080,632
7082,360
7085,468
7087,35
7090,721
7092,539
7095,400
7097,160
7100,95
7102,260
7105,593
7107,153
7110,437
7112,648
7115,439
7117,75
7120,322
7122,126
7125,738
7127,570
7130,572
7132,149
7135,246
7137,629
7140,148
7142,627
7145,137
7147,396
7150,224
7152,566
7155,798
7157,789
7160,298
7162,250
7165,258
7167,96
7170,373
7172,696
7175,775
7177,629
7180,515
7182,359
7185,444
7187,763
7190,681
7192,691
7195,566
7197,73
7200,67
7202,692
7205,84
7207,564
7210,257
7212,457
7215,533
7217,421
7220,639
7222,85
7225,585
7227,246
7230,273
7232,465
7235,34
7237,235
7240,392
7242,644
7245,553
7247,134
7250,116
7252,491
7255,782
7257,536
7260,184
7262,194
7265,246
7267,129
7270,572
7272,18
7275,650
7277,96
7280,738
7282,401
7285,328
7287,727
7290,531
7292,195
7295,285
7297,171
7300,158
7302,599
7305,173
7307,162
7310,307
7312,275
7315,258
7317,659
7320,573
7322,329
7325,351
7327,516
7330,55
7332,59
7335,299
7337,232
7340,105
7342,202
7345,543
7347,671
7350,387
7352,46
7355,353
7357,423
7360,149
7362,521
7365,321
7367,565
7370,465
7372,10
7375,197
7377,217
7380,561
7382,445
7385,39
7387,617
7390,280
7392,122
7395,159
7397,731
7400,337
7402,746
7405,74
7407,396
7410,382
7412,137
7415,89
7417,532
7420,778
7422,551
7425,50
7427,785
7430,575
7432,346
7435,307
7437,765
7440,332
7442,287
7445,697
7447,512
7450,54
7452,223
7455,476
7457,261
7460,107
7462,62
7465,780
7467,524
7470,86
7472,484
7475,547
7477,179
7480,28
7482,468
7485,138
7487,247
7490,107
7492,53
7495,103
7497,364
7500,258
7502,258
7505,76
7507,421
7510,746
7512,484
7515,660
7517,170
7520,248
7522,673
7525,547
7527,161
7530,257
7532,120
7535,441
7537,724
7540,15
7542,74
7545,172
7547,116
7550,647
7552,528
7555,196
7557,195
7560,450
7562,258
7565,526
7567,585
7570,796
7572,720
7575,376
7577,229
7580,421
7582,506
7585,347
7587,464
7590,457
7592,468
7595,625
7597,324
7600,694
7602,350
7605,692
7607,688
7610,31
7612,638
7615,719
7617,299
7620,30
7622,304
7625,697
7627,26
7630,398
7632,659
7635,698
7637,36
7640,275
7642,340
7645,563
7647,104
7650,105
7652,626
7655,526
7657,250
7660,619
7662,161
7665,628
7667,714
7670,193
7672,581
7675,630
7677,256
7680,619
7682,660
7685,752
7687,284
7690,766
7692,64
7695,42
7697,103
7700,576
7702,589
7705,460
7707,564
7710,773
7712,453
7715,301
7717,231
7720,54
7722,262
7725,484
7727,400
7730,716
7732,25
7735,249
7737,28
7740,341
7742,288
7745,147
7747,461
7750,156
7752,632
7755,661
7757,45
7760,31
7762,375
7765,422
7767,183
7770,518
7772,320
7775,245
7777,34
7780,322
7782,200
7785,315
7787,396
7790,687
7792,7
7795,766
7797,381
7800,27
7802,565
7805,12
7807,502
7810,271
7812,533
7815,20
7817,295
7820,474
7822,65
7825,416
7827,67
7830,47
7832,188
7835,413
7837,718
7840,703
7842,272
7845,144
7847,491
7850,450
7852,657
7855,266
7857,123
7860,340
7862,655
7865,790
7867,224
7870,24
7872,674
7875,9
7877,369
7880,533
7882,650
7885,326
7887,402
7890,709
7892,111
7895,388
7897,771
7900,764
7902,105
7905,255
7907,346
7910,654
7912,623
7915,436
7917,361
7920,693
7922,692
7925,379
7927,216
7930,259
7932,350
7935,740
7937,490
7940,464
7942,736
7945,3
7947,267
7950,123
7952,406
7955,151
7957,157
7960,222
7962,42
7965,638
7967,781
7970,199
7972,265
7975,674
7977,613
7980,674
7982,365
7985,615
7987,538
7990,38
7992,155
7995,284
7997,16
8000,245
8002,109
8005,280
8007,696
8010,220
8012,781
8015,1
8017,694
8020,652
8022,507
8025,591
8027,333
8030,461
8032,497
8035,566
8037,595
8040,62
8042,657
8045,561
8047,538
8050,476
8052,632
8055,271
8057,672
8060,447
8062,668
8065,797
8067,492
8070,312
8072,288
8075,62
8077,190
8080,703
8082,299
8085,566
8087,426
8090,214
8092,539
8095,673
8097,91
8100,144
8102,729
8105,28
8107,107
8110,336
8112,524
8115,726
8117,421
8120,350
8122,470
8125,285
8127,124
8130,777
8132,172
8135,139
8137,347
8140,763
8142,619
8145,481
8147,645
8150,234
8152,455
8155,572
8157,755
8160,422
8162,501
8165,192
8167,492
8170,566
8172,305
8175,475
8177,786
8180,27
8182,79
8185,352
8187,421
8190,759
8192,685
8195,52
8197,670
8200,325
8202,178
8205,150
8207,266
8210,775
8212,161
8215,502
8217,237
8220,201
8222,519
8225,343
8227,598
8230,785
8232,59
8235,464
8237,257
8240,475
8242,589
8245,424
8247,593
8250,681
8252,748
8255,15
8257,386
8260,388
8262,561
8265,485
8267,740
8270,133
8272,347
8275,360
8277,472
8280,374
8282,471
8285,415
8287,94
8290,514
8292,184
8295,351
8297,196
8300,99
8302,81
8305,479
8307,298
8310,562
8312,713
8315,782
8317,214
8320,166
8322,435
8325,309
8327,76
8330,277
8332,614
8335,387
8337,157
8340,80
8342,328
8345,754
8347,38
8350,539
8352,781
8355,506
8357,260
8360,446
8362,295
8365,435
8367,277
8370,546
8372,721
8375,335
8377,789
8380,13
8382,550
8385,631
8387,614
8390,155
8392,682
8395,109
8397,25
8400,741
8402,276
8405,350
8407,762
8410,22
8412,618
8415,170
8417,574
8420,679
8422,296
8425,418
8427,275
8430,625
8432,105
8435,41
8437,373
8440,258
8442,121
8445,430
8447,747
8450,664
8452,342
8455,262
8457,141
8460,581
8462,617
8465,606
8467,119
8470,338
8472,725
8475,322
8477,68
8480,494
8482,481
8485,780
8487,375
8490,770
8492,333
8495,627
8497,278
8500,245
8502,558
8505,188
8507,480
8510,686
8512,431
8515,651
8517,658
8520,510
8522,607
8525,261
8527,227
8530,439
8532,301
8535,797
8537,597
8540,176
8542,535
8545,97
8547,66
8550,451
8552,537
8555,530
8557,211
8560,480
8562,717
8565,31
8567,572
8570,591
8572,88
8575,699
8577,29
8580,84
8582,207
8585,150
8587,626
8590,755
8592,796
8595,607
8597,278
8600,292
8602,669
8605,800
8607,764
8610,753
8612,521
8615,558
8617,369
8620,575
8622,37
8625,314
8627,769
8630,186
8632,188
8635,29
8637,112
8640,26
8642,115
8645,607
8647,771
8650,13
8652,652
8655,205
8657,457
8660,506
8662,545
8665,287
8667,113
8670,481
8672,714
8675,616
8677,111
8680,292
8682,547
8685,704
8687,454
8690,736
8692,591
8695,615
8697,597
8700,10
8702,451
8705,195
8707,582
8710,775
8712,167
8715,647
8717,521
8720,438
8722,38
8725,760
8727,180
8730,252
8732,729
8735,41
8737,22
8740,783
8742,505
8745,403
8747,442
8750,20
8752,709
8755,264
8757,558
8760,614
8762,268
8765,586
8767,775
8770,501
8772,153
8775,387
8777,598
8780,37
8782,616
8785,40
8787,675
8790,769
8792,22
8795,491
8797,789
8800,115
8802,645
8805,761
8807,25
8810,51
8812,249
8815,174
8817,363
8820,116
8822,264
8825,244
8827,97
8830,319
8832,663
8835,267
8837,343
8840,379
8842,714
8845,190
8847,510
8850,78
8852,298
8855,140
8857,520
8860,588
8862,202
8865,524
8867,416
8870,30
8872,402
8875,697
8877,568
8880,256
8882,59
8885,569
8887,382
8890,712
8892,660
8895,242
8897,654
8900,388
8902,259
8905,625
8907,27
8910,399
8912,753
8915,117
8917,322
8920,740
8922,92
8925,564
8927,283
8930,150
8932,353
8935,484
8937,201
8940,39
8942,21
8945,326
8947,150
8950,709
8952,496
8955,375
8957,115
8960,371
8962,135
8965,112
8967,403
8970,132
8972,618
8975,353
8977,155
8980,329
8982,409
8985,744
8987,515
8990,440
8992,193
8995,729
8997,281
9000,94
9002,195
9005,30
9007,81
9010,588
9012,477
9015,473
9017,615
9020,262
9022,148
9025,351
9027,175
9030,440
9032,481
9035,558
9037,799
9040,393
9042,422
9045,549
9047,344
9050,641
9052,680
9055,479
9057,171
9060,271
9062,325
9065,515
9067,669
9070,271
9072,177
9075,91
9077,746
9080,686
9082,70
9085,756
9087,188
9090,786
9092,446
9095,699
9097,734
9100,694
9102,635
9105,150
9107,724
9110,116
9112,155
9115,349
9117,201
9120,585
9122,334
9125,153
9127,599
9130,231
9132,193
9135,57
9137,602
9140,717
9142,527
9145,683
9147,493
9150,450
9152,621
9155,309
9157,180
9160,224
9162,288
9165,333
9167,713
9170,197
9172,253
9175,191
9177,175
9180,588
9182,28
9185,142
9187,541
9190,680
9192,183
9195,471
9197,221
9200,52
9202,711
9205,775
9207,122
9210,797
9212,788
9215,184
9217,698
9220,290
9222,665
9225,750
9227,766
9230,350
9232,302
9235,457
9237,395
9240,490
9242,204
9245,346
9247,516
9250,667
9252,90
9255,714
9257,458
9260,680
9262,482
9265,42
9267,463
9270,109
9272,340
9275,610
9277,180
9280,253
9282,793
9285,125
9287,663
9290,571
9292,471
9295,417
9297,12
9300,301
9302,333
9305,297
9307,726
9310,448
9312,399
9315,23
9317,149
9320,145
9322,230
9325,743
9327,340
9330,170
9332,548
9335,67
9337,59
9340,248
9342,281
9345,679
9347,797
9350,198
9352,347
9355,168
9357,524
9360,707
9362,180
9365,235
9367,791
9370,355
9372,713
9375,570
9377,356
9380,709
9382,81
9385,506
9387,745
9390,3
9392,238
9395,157
9397,153
9400,544
9402,298
9405,12
9407,538
9410,346
9412,601
9415,777
9417,65
9420,769
9422,152
9425,419
9427,498
9430,746
9432,118
9435,7
9437,332
9440,506
9442,200
9445,142
9447,525
9450,357
9452,141
9455,310
9457,753
9460,276
9462,240
9465,284
9467,408
9470,550
9472,430
9475,321
9477,274
9480,544
9482,124
9485,353
9487,605
9490,630
9492,603
9495,601
9497,424
9500,181
9502,180
9505,590
9507,553
9510,340
9512,198
9515,396
9517,611
9520,24
9522,677
9525,751
9527,565
9530,427
9532,433
9535,556
9537,593
9540,131
9542,732
9545,585
9547,792
9550,776
9552,614
9555,732
9557,140
9560,314
9562,480
9565,249
9567,501
9570,595
9572,678
9575,21
9577,404
9580,144
9582,126
9585,703
9587,351
9590,543
9592,5
9595,765
9597,608
9600,428
9602,96
9605,316
9607,118
9610,493
9612,405
9615,277
9617,584
9620,331
9622,287
9625,132
9627,548
9630,415
9632,599
9635,214
9637,743
9640,546
9642,656
9645,39
9647,587
9650,82
9652,108
9655,342
9657,43
9660,700
9662,747
9665,274
9667,670
9670,677
9672,273
9675,444
9677,713
9680,188
9682,770
9685,505
9687,529
9690,391
9692,706
9695,691
9697,708
9700,617
9702,662
9705,140
9707,177
9710,322
9712,103
9715,642
9717,644
9720,265
9722,130
9725,492
9727,149
9730,335
9732,130
9735,391
9737,204
9740,733
9742,504
9745,48
9747,454
9750,6
9752,91
9755,415
9757,759
9760,586
9762,606
9765,681
9767,306
9770,709
9772,705
9775,57
9777,773
9780,579
9782,656
9785,441
9787,106
9790,368
9792,296
9795,394
9797,374
9800,439
9802,430
9805,779
9807,127
9810,540
9812,521
9815,614
9817,431
9820,226
9822,486
9825,222
9827,188
9830,126
9832,546
9835,462
9837,126
9840,229
9842,271
9845,365
9847,756
9850,613
9852,389
9855,680
9857,371
9860,11
9862,726
9865,602
9867,575
9870,721
9872,744
9875,793
9877,643
9880,589
9882,4
9885,644
9887,449
9890,155
9892,397
9895,170
9897,201
9900,327
9902,724
9905,466
9907,681
9910,347
9912,565
9915,513
9917,452
9920,154
9922,161
9925,319
9927,607
9930,689
9932,49
9935,104
9937,627
9940,278
9942,604
9945,452
9947,108
9950,130
9952,544
9955,762
9957,738
9960,399
9962,485
9965,381
9967,752
9970,650
9972,798
9975,638
9977,376
9980,405
9982,704
9985,148
9987,444
9990,480
9992,153
9995,593
9997,528
10000,345
