5000
2,600
4,632
6,465
8,491
10,428
12,272
14,296
16,633
18,476
20,654
22,500
24,586
26,520
28,112
30,205
32,262
34,574
36,244
38,602
40,77
42,672
44,745
46,753
48,14
50,9
52,402
54,189
56,794
58,470
60,577
62,520
64,271
66,441
68,586
70,97
72,747
74,525
76,250
78,147
80,291
82,51
84,415
86,673
88,545
90,317
92,550
94,443
96,187
98,149
100,116
102,509
104,254
106,499
108,348
110,780
112,228
114,109
116,333
118,744
120,140
122,620
124,70
126,376
128,630
130,490
132,482
134,54
136,546
138,268
140,399
142,536
144,386
146,32
148,675
150,78
152,365
154,591
156,510
158,434
160,293
162,404
164,399
166,381
168,150
170,188
172,348
174,99
176,315
178,782
180,160
182,712
184,131
186,341
188,447
190,416
192,55
194,528
196,502
198,456
200,372
202,369
204,189
206,573
208,76
210,462
212,192
214,634
216,141
218,81
220,418
222,782
224,421
226,593
228,379
230,354
232,130
234,106
236,499
238,709
240,100
242,392
244,137
246,670
248,187
250,679
252,138
254,227
256,682
258,685
260,179
262,145
264,613
266,461
268,455
270,535
272,558
274,45
276,569
278,277
280,72
282,369
284,616
286,661
288,213
290,354
292,2
294,689
296,171
298,798
300,133
302,585
304,675
306,429
308,497
310,236
312,565
314,9
316,330
318,797
320,691
322,771
324,662
326,333
328,632
330,67
332,276
334,338
336,766
338,329
340,172
342,653
344,782
346,497
348,296
350,331
352,49
354,749
356,634
358,710
360,644
362,49
364,751
366,251
368,195
370,194
372,267
374,259
376,391
378,738
380,5
382,738
384,155
386,605
388,775
390,444
392,449
394,548
396,471
398,606
400,473
402,486
404,241
406,615
408,651
410,566
412,641
414,659
416,611
418,689
420,424
422,353
424,83
426,539
428,9
430,749
432,277
434,477
436,278
438,419
440,678
442,215
444,780
446,702
448,697
450,551
452,482
454,562
456,208
458,66
460,80
462,741
464,395
466,298
468,3
470,317
472,536
474,748
476,162
478,438
480,225
482,772
484,268
486,311
488,366
490,99
492,307
494,209
496,607
498,245
500,780
502,217
504,360
506,236
508,744
510,3
512,534
514,646
516,553
518,73
520,663
522,738
524,260
526,394
528,86
530,135
532,785
534,706
536,701
538,491
540,635
542,307
544,412
546,110
548,373
550,774
552,87
554,571
556,779
558,216
560,135
562,717
564,57
566,171
568,511
570,751
572,497
574,636
576,134
578,736
580,22
582,510
584,646
586,793
588,368
590,329
592,44
594,337
596,730
598,20
600,340
602,324
604,442
606,470
608,445
610,565
612,218
614,378
616,136
618,63
620,676
622,384
624,80
626,51
628,438
630,11
632,776
634,174
636,588
638,294
640,59
642,6
644,255
646,598
648,345
650,531
652,648
654,299
656,6
658,799
660,106
662,81
664,503
666,670
668,108
670,218
672,94
674,779
676,322
678,147
680,670
682,605
684,560
686,323
688,727
690,225
692,110
694,275
696,794
698,685
700,751
702,793
704,625
706,713
708,412
710,296
712,780
714,478
716,327
718,312
720,657
722,753
724,423
726,789
728,24
730,47
732,39
734,43
736,179
738,4
740,200
742,441
744,692
746,8
748,491
750,206
752,30
754,518
756,334
758,100
760,223
762,143
764,148
766,686
768,144
770,115
772,308
774,248
776,283
778,546
780,693
782,502
784,722
786,346
788,545
790,417
792,444
794,679
796,60
798,764
800,120
802,538
804,534
806,494
808,227
810,722
812,13
814,743
816,413
818,792
820,53
822,19
824,568
826,188
828,203
830,84
832,582
834,207
836,279
838,619
840,764
842,184
844,393
846,397
848,672
850,26
852,201
854,107
856,737
858,699
860,756
862,443
864,489
866,758
868,731
870,566
872,293
874,489
876,743
878,148
880,571
882,175
884,313
886,154
888,7
890,149
892,443
894,78
896,605
898,52
900,444
902,146
904,596
906,343
908,515
910,789
912,225
914,121
916,503
918,561
920,239
922,160
924,204
926,303
928,159
930,344
932,687
934,282
936,685
938,3
940,362
942,111
944,267
946,744
948,69
950,212
952,413
954,755
956,136
958,756
960,31
962,310
964,170
966,180
968,487
970,26
972,276
974,206
976,44
978,626
980,656
982,539
984,170
986,41
988,521
990,451
992,58
994,121
996,354
998,380
1000,344
1002,369
1004,399
1006,763
1008,540
1010,205
1012,204
1014,480
1016,185
1018,37
1020,127
1022,225
1024,482
1026,776
1028,133
1030,130
1032,755
1034,249
1036,115
1038,377
1040,438
1042,379
1044,471
1046,353
1048,563
1050,654
1052,191
1054,597
1056,715
1058,484
1060,298
1062,652
1064,335
1066,753
1068,623
1070,650
1072,98
1074,773
1076,536
1078,618
1080,69
1082,636
1084,77
1086,226
1088,636
1090,505
1092,580
1094,311
1096,407
1098,199
1100,179
1102,706
1104,267
1106,446
1108,679
1110,758
1112,585
1114,247
1116,212
1118,171
1120,15
1122,34
1124,66
1126,493
1128,622
1130,249
1132,30
1134,100
1136,723
1138,661
1140,238
1142,252
1144,388
1146,514
1148,704
1150,758
1152,471
1154,550
1156,598
1158,182
1160,409
1162,785
1164,610
1166,138
1168,37
1170,504
1172,247
1174,453
1176,668
1178,219
1180,32
1182,246
1184,747
1186,7
1188,748
1190,441
1192,247
1194,726
1196,429
1198,793
1200,73
1202,156
1204,48
1206,574
1208,65
1210,655
1212,620
1214,496
1216,125
1218,490
1220,771
1222,797
1224,770
1226,403
1228,432
1230,31
1232,405
1234,220
1236,286
1238,170
1240,34
1242,120
1244,85
1246,53
1248,758
1250,109
1252,539
1254,726
1256,101
1258,291
1260,635
1262,732
1264,678
1266,701
1268,679
1270,530
1272,648
1274,178
1276,567
1278,611
1280,540
1282,764
1284,448
1286,247
1288,210
1290,488
1292,645
1294,24
1296,78
1298,36
1300,168
1302,568
1304,16
1306,62
1308,531
1310,105
1312,98
1314,146
1316,107
1318,11
1320,303
1322,547
1324,454
1326,611
1328,747
1330,182
1332,641
1334,419
1336,140
1338,439
1340,656
1342,787
1344,315
1346,403
1348,4
1350,503
1352,39
1354,70
1356,309
1358,508
1360,314
1362,551
1364,240
1366,334
1368,390
1370,122
1372,194
1374,715
1376,378
1378,255
1380,150
1382,737
1384,175
1386,444
1388,69
1390,783
1392,362
1394,404
1396,644
1398,86
1400,620
1402,541
1404,209
1406,244
1408,759
1410,561
1412,101
1414,63
1416,236
1418,136
1420,31
1422,494
1424,21
1426,499
1428,733
1430,72
1432,697
1434,756
1436,501
1438,716
1440,317
1442,541
1444,762
1446,270
1448,18
1450,741
1452,436
1454,35
1456,685
1458,379
1460,220
1462,518
1464,72
1466,240
1468,194
1470,556
1472,737
1474,249
1476,358
1478,396
1480,517
1482,183
1484,57
1486,484
1488,663
1490,536
1492,79
1494,797
1496,170
1498,199
1500,18
1502,376
1504,291
1506,103
1508,199
1510,642
1512,686
1514,664
1516,663
1518,151
1520,155
1522,203
1524,131
1526,35
1528,410
1530,653
1532,261
1534,671
1536,526
1538,264
1540,607
1542,585
1544,20
1546,576
1548,159
1550,737
1552,155
1554,19
1556,624
1558,233
1560,258
1562,74
1564,393
1566,526
1568,686
1570,269
1572,237
1574,99
1576,166
1578,358
1580,406
1582,286
1584,488
1586,339
1588,184
1590,287
1592,501
1594,364
1596,785
1598,128
1600,260
1602,123
1604,761
1606,174
1608,372
1610,307
1612,522
1614,546
1616,567
1618,391
1620,141
1622,507
1624,155
1626,2
1628,489
1630,273
1632,452
1634,30
1636,540
1638,43
1640,748
1642,347
1644,53
1646,333
1648,83
1650,302
1652,443
1654,449
1656,597
1658,531
1660,305
1662,82
1664,188
1666,796
1668,74
1670,609
1672,171
1674,548
1676,432
1678,97
1680,24
1682,759
1684,339
1686,41
1688,525
1690,406
1692,324
1694,520
1696,646
1698,467
1700,422
1702,177
1704,406
1706,393
1708,312
1710,494
1712,417
1714,738
1716,245
1718,416
1720,554
1722,592
1724,354
1726,517
1728,317
1730,436
1732,608
1734,487
1736,61
1738,411
1740,369
1742,150
1744,6
1746,77
1748,385
1750,49
1752,225
1754,718
1756,412
1758,490
1760,190
1762,588
1764,6
1766,252
1768,370
1770,149
1772,402
1774,249
1776,649
1778,107
1780,612
1782,194
1784,661
1786,577
1788,108
1790,71
1792,270
1794,711
1796,494
1798,597
1800,3
1802,106
1804,289
1806,299
1808,51
1810,332
1812,209
1814,29
1816,434
1818,188
1820,497
1822,39
1824,618
1826,555
1828,795
1830,406
1832,104
1834,19
1836,440
1838,726
1840,419
1842,367
1844,463
1846,298
1848,269
1850,408
1852,16
1854,51
1856,130
1858,539
1860,193
1862,366
1864,757
1866,295
1868,515
1870,647
1872,652
1874,322
1876,22
1878,662
1880,176
1882,490
1884,94
1886,581
1888,629
1890,322
1892,28
1894,116
1896,482
1898,611
1900,28
1902,69
1904,451
1906,50
1908,228
1910,746
1912,608
1914,210
1916,43
1918,657
1920,697
1922,416
1924,166
1926,103
1928,756
1930,50
1932,426
1934,473
1936,763
1938,38
1940,27
1942,500
1944,48
1946,528
1948,26
1950,606
1952,433
1954,62
1956,450
1958,536
1960,762
1962,2
1964,244
1966,212
1968,151
1970,353
1972,61
1974,252
1976,622
1978,19
1980,506
1982,598
1984,734
1986,550
1988,329
1990,245
1992,376
1994,612
1996,544
1998,304
2000,294
2002,448
2004,334
2006,68
2008,545
2010,245
2012,166
2014,198
2016,710
2018,1
2020,268
2022,644
2024,564
2026,786
2028,227
2030,240
2032,211
2034,212
2036,657
2038,421
2040,190
2042,487
2044,714
2046,114
2048,21
2050,794
2052,524
2054,798
2056,22
2058,545
2060,25
2062,181
2064,417
2066,279
2068,273
2070,552
2072,587
2074,628
2076,567
2078,156
2080,152
2082,451
2084,120
2086,788
2088,441
2090,536
2092,369
2094,367
2096,606
2098,388
2100,259
2102,545
2104,352
2106,588
2108,205
2110,193
2112,204
2114,776
2116,376
2118,186
2120,795
2122,696
2124,742
2126,531
2128,63
2130,197
2132,305
2134,298
2136,241
2138,717
2140,411
2142,514
2144,421
2146,441
2148,636
2150,28
2152,263
2154,62
2156,100
2158,503
2160,399
2162,548
2164,675
2166,597
2168,536
2170,329
2172,184
2174,392
2176,245
2178,233
2180,160
2182,693
2184,574
2186,548
2188,379
2190,37
2192,624
2194,790
2196,138
2198,302
2200,453
2202,410
2204,337
2206,57
2208,95
2210,548
2212,202
2214,83
2216,185
2218,663
2220,677
2222,621
2224,138
2226,549
2228,690
2230,424
2232,784
2234,453
2236,362
2238,58
2240,77
2242,341
2244,263
2246,507
2248,685
2250,384
2252,115
2254,106
2256,456
2258,753
2260,240
2262,311
2264,566
2266,272
2268,186
2270,46
2272,21
2274,330
2276,122
2278,672
2280,226
2282,789
2284,174
2286,529
2288,459
2290,316
2292,83
2294,742
2296,175
2298,748
2300,795
2302,544
2304,448
2306,449
2308,48
2310,367
2312,784
2314,435
2316,514
2318,740
2320,775
2322,64
2324,350
2326,711
2328,53
2330,742
2332,139
2334,133
2336,64
2338,759
2340,383
2342,662
2344,46
2346,95
2348,669
2350,638
2352,85
2354,727
2356,634
2358,332
2360,255
2362,153
2364,720
2366,432
2368,579
2370,609
2372,116
2374,3
2376,329
2378,245
2380,15
2382,602
2384,562
2386,171
2388,594
2390,627
2392,438
2394,736
2396,450
2398,84
2400,61
2402,452
2404,417
2406,212
2408,520
2410,502
2412,431
2414,533
2416,431
2418,695
2420,142
2422,634
2424,660
2426,267
2428,796
2430,550
2432,10
2434,311
2436,770
2438,388
2440,255
2442,622
2444,18
2446,491
2448,464
2450,372
2452,397
2454,212
2456,224
2458,462
2460,592
2462,95
2464,169
2466,102
2468,65
2470,716
2472,713
2474,247
2476,712
2478,143
2480,799
2482,49
2484,235
2486,142
2488,541
2490,254
2492,741
2494,392
2496,653
2498,610
2500,681
2502,575
2504,52
2506,201
2508,570
2510,608
2512,489
2514,798
2516,797
2518,746
2520,420
2522,418
2524,187
2526,515
2528,615
2530,713
2532,740
2534,148
2536,659
2538,147
2540,732
2542,308
2544,181
2546,217
2548,789
2550,195
2552,193
2554,750
2556,369
2558,341
2560,239
2562,65
2564,544
2566,344
2568,640
2570,194
2572,261
2574,424
2576,315
2578,793
2580,556
2582,129
2584,662
2586,604
2588,151
2590,161
2592,51
2594,429
2596,389
2598,608
2600,333
2602,454
2604,67
2606,350
2608,63
2610,307
2612,133
2614,576
2616,478
2618,773
2620,31
2622,82
2624,375
2626,465
2628,550
2630,650
2632,245
2634,555
2636,302
2638,355
2640,585
2642,700
2644,476
2646,575
2648,344
2650,731
2652,29
2654,444
2656,501
2658,367
2660,659
2662,64
2664,428
2666,308
2668,440
2670,644
2672,221
2674,589
2676,269
2678,104
2680,52
2682,426
2684,452
2686,428
2688,391
2690,762
2692,444
2694,262
2696,73
2698,328
2700,24
2702,427
2704,408
2706,638
2708,711
2710,508
2712,741
2714,623
2716,335
2718,82
2720,511
2722,251
2724,659
2726,298
2728,134
2730,601
2732,507
2734,585
2736,324
2738,579
2740,282
2742,631
2744,790
2746,605
2748,368
2750,535
2752,190
2754,9
2756,588
2758,611
2760,588
2762,613
2764,557
2766,746
2768,663
2770,288
2772,682
2774,254
2776,135
2778,26
2780,288
2782,425
2784,505
2786,640
2788,523
2790,653
2792,709
2794,628
2796,448
2798,758
2800,136
2802,517
2804,355
2806,33
2808,613
2810,510
2812,765
2814,124
2816,101
2818,481
2820,27
2822,435
2824,387
2826,518
2828,725
2830,569
2832,299
2834,473
2836,787
2838,739
2840,341
2842,217
2844,551
2846,569
2848,330
2850,563
2852,372
2854,771
2856,458
2858,547
2860,350
2862,509
2864,714
2866,655
2868,381
2870,607
2872,113
2874,146
2876,519
2878,298
2880,128
2882,619
2884,351
2886,221
2888,76
2890,514
2892,328
2894,773
2896,32
2898,141
2900,317
2902,780
2904,635
2906,208
2908,572
2910,682
2912,211
2914,152
2916,280
2918,344
2920,306
2922,36
2924,402
2926,513
2928,210
2930,732
2932,378
2934,65
2936,579
2938,635
2940,234
2942,567
2944,204
2946,153
2948,159
2950,450
2952,746
2954,399
2956,438
2958,124
2960,651
2962,746
2964,368
2966,183
2968,675
2970,356
2972,118
2974,717
2976,298
2978,271
2980,435
2982,656
2984,777
2986,349
2988,478
2990,745
2992,274
2994,463
2996,298
2998,328
3000,621
3002,718
3004,676
3006,60
3008,636
3010,638
3012,121
3014,44
3016,246
3018,648
3020,680
3022,548
3024,715
3026,431
3028,554
3030,632
3032,431
3034,567
3036,217
3038,136
3040,421
3042,749
3044,706
3046,726
3048,768
3050,173
3052,728
3054,248
3056,651
3058,216
3060,45
3062,522
3064,200
3066,669
3068,617
3070,550
3072,361
3074,587
3076,240
3078,608
3080,65
3082,775
3084,725
3086,598
3088,55
3090,410
3092,724
3094,392
3096,309
3098,305
3100,294
3102,227
3104,37
3106,413
3108,399
3110,57
3112,525
3114,487
3116,764
3118,303
3120,383
3122,295
3124,489
3126,571
3128,50
3130,796
3132,471
3134,72
3136,196
3138,400
3140,521
3142,476
3144,399
3146,287
3148,375
3150,326
3152,277
3154,351
3156,468
3158,396
3160,678
3162,399
3164,309
3166,227
3168,782
3170,521
3172,629
3174,775
3176,18
3178,15
3180,652
3182,601
3184,12
3186,425
3188,673
3190,190
3192,503
3194,149
3196,530
3198,342
3200,686
3202,297
3204,227
3206,153
3208,237
3210,642
3212,655
3214,751
3216,658
3218,353
3220,437
3222,141
3224,793
3226,250
3228,699
3230,37
3232,425
3234,390
3236,477
3238,377
3240,717
3242,489
3244,497
3246,407
3248,778
3250,229
3252,32
3254,485
3256,520
3258,229
3260,206
3262,777
3264,157
3266,53
3268,548
3270,764
3272,27
3274,207
3276,298
3278,329
3280,651
3282,735
3284,655
3286,188
3288,325
3290,36
3292,110
3294,744
3296,613
3298,432
3300,555
3302,674
3304,372
3306,100
3308,232
3310,734
3312,22
3314,715
3316,4
3318,142
3320,113
3322,96
3324,668
3326,714
3328,166
3330,524
3332,261
3334,295
3336,558
3338,612
3340,435
3342,423
3344,184
3346,414
3348,627
3350,49
3352,281
3354,721
3356,541
3358,540
3360,425
3362,584
3364,371
3366,138
3368,780
3370,758
3372,408
3374,313
3376,384
3378,356
3380,245
3382,624
3384,569
3386,471
3388,478
3390,232
3392,754
3394,586
3396,394
3398,437
3400,436
3402,513
3404,682
3406,573
3408,161
3410,288
3412,461
3414,286
3416,137
3418,264
3420,679
3422,444
3424,525
3426,541
3428,690
3430,44
3432,571
3434,351
3436,778
3438,560
3440,7
3442,169
3444,640
3446,365
3448,80
3450,48
3452,234
3454,367
3456,693
3458,662
3460,291
3462,34
3464,153
3466,741
3468,230
3470,362
3472,763
3474,417
3476,573
3478,3
3480,758
3482,420
3484,641
3486,617
3488,307
3490,187
3492,499
3494,414
3496,174
3498,396
3500,693
3502,344
3504,536
3506,203
3508,316
3510,365
3512,767
3514,800
3516,204
3518,335
3520,339
3522,55
3524,271
3526,726
3528,773
3530,66
3532,731
3534,692
3536,748
3538,607
3540,6
3542,144
3544,326
3546,155
3548,506
3550,84
3552,51
3554,230
3556,569
3558,164
3560,600
3562,302
3564,480
3566,563
3568,117
3570,218
3572,59
3574,384
3576,704
3578,683
3580,565
3582,551
3584,683
3586,83
3588,498
3590,790
3592,398
3594,751
3596,589
3598,445
3600,154
3602,391
3604,541
3606,586
3608,66
3610,444
3612,659
3614,654
3616,72
3618,628
3620,19
3622,648
3624,16
3626,625
3628,640
3630,107
3632,202
3634,564
3636,123
3638,137
3640,548
3642,146
3644,243
3646,248
3648,200
3650,206
3652,38
3654,390
3656,451
3658,708
3660,646
3662,562
3664,796
3666,11
3668,610
3670,629
3672,570
3674,486
3676,727
3678,639
3680,69
3682,28
3684,278
3686,600
3688,118
3690,124
3692,429
3694,30
3696,548
3698,68
3700,647
3702,688
3704,761
3706,40
3708,750
3710,96
3712,703
3714,763
3716,124
3718,620
3720,147
3722,256
3724,472
3726,304
3728,570
3730,798
3732,609
3734,499
3736,726
3738,508
3740,318
3742,772
3744,279
3746,192
3748,451
3750,83
3752,710
3754,219
3756,652
3758,720
3760,15
3762,515
3764,664
3766,445
3768,635
3770,518
3772,624
3774,223
3776,589
3778,301
3780,422
3782,345
3784,772
3786,281
3788,452
3790,128
3792,753
3794,159
3796,414
3798,636
3800,40
3802,770
3804,756
3806,731
3808,425
3810,235
3812,79
3814,627
3816,78
3818,48
3820,247
3822,68
3824,771
3826,126
3828,519
3830,154
3832,723
3834,149
3836,465
3838,33
3840,296
3842,307
3844,292
3846,451
3848,558
3850,589
3852,74
3854,752
3856,704
3858,353
3860,291
3862,390
3864,367
3866,776
3868,626
3870,651
3872,470
3874,651
3876,506
3878,783
3880,367
3882,524
3884,275
3886,639
3888,690
3890,48
3892,478
3894,94
3896,660
3898,23
3900,172
3902,627
3904,748
3906,541
3908,250
3910,284
3912,155
3914,62
3916,420
3918,27
3920,762
3922,680
3924,411
3926,118
3928,628
3930,276
3932,305
3934,453
3936,763
3938,350
3940,38
3942,657
3944,356
3946,591
3948,108
3950,238
3952,355
3954,625
3956,344
3958,672
3960,390
3962,55
3964,387
3966,220
3968,409
3970,170
3972,434
3974,700
3976,315
3978,222
3980,450
3982,408
3984,552
3986,256
3988,563
3990,275
3992,547
3994,480
3996,307
3998,155
4000,794
4002,285
4004,510
4006,262
4008,434
4010,85
4012,219
4014,283
4016,655
4018,291
4020,71
4022,16
4024,794
4026,297
4028,128
4030,166
4032,532
4034,695
4036,66
4038,104
4040,558
4042,180
4044,693
4046,617
4048,681
4050,198
4052,66
4054,711
4056,567
4058,656
4060,615
4062,395
4064,544
4066,91
4068,446
4070,459
4072,575
4074,383
4076,366
4078,772
4080,590
4082,245
4084,574
4086,571
4088,511
4090,40
4092,230
4094,769
4096,211
4098,288
4100,316
4102,300
4104,456
4106,598
4108,738
4110,320
4112,641
4114,409
4116,285
4118,164
4120,382
4122,547
4124,222
4126,754
4128,434
4130,509
4132,427
4134,104
4136,115
4138,470
4140,386
4142,255
4144,71
4146,537
4148,745
4150,692
4152,169
4154,327
4156,580
4158,512
4160,434
4162,321
4164,162
4166,531
4168,304
4170,644
4172,114
4174,194
4176,110
4178,556
4180,142
4182,757
4184,59
4186,570
4188,73
4190,668
4192,676
4194,425
4196,649
4198,590
4200,128
4202,387
4204,377
4206,1
4208,517
4210,344
4212,264
4214,42
4216,409
4218,252
4220,761
4222,269
4224,327
4226,99
4228,460
4230,526
4232,397
4234,750
4236,187
4238,595
4240,451
4242,451
4244,632
4246,689
4248,566
4250,627
4252,595
4254,554
4256,28
4258,497
4260,288
4262,194
4264,399
4266,95
4268,293
4270,371
4272,62
4274,63
4276,216
4278,382
4280,107
4282,676
4284,84
4286,528
4288,12
4290,593
4292,200
4294,545
4296,506
4298,768
4300,644
4302,427
4304,16
4306,638
4308,730
4310,732
4312,499
4314,711
4316,245
4318,728
4320,337
4322,590
4324,267
4326,617
4328,605
4330,128
4332,527
4334,583
4336,149
4338,379
4340,699
4342,167
4344,406
4346,127
4348,231
4350,409
4352,453
4354,371
4356,174
4358,21
4360,356
4362,729
4364,182
4366,216
4368,43
4370,771
4372,712
4374,524
4376,203
4378,113
4380,638
4382,521
4384,97
4386,608
4388,612
4390,135
4392,84
4394,52
4396,300
4398,285
4400,337
4402,761
4404,244
4406,543
4408,138
4410,511
4412,89
4414,88
4416,312
4418,527
4420,437
4422,406
4424,295
4426,196
4428,595
4430,574
4432,359
4434,599
4436,64
4438,666
4440,503
4442,29
4444,695
4446,3
4448,197
4450,722
4452,422
4454,540
4456,218
4458,319
4460,254
4462,524
4464,496
4466,532
4468,220
4470,338
4472,250
4474,215
4476,395
4478,210
4480,191
4482,221
4484,372
4486,216
4488,579
4490,227
4492,666
4494,74
4496,81
4498,344
4500,397
4502,213
4504,25
4506,769
4508,576
4510,301
4512,272
4514,209
4516,430
4518,683
4520,603
4522,328
4524,432
4526,112
4528,14
4530,159
4532,657
4534,60
4536,431
4538,221
4540,566
4542,711
4544,693
4546,403
4548,552
4550,676
4552,40
4554,726
4556,650
4558,514
4560,115
4562,488
4564,557
4566,773
4568,726
4570,759
4572,216
4574,117
4576,51
4578,478
4580,166
4582,622
4584,226
4586,680
4588,76
4590,202
4592,393
4594,334
4596,248
4598,488
4600,738
4602,6
4604,543
4606,640
4608,666
4610,549
4612,4
4614,362
4616,566
4618,405
4620,567
4622,391
4624,258
4626,150
4628,744
4630,396
4632,19
4634,554
4636,470
4638,450
4640,112
4642,305
4644,118
4646,364
4648,445
4650,36
4652,5
4654,252
4656,50
4658,450
4660,575
4662,669
4664,220
4666,52
4668,428
4670,576
4672,456
4674,393
4676,70
4678,447
4680,575
4682,137
4684,289
4686,568
4688,500
4690,472
4692,419
4694,475
4696,696
4698,642
4700,447
4702,715
4704,434
4706,62
4708,100
4710,409
4712,159
4714,171
4716,413
4718,598
4720,521
4722,492
4724,109
4726,111
4728,543
4730,553
4732,320
4734,449
4736,556
4738,256
4740,474
4742,549
4744,692
4746,116
4748,625
4750,544
4752,122
4754,199
4756,421
4758,32
4760,256
4762,249
4764,648
4766,660
4768,739
4770,556
4772,211
4774,100
4776,786
4778,36
4780,451
4782,420
4784,59
4786,712
4788,436
4790,380
4792,221
4794,323
4796,357
4798,756
4800,461
4802,783
4804,384
4806,367
4808,24
4810,411
4812,614
4814,524
4816,200
4818,262
4820,482
4822,623
4824,431
4826,351
4828,705
4830,89
4832,253
4834,451
4836,403
4838,159
4840,242
4842,411
4844,417
4846,715
4848,235
4850,715
4852,659
4854,492
4856,235
4858,699
4860,152
4862,786
4864,114
4866,470
4868,474
4870,734
4872,637
4874,128
4876,611
4878,489
4880,701
4882,559
4884,134
4886,224
4888,111
4890,478
4892,522
4894,379
4896,52
4898,308
4900,238
4902,639
4904,711
4906,763
4908,143
4910,264
4912,742
4914,337
4916,20
4918,507
4920,265
4922,55
4924,31
4926,236
4928,760
4930,600
4932,387
4934,58
4936,229
4938,761
4940,776
4942,264
4944,191
4946,138
4948,630
4950,129
4952,469
4954,520
4956,7
4958,601
4960,12
4962,416
4964,456
4966,664
4968,624
4970,304
4972,788
4974,605
4976,789
4978,733
4980,709
4982,527
4984,711
4986,502
4988,73
4990,230
4992,395
4994,774
4996,400
4998,567
5000,209
5002,154
5004,559
5006,589
5008,527
5010,778
5012,650
5014,45
5016,689
5018,337
5020,619
5022,239
5024,762
5026,418
5028,739
5030,775
5032,436
5034,49
5036,421
5038,798
5040,711
5042,54
5044,477
5046,687
5048,121
5050,397
5052,146
5054,542
5056,618
5058,240
5060,88
5062,351
5064,371
5066,255
5068,796
5070,388
5072,566
5074,373
5076,219
5078,584
5080,291
5082,363
5084,696
5086,509
5088,233
5090,753
5092,68
5094,676
5096,600
5098,268
5100,210
5102,396
5104,560
5106,530
5108,651
5110,552
5112,17
5114,655
5116,148
5118,211
5120,80
5122,228
5124,385
5126,12
5128,168
5130,673
5132,387
5134,638
5136,460
5138,111
5140,19
5142,362
5144,54
5146,17
5148,603
5150,281
5152,9
5154,277
5156,495
5158,375
5160,540
5162,550
5164,415
5166,219
5168,513
5170,554
5172,746
5174,309
5176,319
5178,49
5180,443
5182,765
5184,138
5186,84
5188,247
5190,703
5192,193
5194,439
5196,394
5198,440
5200,560
5202,660
5204,104
5206,488
5208,746
5210,304
5212,64
5214,194
5216,681
5218,504
5220,699
5222,733
5224,234
5226,55
5228,568
5230,115
5232,671
5234,562
5236,480
5238,565
5240,572
5242,321
5244,99
5246,37
5248,301
5250,797
5252,717
5254,777
5256,651
5258,757
5260,323
5262,485
5264,516
5266,145
5268,408
5270,462
5272,448
5274,229
5276,503
5278,579
5280,593
5282,433
5284,152
5286,204
5288,384
5290,371
5292,671
5294,137
5296,257
5298,317
5300,386
5302,738
5304,575
5306,288
5308,130
5310,586
5312,287
5314,734
5316,390
5318,626
5320,34
5322,766
5324,213
5326,329
5328,176
5330,335
5332,665
5334,671
5336,78
5338,598
5340,380
5342,380
5344,395
5346,382
5348,285
5350,583
5352,391
5354,577
5356,175
5358,311
5360,220
5362,387
5364,224
5366,53
5368,398
5370,548
5372,529
5374,718
5376,667
5378,371
5380,670
5382,534
5384,399
5386,693
5388,527
5390,658
5392,689
5394,221
5396,517
5398,278
5400,320
5402,29
5404,333
5406,268
5408,594
5410,420
5412,245
5414,149
5416,537
5418,491
5420,376
5422,601
5424,435
5426,633
5428,798
5430,338
5432,619
5434,390
5436,711
5438,101
5440,522
5442,29
5444,41
5446,311
5448,43
5450,416
5452,640
5454,160
5456,206
5458,203
5460,630
5462,122
5464,347
5466,758
5468,512
5470,366
5472,106
5474,598
5476,66
5478,610
5480,354
5482,134
5484,599
5486,284
5488,303
5490,487
5492,365
5494,216
5496,339
5498,499
5500,149
5502,790
5504,88
5506,197
5508,525
5510,748
5512,780
5514,614
5516,724
5518,593
5520,179
5522,65
5524,6
5526,210
5528,749
5530,245
5532,521
5534,565
5536,602
5538,583
5540,24
5542,646
5544,404
5546,184
5548,186
5550,718
5552,353
5554,234
5556,50
5558,702
5560,217
5562,262
5564,11
5566,444
5568,411
5570,475
5572,746
5574,452
5576,213
5578,127
5580,638
5582,55
5584,662
5586,362
5588,700
5590,611
5592,259
5594,581
5596,355
5598,244
5600,666
5602,286
5604,207
5606,56
5608,254
5610,235
5612,686
5614,309
5616,39
5618,94
5620,663
5622,593
5624,89
5626,77
5628,200
5630,145
5632,798
5634,297
5636,395
5638,100
5640,216
5642,716
5644,619
5646,54
5648,614
5650,4
5652,726
5654,154
5656,673
5658,498
5660,735
5662,594
5664,538
5666,698
5668,276
5670,101
5672,649
5674,452
5676,243
5678,84
5680,548
5682,309
5684,505
5686,70
5688,799
5690,659
5692,594
5694,417
5696,464
5698,669
5700,93
5702,473
5704,401
5706,15
5708,566
5710,778
5712,796
5714,432
5716,777
5718,116
5720,786
5722,372
5724,452
5726,729
5728,672
5730,123
5732,228
5734,50
5736,292
5738,229
5740,184
5742,659
5744,594
5746,617
5748,587
5750,486
5752,618
5754,148
5756,82
5758,648
5760,386
5762,498
5764,653
5766,712
5768,605
5770,691
5772,330
5774,563
5776,476
5778,402
5780,735
5782,125
5784,107
5786,233
5788,302
5790,415
5792,481
5794,204
5796,557
5798,321
5800,17
5802,244
5804,609
5806,208
5808,422
5810,739
5812,440
5814,363
5816,679
5818,214
5820,599
5822,309
5824,552
5826,324
5828,145
5830,752
5832,354
5834,600
5836,204
5838,364
5840,728
5842,571
5844,385
5846,647
5848,394
5850,368
5852,25
5854,581
5856,492
5858,162
5860,222
5862,231
5864,767
5866,720
5868,173
5870,632
5872,408
5874,262
5876,533
5878,385
5880,194
5882,367
5884,173
5886,371
5888,614
5890,654
5892,756
5894,774
5896,149
5898,745
5900,9
5902,422
5904,729
5906,276
5908,329
5910,84
5912,174
5914,536
5916,241
5918,45
5920,692
5922,23
5924,408
5926,734
5928,167
5930,680
5932,85
5934,332
5936,661
5938,316
5940,78
5942,597
5944,686
5946,462
5948,556
5950,127
5952,736
5954,492
5956,657
5958,45
5960,534
5962,633
5964,781
5966,337
5968,668
5970,112
5972,698
5974,69
5976,670
5978,164
5980,592
5982,431
5984,686
5986,52
5988,488
5990,173
5992,501
5994,603
5996,285
5998,774
6000,20
6002,662
6004,653
6006,193
6008,11
6010,205
6012,662
6014,610
6016,247
6018,73
6020,466
6022,766
6024,578
6026,229
6028,266
6030,136
6032,38
6034,724
6036,66
6038,560
6040,728
6042,365
6044,480
6046,88
6048,41
6050,385
6052,588
6054,616
6056,88
6058,482
6060,639
6062,463
6064,60
6066,169
6068,408
6070,718
6072,186
6074,464
6076,613
6078,214
6080,491
6082,593
6084,308
6086,113
6088,545
6090,519
6092,598
6094,742
6096,144
6098,178
6100,163
6102,733
6104,741
6106,538
6108,2
6110,208
6112,438
6114,61
6116,349
6118,10
6120,59
6122,482
6124,728
6126,307
6128,490
6130,699
6132,480
6134,653
6136,212
6138,771
6140,367
6142,113
6144,677
6146,141
6148,282
6150,85
6152,774
6154,260
6156,198
6158,643
6160,399
6162,352
6164,390
6166,77
6168,377
6170,776
6172,289
6174,751
6176,27
6178,256
6180,292
6182,516
6184,130
6186,194
6188,631
6190,393
6192,353
6194,789
6196,410
6198,621
6200,304
6202,232
6204,165
6206,281
6208,330
6210,235
6212,321
6214,746
6216,753
6218,143
6220,253
6222,765
6224,427
6226,712
6228,528
6230,492
6232,504
6234,475
6236,49
6238,560
6240,773
6242,509
6244,181
6246,261
6248,179
6250,496
6252,317
6254,151
6256,228
6258,732
6260,152
6262,770
6264,714
6266,236
6268,364
6270,509
6272,344
6274,548
6276,258
6278,69
6280,797
6282,746
6284,211
6286,737
6288,763
6290,297
6292,455
6294,579
6296,513
6298,341
6300,298
6302,81
6304,10
6306,761
6308,784
6310,479
6312,425
6314,8
6316,34
6318,327
6320,631
6322,658
6324,686
6326,777
6328,756
6330,157
6332,676
6334,28
6336,230
6338,244
6340,89
6342,385
6344,719
6346,695
6348,665
6350,163
6352,553
6354,700
6356,61
6358,536
6360,648
6362,595
6364,506
6366,282
6368,589
6370,383
6372,238
6374,56
6376,198
6378,548
6380,95
6382,351
6384,616
6386,418
6388,35
6390,37
6392,435
6394,464
6396,409
6398,527
6400,367
6402,309
6404,434
6406,623
6408,310
6410,615
6412,45
6414,91
6416,258
6418,451
6420,154
6422,54
6424,531
6426,181
6428,527
6430,178
6432,431
6434,609
6436,213
6438,675
6440,117
6442,790
6444,66
6446,707
6448,573
6450,466
6452,677
6454,459
6456,669
6458,429
6460,502
6462,570
6464,456
6466,485
6468,3
6470,755
6472,14
6474,94
6476,303
6478,683
6480,551
6482,797
6484,382
6486,410
6488,284
6490,174
6492,344
6494,141
6496,677
6498,770
6500,274
6502,160
6504,470
6506,523
6508,557
6510,701
6512,434
6514,539
6516,354
6518,661
6520,517
6522,31
6524,166
6526,622
6528,566
6530,397
6532,457
6534,43
6536,203
6538,435
6540,3
6542,684
6544,619
6546,488
6548,539
6550,360
6552,258
6554,185
6556,5
6558,629
6560,439
6562,320
6564,445
6566,421
6568,582
6570,305
6572,407
6574,435
6576,468
6578,143
6580,692
6582,764
6584,206
6586,465
6588,120
6590,261
6592,788
6594,90
6596,273
6598,282
6600,653
6602,416
6604,407
6606,291
6608,665
6610,354
6612,484
6614,240
6616,161
6618,570
6620,562
6622,298
6624,549
6626,277
6628,772
6630,398
6632,799
6634,520
6636,477
6638,569
6640,686
6642,29
6644,9
6646,187
6648,352
6650,51
6652,431
6654,404
6656,286
6658,759
6660,6
6662,443
6664,221
6666,243
6668,569
6670,224
6672,608
6674,90
6676,250
6678,650
6680,779
6682,38
6684,405
6686,728
6688,314
6690,47
6692,285
6694,406
6696,656
6698,640
6700,432
6702,700
6704,440
6706,682
6708,733
6710,441
6712,592
6714,735
6716,150
6718,121
6720,545
6722,81
6724,555
6726,320
6728,716
6730,113
6732,614
6734,196
6736,584
6738,38
6740,360
6742,560
6744,302
6746,653
6748,607
6750,138
6752,62
6754,61
6756,165
6758,280
6760,459
6762,274
6764,534
6766,323
6768,624
6770,196
6772,211
6774,124
6776,6
6778,404
6780,355
6782,59
6784,24
6786,547
6788,21
6790,375
6792,583
6794,565
6796,438
6798,778
6800,44
6802,767
6804,737
6806,395
6808,455
6810,246
6812,58
6814,105
6816,696
6818,603
6820,703
6822,118
6824,658
6826,432
6828,429
6830,6
6832,474
6834,362
6836,122
6838,515
6840,142
6842,585
6844,183
6846,459
6848,208
6850,395
6852,376
6854,179
6856,772
6858,644
6860,184
6862,675
6864,261
6866,460
6868,624
6870,537
6872,19
6874,221
6876,403
6878,489
6880,243
6882,46
6884,66
6886,426
6888,621
6890,178
6892,535
6894,355
6896,172
6898,146
6900,96
6902,169
6904,245
6906,758
6908,273
6910,176
6912,654
6914,741
6916,723
6918,261
6920,415
6922,249
6924,141
6926,591
6928,623
6930,489
6932,288
6934,13
6936,558
6938,760
6940,784
6942,146
6944,205
6946,484
6948,458
6950,65
6952,16
6954,691
6956,429
6958,388
6960,441
6962,575
6964,320
6966,111
6968,680
6970,62
6972,2
6974,699
6976,647
6978,112
6980,359
6982,148
6984,705
6986,298
6988,23
6990,99
6992,742
6994,2
6996,541
6998,194
7000,345
7002,233
7004,775
7006,252
7008,112
7010,759
7012,86
7014,792
7016,378
7018,715
7020,639
7022,104
7024,752
7026,214
7028,358
7030,431
7032,160
7034,797
7036,525
7038,771
7040,248
7042,375
7044,442
7046,612
7048,168
7050,681
7052,67
7054,313
7056,347
7058,303
7060,50
7062,688
7064,488
7066,401
7068,318
7070,621
7072,270
7074,97
7076,523
7078,6
7080,494
7082,225
7084,628
7086,49
7088,122
7090,452
7092,558
7094,280
7096,369
7098,140
7100,11
7102,7
7104,747
7106,74
7108,248
7110,517
7112,541
7114,18
7116,711
7118,355
7120,190
7122,637
7124,50
7126,236
7128,56
7130,629
7132,670
7134,225
7136,713
7138,343
7140,667
7142,494
7144,769
7146,276
7148,185
7150,288
7152,512
7154,582
7156,470
7158,461
7160,391
7162,442
7164,283
7166,314
7168,509
7170,759
7172,41
7174,258
7176,46
7178,416
7180,92
7182,426
7184,746
7186,567
7188,459
7190,203
7192,202
7194,286
7196,732
7198,311
7200,352
7202,384
7204,511
7206,372
7208,612
7210,666
7212,213
7214,375
7216,33
7218,285
7220,657
7222,625
7224,133
7226,544
7228,56
7230,310
7232,631
7234,718
7236,132
7238,609
7240,469
7242,427
7244,525
7246,275
7248,310
7250,159
7252,188
7254,276
7256,495
7258,559
7260,790
7262,525
7264,330
7266,391
7268,300
7270,33
7272,4
7274,189
7276,516
7278,320
7280,744
7282,708
7284,711
7286,668
7288,753
7290,78
7292,376
7294,348
7296,387
7298,109
7300,143
7302,168
7304,33
7306,202
7308,799
7310,268
7312,504
7314,366
7316,60
7318,757
7320,238
7322,52
7324,58
7326,27
7328,369
7330,645
7332,699
7334,489
7336,477
7338,295
7340,189
7342,164
7344,653
7346,153
7348,660
7350,723
7352,484
7354,778
7356,655
7358,529
7360,85
7362,693
7364,71
7366,199
7368,72
7370,453
7372,663
7374,259
7376,773
7378,405
7380,317
7382,258
7384,799
7386,203
7388,10
7390,416
7392,122
7394,569
7396,754
7398,319
7400,691
7402,144
7404,603
7406,540
7408,317
7410,351
7412,189
7414,554
7416,261
7418,782
7420,515
7422,524
7424,111
7426,166
7428,751
7430,79
7432,712
7434,3
7436,709
7438,256
7440,287
7442,144
7444,737
7446,796
7448,138
7450,481
7452,721
7454,43
7456,723
7458,364
7460,55
7462,10
7464,204
7466,665
7468,598
7470,251
7472,44
7474,150
7476,449
7478,753
7480,746
7482,344
7484,219
7486,396
7488,186
7490,291
7492,520
7494,141
7496,743
7498,752
7500,71
7502,497
7504,42
7506,281
7508,146
7510,284
7512,326
7514,201
7516,605
7518,534
7520,139
7522,438
7524,301
7526,100
7528,257
7530,15
7532,669
7534,435
7536,494
7538,593
7540,469
7542,132
7544,354
7546,541
7548,516
7550,17
7552,410
7554,27
7556,79
7558,718
7560,97
7562,26
7564,701
7566,113
7568,362
7570,326
7572,133
7574,433
7576,77
7578,526
7580,354
7582,712
7584,721
7586,236
7588,660
7590,331
7592,741
7594,429
7596,152
7598,134
7600,279
7602,604
7604,174
7606,520
7608,679
7610,574
7612,277
7614,287
7616,122
7618,68
7620,356
7622,592
7624,120
7626,738
7628,668
7630,1
7632,198
7634,786
7636,160
7638,438
7640,273
7642,276
7644,676
7646,310
7648,153
7650,480
7652,538
7654,583
7656,578
7658,87
7660,218
7662,68
7664,165
7666,68
7668,394
7670,555
7672,121
7674,83
7676,730
7678,554
7680,140
7682,366
7684,572
7686,431
7688,54
7690,144
7692,438
7694,293
7696,628
7698,743
7700,79
7702,478
7704,86
7706,735
7708,232
7710,698
7712,205
7714,790
7716,135
7718,425
7720,696
7722,363
7724,653
7726,197
7728,269
7730,710
7732,679
7734,79
7736,508
7738,49
7740,303
7742,238
7744,421
7746,272
7748,502
7750,39
7752,105
7754,401
7756,570
7758,424
7760,562
7762,438
7764,442
7766,610
7768,509
7770,258
7772,176
7774,197
7776,481
7778,726
7780,416
7782,458
7784,2
7786,484
7788,56
7790,700
7792,665
7794,783
7796,512
7798,736
7800,326
7802,702
7804,61
7806,642
7808,306
7810,460
7812,537
7814,601
7816,726
7818,124
7820,395
7822,204
7824,637
7826,56
7828,616
7830,660
7832,76
7834,277
7836,91
7838,800
7840,373
7842,214
7844,66
7846,659
7848,360
7850,391
7852,218
7854,736
7856,582
7858,346
7860,725
7862,361
7864,142
7866,429
7868,541
7870,580
7872,574
7874,265
7876,350
7878,724
7880,488
7882,540
7884,114
7886,287
7888,124
7890,301
7892,298
7894,323
7896,394
7898,309
7900,530
7902,694
7904,409
7906,179
7908,662
7910,528
7912,570
7914,588
7916,319
7918,618
7920,205
7922,348
7924,304
7926,379
7928,232
7930,479
7932,396
7934,189
7936,92
7938,14
7940,160
7942,683
7944,559
7946,649
7948,680
7950,437
7952,421
7954,784
7956,423
7958,252
7960,664
7962,364
7964,154
7966,574
7968,605
7970,180
7972,28
7974,227
7976,136
7978,610
7980,107
7982,182
7984,275
7986,307
7988,615
7990,598
7992,4
7994,272
7996,29
7998,155
8000,663
8002,353
8004,590
8006,466
8008,577
8010,579
8012,687
8014,404
8016,763
8018,204
8020,283
8022,157
8024,408
8026,351
8028,268
8030,569
8032,617
8034,238
8036,205
8038,330
8040,48
8042,68
8044,94
8046,556
8048,291
8050,195
8052,204
8054,603
8056,27
8058,108
8060,631
8062,329
8064,82
8066,186
8068,337
8070,420
8072,327
8074,344
8076,662
8078,187
8080,516
8082,727
8084,438
8086,297
8088,797
8090,483
8092,760
8094,558
8096,90
8098,470
8100,409
8102,166
8104,556
8106,717
8108,343
8110,530
8112,112
8114,121
8116,221
8118,549
8120,254
8122,68
8124,223
8126,147
8128,581
8130,404
8132,430
8134,490
8136,19
8138,400
8140,347
8142,507
8144,78
8146,572
8148,228
8150,774
8152,574
8154,287
8156,241
8158,690
8160,9
8162,123
8164,600
8166,362
8168,747
8170,704
8172,251
8174,325
8176,155
8178,208
8180,425
8182,560
8184,48
8186,725
8188,290
8190,50
8192,686
8194,615
8196,698
8198,471
8200,758
8202,2
8204,193
8206,278
8208,386
8210,391
8212,288
8214,232
8216,180
8218,211
8220,382
8222,503
8224,250
8226,1
8228,440
8230,789
8232,717
8234,232
8236,143
8238,761
8240,197
8242,681
8244,206
8246,321
8248,12
8250,53
8252,623
8254,704
8256,61
8258,78
8260,427
8262,447
8264,427
8266,563
8268,647
8270,673
8272,208
8274,250
8276,461
8278,344
8280,483
8282,229
8284,53
8286,644
8288,530
8290,303
8292,58
8294,306
8296,750
8298,212
8300,658
8302,232
8304,775
8306,546
8308,588
8310,471
8312,9
8314,129
8316,756
8318,17
8320,566
8322,438
8324,30
8326,638
8328,156
8330,409
8332,38
8334,594
8336,52
8338,13
8340,310
8342,114
8344,98
8346,249
8348,59
8350,789
8352,761
8354,249
8356,213
8358,706
8360,694
8362,323
8364,738
8366,668
8368,790
8370,469
8372,52
8374,200
8376,589
8378,443
8380,1
8382,764
8384,300
8386,652
8388,506
8390,645
8392,603
8394,136
8396,666
8398,344
8400,660
8402,724
8404,634
8406,766
8408,120
8410,721
8412,82
8414,163
8416,796
8418,317
8420,261
8422,456
8424,336
8426,468
8428,616
8430,111
8432,103
8434,266
8436,142
8438,642
8440,620
8442,206
8444,92
8446,799
8448,659
8450,125
8452,704
8454,491
8456,28
8458,167
8460,693
8462,695
8464,113
8466,588
8468,378
8470,444
8472,242
8474,242
8476,617
8478,657
8480,385
8482,674
8484,312
8486,648
8488,777
8490,32
8492,203
8494,681
8496,740
8498,577
8500,83
8502,471
8504,706
8506,55
8508,20
8510,280
8512,782
8514,442
8516,388
8518,269
8520,566
8522,111
8524,628
8526,556
8528,730
8530,751
8532,148
8534,301
8536,687
8538,566
8540,309
8542,552
8544,119
8546,603
8548,398
8550,738
8552,407
8554,536
8556,78
8558,745
8560,289
8562,752
8564,392
8566,493
8568,419
8570,760
8572,671
8574,289
8576,204
8578,97
8580,299
8582,787
8584,309
8586,720
8588,417
8590,448
8592,171
8594,89
8596,325
8598,395
8600,332
8602,607
8604,694
8606,433
8608,189
8610,545
8612,635
8614,96
8616,684
8618,499
8620,275
8622,90
8624,704
8626,135
8628,291
8630,445
8632,520
8634,532
8636,64
8638,46
8640,107
8642,629
8644,17
8646,409
8648,774
8650,441
8652,731
8654,565
8656,335
8658,581
8660,178
8662,587
8664,632
8666,249
8668,737
8670,512
8672,130
8674,319
8676,783
8678,543
8680,109
8682,90
8684,74
8686,489
8688,505
8690,339
8692,122
8694,783
8696,591
8698,531
8700,793
8702,735
8704,767
8706,152
8708,28
8710,103
8712,187
8714,179
8716,452
8718,651
8720,461
8722,98
8724,375
8726,31
8728,147
8730,352
8732,368
8734,548
8736,376
8738,766
8740,17
8742,302
8744,397
8746,388
8748,386
8750,73
8752,778
8754,536
8756,760
8758,683
8760,53
8762,170
8764,61
8766,719
8768,12
8770,688
8772,781
8774,683
8776,552
8778,253
8780,768
8782,67
8784,30
8786,582
8788,99
8790,72
8792,469
8794,562
8796,222
8798,765
8800,6
8802,771
8804,82
8806,142
8808,61
8810,438
8812,741
8814,699
8816,174
8818,134
8820,23
8822,233
8824,198
8826,624
8828,719
8830,562
8832,664
8834,495
8836,360
8838,256
8840,529
8842,750
8844,651
8846,458
8848,268
8850,428
8852,759
8854,138
8856,345
8858,511
8860,778
8862,570
8864,301
8866,102
8868,661
8870,118
8872,180
8874,110
8876,480
8878,321
8880,515
8882,61
8884,492
8886,425
8888,11
8890,539
8892,107
8894,247
8896,598
8898,205
8900,339
8902,664
8904,512
8906,484
8908,556
8910,627
8912,240
8914,667
8916,307
8918,236
8920,406
8922,432
8924,95
8926,678
8928,492
8930,37
8932,538
8934,520
8936,779
8938,753
8940,141
8942,756
8944,589
8946,246
8948,715
8950,154
8952,200
8954,734
8956,689
8958,597
8960,588
8962,354
8964,650
8966,531
8968,702
8970,153
8972,701
8974,402
8976,359
8978,147
8980,547
8982,446
8984,91
8986,360
8988,552
8990,624
8992,107
8994,200
8996,558
8998,615
9000,605
9002,453
9004,647
9006,460
9008,556
9010,502
9012,231
9014,608
9016,215
9018,313
9020,94
9022,93
9024,357
9026,712
9028,246
9030,504
9032,185
9034,96
9036,360
9038,705
9040,480
9042,517
9044,250
9046,615
9048,371
9050,343
9052,586
9054,490
9056,729
9058,391
9060,395
9062,795
9064,301
9066,691
9068,293
9070,289
9072,143
9074,9
9076,774
9078,268
9080,282
9082,169
9084,551
9086,694
9088,432
9090,615
9092,360
9094,703
9096,204
9098,651
9100,548
9102,623
9104,605
9106,206
9108,469
9110,254
9112,279
9114,46
9116,230
9118,419
9120,742
9122,217
9124,313
9126,116
9128,181
9130,399
9132,738
9134,678
9136,251
9138,192
9140,490
9142,498
9144,421
9146,292
9148,131
9150,258
9152,191
9154,302
9156,776
9158,758
9160,439
9162,310
9164,515
9166,277
9168,183
9170,608
9172,448
9174,228
9176,33
9178,161
9180,452
9182,336
9184,680
9186,529
9188,728
9190,447
9192,609
9194,619
9196,391
9198,601
9200,751
9202,607
9204,353
9206,139
9208,479
9210,476
9212,184
9214,360
9216,116
9218,40
9220,285
9222,62
9224,282
9226,476
9228,25
9230,691
9232,7
9234,461
9236,141
9238,656
9240,362
9242,11
9244,292
9246,672
9248,785
9250,246
9252,372
9254,413
9256,172
9258,557
9260,798
9262,750
9264,87
9266,622
9268,374
9270,709
9272,349
9274,427
9276,174
9278,711
9280,243
9282,261
9284,552
9286,610
9288,310
9290,23
9292,255
9294,662
9296,321
9298,33
9300,521
9302,601
9304,431
9306,161
9308,600
9310,74
9312,350
9314,595
9316,258
9318,740
9320,458
9322,242
9324,434
9326,496
9328,676
9330,498
9332,15
9334,591
9336,401
9338,68
9340,723
9342,179
9344,412
9346,293
9348,579
9350,444
9352,764
9354,451
9356,74
9358,230
9360,718
9362,700
9364,93
9366,367
9368,770
9370,419
9372,777
9374,534
9376,474
9378,737
9380,643
9382,198
9384,630
9386,182
9388,688
9390,664
9392,110
9394,273
9396,405
9398,632
9400,505
9402,46
9404,445
9406,408
9408,720
9410,490
9412,166
9414,99
9416,223
9418,40
9420,536
9422,347
9424,237
9426,730
9428,411
9430,791
9432,797
9434,449
9436,512
9438,704
9440,614
9442,4
9444,588
9446,549
9448,201
9450,424
9452,52
9454,100
9456,155
9458,442
9460,350
9462,337
9464,57
9466,44
9468,187
9470,38
9472,568
9474,568
9476,378
9478,447
9480,80
9482,214
9484,769
9486,347
9488,72
9490,67
9492,588
9494,343
9496,543
9498,576
9500,117
9502,616
9504,131
9506,326
9508,126
9510,485
9512,413
9514,605
9516,510
9518,443
9520,754
9522,439
9524,548
9526,660
9528,607
9530,480
9532,264
9534,323
9536,316
9538,532
9540,205
9542,742
9544,418
9546,93
9548,461
9550,414
9552,64
9554,507
9556,12
9558,414
9560,181
9562,392
9564,270
9566,202
9568,45
9570,68
9572,221
9574,182
9576,211
9578,216
9580,526
9582,691
9584,624
9586,522
9588,3
9590,604
9592,681
9594,420
9596,299
9598,551
9600,731
9602,212
9604,628
9606,63
9608,86
9610,50
9612,149
9614,253
9616,207
9618,487
9620,454
9622,414
9624,548
9626,763
9628,352
9630,412
9632,183
9634,59
9636,534
9638,436
9640,416
9642,654
9644,231
9646,772
9648,461
9650,651
9652,637
9654,411
9656,411
9658,483
9660,65
9662,66
9664,240
9666,594
9668,79
9670,560
9672,176
9674,670
9676,107
9678,360
9680,750
9682,462
9684,388
9686,266
9688,676
9690,437
9692,184
9694,536
9696,533
9698,222
9700,587
9702,411
9704,106
9706,280
9708,414
9710,517
9712,739
9714,372
9716,101
9718,158
9720,756
9722,349
9724,517
9726,484
9728,378
9730,550
9732,506
9734,499
9736,494
9738,307
9740,234
9742,290
9744,92
9746,491
9748,701
9750,700
9752,312
9754,52
9756,365
9758,522
9760,391
9762,414
9764,321
9766,384
9768,389
9770,79
9772,109
9774,424
9776,510
9778,501
9780,795
9782,153
9784,534
9786,465
9788,232
9790,115
9792,240
9794,173
9796,40
9798,304
9800,243
9802,39
9804,144
9806,327
9808,88
9810,416
9812,205
9814,551
9816,246
9818,740
9820,411
9822,297
9824,114
9826,647
9828,67
9830,690
9832,379
9834,713
9836,782
9838,231
9840,406
9842,202
9844,674
9846,727
9848,41
9850,750
9852,51
9854,581
9856,733
9858,309
9860,250
9862,4
9864,491
9866,28
9868,254
9870,155
9872,347
9874,244
9876,154
9878,646
9880,439
9882,538
9884,297
9886,83
9888,672
9890,731
9892,704
9894,63
9896,570
9898,582
9900,320
9902,83
9904,240
9906,671
9908,267
9910,631
9912,81
9914,309
9916,714
9918,37
9920,226
9922,685
9924,15
9926,77
9928,455
9930,73
9932,670
9934,126
9936,735
9938,731
9940,152
9942,705
9944,745
9946,590
9948,587
9950,122
9952,195
9954,96
9956,22
9958,584
9960,17
9962,475
9964,20
9966,305
9968,5
9970,220
9972,285
9974,428
9976,392
9978,530
9980,697
9982,189
9984,800
9986,645
9988,779
9990,94
9992,369
9994,371
9996,276
9998,327
10000,74
