6000
1,180
3,159
5,83
6,100
8,463
10,140
11,563
13,669
14,341
16,511
18,679
20,670
21,640
23,337
25,7
26,3
28,152
30,302
31,629
33,394
35,598
36,639
38,785
40,735
41,50
43,506
44,732
46,621
48,753
49,748
51,562
53,269
54,677
56,677
58,401
59,261
61,280
63,790
64,13
66,9
68,41
69,289
71,562
73,512
75,695
76,574
78,148
80,710
81,436
83,702
85,285
86,453
88,367
90,553
91,437
93,672
95,494
96,117
98,712
100,130
101,583
103,519
105,599
106,319
108,684
110,493
111,492
113,746
115,19
116,324
118,367
120,54
121,414
123,777
125,692
126,570
128,257
130,678
131,508
133,125
135,262
136,633
138,603
140,582
141,372
143,684
145,599
146,208
148,694
150,618
151,403
153,472
155,459
156,202
158,431
159,616
161,2
163,180
164,483
166,200
168,515
169,74
171,159
173,75
174,788
176,639
178,232
179,146
181,524
183,699
184,58
186,346
188,168
189,519
191,51
193,252
194,596
196,419
198,204
199,243
201,600
203,402
204,210
206,385
208,184
209,174
211,549
213,139
214,103
216,251
218,723
219,319
221,432
223,296
224,493
226,690
228,794
229,398
231,235
233,376
234,291
236,317
238,440
239,481
241,490
243,726
244,119
246,712
248,441
249,34
251,24
253,721
254,311
256,47
258,162
259,695
261,460
263,326
264,708
266,499
268,633
269,213
271,436
273,763
274,487
276,759
278,631
279,701
281,312
283,541
284,155
286,596
288,415
289,71
291,207
293,540
294,754
296,314
298,483
299,410
301,245
303,180
305,355
306,367
308,527
310,125
311,113
313,389
315,666
316,201
318,265
320,729
321,102
323,219
325,586
326,671
328,674
330,716
331,174
333,542
335,424
336,621
338,152
340,509
341,490
343,388
345,454
346,729
348,81
350,794
351,759
353,208
355,611
356,759
358,502
360,630
361,796
363,797
365,160
366,76
368,32
370,117
371,316
373,281
375,790
376,523
378,535
380,381
381,82
383,686
385,652
386,312
388,556
390,163
391,410
393,148
395,521
396,11
398,259
400,142
401,181
403,477
405,70
406,797
408,324
410,2
411,64
413,222
415,359
416,25
418,449
420,57
421,606
423,100
425,424
426,611
428,235
430,335
431,505
433,144
435,124
436,433
438,104
440,423
441,627
443,566
445,641
446,46
448,397
450,229
451,308
453,447
455,550
456,234
458,1
460,317
461,78
463,150
465,419
466,265
468,1
470,772
471,387
473,189
475,33
476,609
478,362
480,575
481,541
483,74
485,234
486,640
488,755
490,344
491,668
493,41
495,200
496,6
498,598
500,4
501,359
503,506
505,342
506,184
508,269
510,647
511,561
513,169
515,794
516,532
518,10
520,28
521,99
523,8
525,449
526,754
528,522
530,269
531,444
533,17
535,267
536,621
538,244
540,496
541,96
543,610
545,363
546,522
548,226
550,546
551,784
553,449
555,79
556,708
558,784
560,450
561,2
563,159
565,346
566,634
568,548
570,444
571,227
573,67
575,467
576,308
578,194
580,323
581,424
583,197
585,461
586,362
588,131
590,375
591,91
593,402
595,656
596,601
598,274
600,261
601,193
603,231
605,162
606,12
608,328
610,335
611,576
613,397
615,192
616,637
618,92
619,690
621,491
623,626
624,299
626,771
628,402
629,67
631,468
633,222
634,399
636,532
638,417
639,610
641,101
643,505
644,35
646,226
648,558
649,50
651,741
653,126
654,273
656,599
658,466
659,484
661,51
663,347
664,15
666,117
668,262
669,317
671,42
673,426
674,571
676,146
678,371
679,303
681,538
683,692
684,221
686,402
688,195
689,362
691,661
693,722
694,701
696,5
698,492
699,334
701,155
703,426
704,139
706,305
708,471
709,782
711,313
713,789
714,39
716,394
718,590
719,540
721,408
723,562
724,705
726,461
728,255
729,673
731,795
733,735
734,89
736,413
738,711
739,301
741,414
743,256
744,628
746,414
748,501
749,546
751,99
753,702
754,61
756,119
758,267
759,545
761,772
763,609
764,707
766,749
768,401
769,247
771,213
773,318
774,399
776,18
778,611
779,757
781,255
783,560
784,12
786,797
788,697
789,287
791,319
793,714
794,490
796,193
798,168
799,552
801,219
803,333
804,375
806,234
808,167
809,214
811,730
813,594
814,688
816,713
818,357
819,247
821,639
823,623
824,657
826,125
828,177
829,162
831,678
833,441
834,448
836,319
838,640
839,16
841,80
843,797
844,758
846,258
848,59
849,87
851,286
853,736
854,617
856,157
858,175
859,280
861,465
863,72
864,728
866,40
868,605
869,431
871,782
873,200
874,715
876,216
878,790
879,738
881,649
883,660
884,769
886,215
888,400
889,306
891,556
893,654
894,282
896,262
898,680
899,38
901,533
903,519
904,72
906,298
908,601
909,49
911,758
913,350
914,475
916,310
918,238
919,758
921,134
923,712
924,421
926,517
928,733
929,126
931,411
933,540
934,691
936,523
938,450
939,177
941,87
943,193
944,183
946,256
948,116
949,635
951,690
953,513
954,471
956,465
958,241
959,289
961,314
963,135
964,641
966,433
968,461
969,378
971,600
973,745
974,656
976,17
978,146
979,674
981,2
983,488
984,286
986,401
988,741
989,255
991,755
993,235
994,19
996,251
998,374
999,384
1001,617
1003,713
1004,554
1006,163
1008,752
1009,26
1011,468
1013,76
1014,438
1016,87
1018,262
1019,311
1021,459
1023,339
1024,503
1026,165
1028,70
1029,27
1031,172
1033,474
1034,314
1036,500
1038,779
1039,776
1041,199
1043,211
1044,543
1046,723
1048,762
1049,430
1051,500
1053,365
1054,285
1056,734
1058,613
1059,756
1061,350
1063,156
1064,118
1066,524
1068,91
1069,381
1071,440
1073,677
1074,297
1076,445
1078,169
1079,392
1081,538
1083,342
1084,364
1086,216
1088,617
1089,253
1091,693
1093,594
1094,623
1096,750
1098,258
1099,22
1101,261
1103,434
1104,732
1106,27
1108,134
1109,789
1111,184
1113,16
1114,304
1116,189
1118,787
1119,197
1121,521
1123,548
1124,236
1126,449
1128,618
1129,123
1131,138
1133,46
1134,440
1136,589
1138,750
1139,262
1141,685
1143,360
1144,299
1146,351
1148,328
1149,188
1151,290
1153,370
1154,165
1156,1
1158,525
1159,244
1161,143
1163,216
1164,182
1166,484
1168,690
1169,372
1171,235
1173,546
1174,210
1176,28
1178,610
1179,692
1181,104
1183,345
1184,255
1186,40
1188,115
1189,325
1191,630
1193,2
1194,191
1196,183
1198,578
1199,598
1201,385
1203,155
1204,335
1206,282
1208,343
1209,185
1211,510
1213,477
1214,699
1216,416
1218,322
1219,190
1221,198
1223,591
1224,118
1226,96
1228,565
1230,27
1231,283
1233,726
1235,96
1236,614
1238,455
1240,16
1241,610
1243,739
1245,286
1246,221
1248,382
1250,263
1251,250
1253,636
1255,414
1256,744
1258,556
1260,768
1261,14
1263,32
1265,570
1266,514
1268,247
1270,644
1271,531
1273,315
1275,701
1276,101
1278,330
1280,45
1281,621
1283,766
1285,600
1286,51
1288,620
1290,138
1291,144
1293,594
1295,229
1296,159
1298,494
1300,66
1301,350
1303,151
1305,212
1306,605
1308,187
1310,668
1311,542
1313,543
1315,666
1316,658
1318,533
1320,11
1321,337
1323,424
1325,159
1326,263
1328,27
1330,653
1331,732
1333,451
1335,735
1336,538
1338,184
1340,456
1341,606
1343,14
1345,190
1346,204
1348,80
1350,153
1351,632
1353,609
1355,705
1356,433
1358,173
1360,577
1361,622
1363,15
1365,68
1366,251
1368,379
1370,732
1371,252
1373,637
1375,472
1376,545
1378,589
1380,121
1381,134
1383,227
1385,689
1386,621
1388,84
1390,564
1391,202
1393,342
1395,715
1396,800
1398,303
1400,135
1401,225
1403,633
1405,190
1406,621
1408,246
1410,161
1411,291
1413,647
1415,182
1416,798
1418,57
1420,478
1421,348
1423,151
1425,693
1426,410
1428,357
1430,271
1431,48
1433,128
1435,283
1436,556
1438,407
1440,510
1441,768
1443,440
1445,223
1446,432
1448,756
1450,301
1451,627
1453,173
1455,21
1456,764
1458,482
1460,529
1461,36
1463,83
1465,603
1466,424
1468,272
1470,515
1471,538
1473,767
1475,405
1476,719
1478,419
1480,243
1481,742
1483,339
1485,615
1486,345
1488,7
1490,458
1491,67
1493,706
1495,99
1496,198
1498,676
1500,95
1501,516
1503,343
1505,315
1506,43
1508,275
1510,59
1511,155
1513,190
1515,475
1516,471
1518,664
1520,323
1521,439
1523,294
1525,406
1526,435
1528,344
1530,630
1531,275
1533,284
1535,475
1536,568
1538,232
1540,516
1541,690
1543,565
1545,757
1546,222
1548,704
1550,157
1551,713
1553,253
1555,775
1556,155
1558,324
1560,249
1561,788
1563,490
1565,501
1566,53
1568,170
1570,749
1571,184
1573,654
1575,166
1576,456
1578,585
1580,393
1581,639
1583,343
1585,273
1586,456
1588,149
1590,59
1591,115
1593,137
1595,131
1596,251
1598,14
1600,90
1601,23
1603,177
1605,268
1606,106
1608,534
1610,345
1611,795
1613,720
1615,504
1616,792
1618,562
1620,127
1621,610
1623,121
1625,657
1626,119
1628,73
1630,264
1631,186
1633,359
1635,172
1636,660
1638,679
1640,401
1641,344
1643,3
1645,364
1646,320
1648,125
1650,360
1651,352
1653,751
1655,5
1656,711
1658,720
1660,443
1661,35
1663,683
1665,239
1666,446
1668,256
1670,561
1671,446
1673,748
1675,637
1676,3
1678,3
1680,97
1681,111
1683,278
1685,65
1686,272
1688,551
1690,210
1691,96
1693,418
1695,84
1696,281
1698,571
1700,266
1701,631
1703,536
1705,401
1706,447
1708,205
1710,63
1711,145
1713,762
1715,785
1716,474
1718,522
1720,521
1721,115
1723,563
1725,36
1726,342
1728,719
1730,251
1731,197
1733,338
1735,364
1736,107
1738,190
1740,316
1741,239
1743,323
1745,150
1746,208
1748,274
1750,269
1751,635
1753,323
1755,546
1756,752
1758,644
1760,211
1761,684
1763,639
1765,788
1766,584
1768,178
1770,742
1771,51
1773,186
1775,137
1776,37
1778,296
1780,599
1781,225
1783,388
1785,709
1786,457
1788,445
1790,366
1791,394
1793,328
1795,67
1796,511
1798,775
1800,212
1801,158
1803,644
1805,167
1806,457
1808,277
1810,639
1811,547
1813,259
1815,303
1816,201
1818,712
1820,168
1821,719
1823,208
1825,759
1826,271
1828,513
1830,598
1831,786
1833,629
1835,494
1836,235
1838,138
1840,21
1841,690
1843,30
1845,537
1846,221
1848,166
1850,547
1851,499
1853,756
1855,359
1856,584
1858,502
1860,519
1861,513
1863,616
1865,697
1866,585
1868,27
1870,123
1871,65
1873,633
1875,243
1876,266
1878,90
1880,431
1881,311
1883,740
1885,570
1886,137
1888,110
1890,738
1891,443
1893,444
1895,361
1896,384
1898,69
1900,597
1901,284
1903,344
1905,128
1906,589
1908,530
1910,778
1911,510
1913,708
1915,402
1916,14
1918,337
1920,144
1921,14
1923,241
1925,339
1926,268
1928,742
1930,567
1931,783
1933,596
1935,430
1936,144
1938,127
1940,385
1941,774
1943,198
1945,185
1946,675
1948,42
1950,380
1951,189
1953,362
1955,312
1956,32
1958,231
1960,428
1961,401
1963,222
1965,605
1966,642
1968,717
1970,211
1971,703
1973,252
1975,120
1976,313
1978,628
1980,652
1981,586
1983,392
1985,59
1986,203
1988,344
1990,176
1991,260
1993,561
1995,578
1996,302
1998,757
2000,293
2001,235
2003,193
2005,601
2006,148
2008,204
2010,239
2011,427
2013,295
2015,228
2016,430
2018,558
2020,218
2021,33
2023,758
2025,556
2026,174
2028,594
2030,66
2031,490
2033,172
2035,543
2036,235
2038,604
2040,46
2041,652
2043,596
2045,406
2046,743
2048,273
2050,348
2051,22
2053,395
2055,158
2056,168
2058,482
2060,324
2061,101
2063,170
2065,467
2066,263
2068,637
2070,233
2071,701
2073,687
2075,701
2076,509
2078,717
2080,114
2081,575
2083,255
2085,606
2086,534
2088,408
2090,380
2091,158
2093,311
2095,222
2096,459
2098,348
2100,267
2101,149
2103,475
2105,545
2106,691
2108,745
2110,781
2111,433
2113,13
2115,653
2116,685
2118,723
2120,592
2121,277
2123,387
2125,144
2126,312
2128,614
2130,546
2131,6
2133,409
2135,790
2136,714
2138,442
2140,684
2141,619
2143,483
2145,496
2146,420
2148,742
2150,19
2151,525
2153,291
2155,301
2156,295
2158,432
2160,793
2161,642
2163,389
2165,648
2166,312
2168,343
2170,376
2171,470
2173,478
2175,63
2176,371
2178,782
2180,639
2181,388
2183,115
2185,174
2186,117
2188,51
2190,210
2191,107
2193,522
2195,83
2196,145
2198,614
2200,674
2201,266
2203,437
2205,139
2206,167
2208,305
2210,116
2211,363
2213,105
2215,404
2216,385
2218,69
2220,506
2221,208
2223,652
2225,373
2226,186
2228,426
2230,199
2231,303
2233,164
2235,329
2236,749
2238,637
2240,613
2241,757
2243,502
2245,14
2246,22
2248,598
2250,497
2251,517
2253,91
2255,565
2256,478
2258,269
2260,399
2261,691
2263,778
2265,427
2266,318
2268,492
2270,152
2271,544
2273,83
2275,763
2276,609
2278,371
2280,197
2281,359
2283,17
2285,603
2286,197
2288,7
2290,197
2291,616
2293,578
2295,183
2296,186
2298,742
2300,141
2301,276
2303,376
2305,400
2306,50
2308,267
2310,619
2311,780
2313,219
2315,613
2316,477
2318,359
2320,100
2321,276
2323,216
2325,795
2326,153
2328,722
2330,118
2331,164
2333,548
2335,667
2336,711
2338,393
2340,527
2341,429
2343,160
2345,669
2346,788
2348,389
2350,756
2351,692
2353,745
2355,765
2356,703
2358,38
2360,132
2361,214
2363,155
2365,630
2366,144
2368,525
2370,594
2371,771
2373,386
2375,425
2376,3
2378,171
2380,263
2381,724
2383,698
2385,695
2386,374
2388,212
2390,707
2391,9
2393,95
2395,13
2396,608
2398,423
2400,310
2401,706
2403,57
2405,351
2406,318
2408,273
2410,264
2411,764
2413,558
2415,202
2416,98
2418,785
2420,750
2421,250
2423,527
2425,593
2426,272
2428,710
2430,587
2431,211
2433,215
2435,51
2436,195
2438,239
2440,46
2441,364
2443,179
2445,23
2446,252
2448,358
2450,722
2451,515
2453,91
2455,42
2456,333
2458,350
2459,681
2461,389
2463,489
2464,464
2466,37
2468,735
2469,684
2471,128
2473,34
2474,457
2476,716
2478,303
2479,302
2481,400
2483,450
2484,3
2486,478
2488,754
2489,466
2491,283
2493,318
2494,45
2496,651
2498,54
2499,232
2501,218
2503,12
2504,727
2506,348
2508,176
2509,491
2511,526
2513,708
2514,306
2516,28
2518,752
2519,202
2521,166
2523,675
2524,366
2526,582
2528,328
2529,276
2531,565
2533,366
2534,459
2536,233
2538,547
2539,411
2541,774
2543,52
2544,418
2546,63
2548,578
2549,2
2551,177
2553,15
2554,75
2556,452
2558,714
2559,563
2561,458
2563,545
2564,781
2566,646
2568,45
2569,733
2571,763
2573,653
2574,51
2576,66
2578,744
2579,136
2581,238
2583,423
2584,264
2586,185
2588,345
2589,490
2591,512
2593,674
2594,67
2596,659
2598,617
2599,619
2601,338
2603,467
2604,134
2606,195
2608,511
2609,8
2611,147
2613,472
2614,704
2616,676
2618,541
2619,223
2621,675
2623,235
2624,734
2626,599
2628,292
2629,586
2631,152
2633,757
2634,621
2636,103
2638,340
2639,7
2641,606
2643,442
2644,197
2646,247
2648,523
2649,240
2651,528
2653,725
2654,792
2656,44
2658,341
2659,446
2661,781
2663,764
2664,645
2666,456
2668,293
2669,485
2671,17
2673,173
2674,740
2676,726
2678,189
2679,699
2681,88
2683,2
2684,238
2686,596
2688,245
2689,624
2691,624
2693,695
2694,80
2696,130
2698,91
2699,46
2701,493
2703,667
2704,550
2706,471
2708,756
2709,97
2711,704
2713,586
2714,787
2716,456
2718,709
2719,533
2721,670
2723,43
2724,68
2726,750
2728,76
2729,333
2731,328
2733,303
2734,679
2736,225
2738,715
2739,259
2741,287
2743,79
2744,72
2746,20
2748,490
2749,374
2751,435
2753,338
2754,706
2756,417
2758,726
2759,628
2761,434
2763,360
2764,423
2766,247
2768,45
2769,196
2771,461
2773,351
2774,37
2776,352
2778,656
2779,439
2781,639
2783,700
2784,206
2786,493
2788,299
2789,413
2791,476
2793,570
2794,601
2796,781
2798,402
2799,355
2801,44
2803,517
2804,180
2806,761
2808,798
2809,248
2811,624
2813,599
2814,73
2816,539
2818,409
2819,340
2821,68
2823,403
2824,173
2826,178
2828,257
2829,791
2831,312
2833,482
2834,324
2836,367
2838,326
2839,127
2841,517
2843,673
2844,498
2846,543
2848,194
2849,89
2851,329
2853,559
2854,31
2856,390
2858,149
2859,535
2861,31
2863,277
2864,223
2866,557
2868,404
2869,518
2871,285
2873,722
2874,527
2876,132
2878,608
2879,492
2881,345
2883,777
2884,588
2886,784
2888,589
2889,348
2891,16
2893,78
2894,790
2896,367
2898,558
2899,344
2901,300
2903,637
2904,396
2906,79
2908,420
2909,58
2911,793
2913,484
2914,615
2916,459
2918,200
2919,585
2921,96
2923,765
2924,406
2926,461
2928,432
2929,605
2931,354
2933,175
2934,571
2936,13
2938,328
2939,40
2941,679
2943,310
2944,621
2946,474
2948,409
2949,617
2951,137
2953,459
2954,447
2956,763
2958,17
2959,30
2961,456
2963,576
2964,158
2966,449
2968,32
2969,468
2971,11
2973,19
2974,599
2976,531
2978,61
2979,703
2981,302
2983,134
2984,556
2986,504
2988,356
2989,547
2991,518
2993,41
2994,45
2996,554
2998,81
2999,545
3001,646
3003,605
3004,337
3006,261
3008,336
3009,339
3011,305
3013,495
3014,259
3016,147
3018,40
3019,103
3021,361
3023,574
3024,181
3026,189
3028,792
3029,255
3031,689
3033,538
3034,536
3036,455
3038,254
3039,539
3041,369
3043,221
3044,552
3046,599
3048,171
3049,189
3051,525
3053,257
3054,701
3056,480
3058,386
3059,776
3061,310
3063,398
3064,710
3066,413
3068,221
3069,69
3071,344
3073,774
3074,196
3076,323
3078,786
3079,161
3081,635
3083,172
3084,487
3086,268
3088,788
3089,457
3091,718
3093,720
3094,24
3096,729
3098,291
3099,258
3101,193
3103,315
3104,49
3106,559
3108,251
3109,463
3111,751
3113,447
3114,428
3116,565
3118,654
3119,71
3121,604
3123,494
3124,51
3126,253
3128,371
3129,614
3131,138
3133,677
3134,210
3136,713
3138,417
3139,72
3141,340
3143,508
3144,381
3146,254
3148,779
3149,670
3151,722
3153,413
3154,725
3156,203
3158,703
3159,624
3161,600
3163,145
3164,45
3166,705
3168,534
3169,682
3171,567
3173,595
3174,538
3176,379
3178,771
3179,616
3181,284
3183,380
3184,74
3186,298
3188,576
3189,710
3191,23
3193,474
3194,271
3196,584
3198,377
3199,308
3201,36
3203,798
3204,20
3206,25
3208,678
3209,68
3211,679
3213,86
3214,420
3216,399
3218,142
3219,532
3221,538
3223,244
3224,721
3226,441
3228,417
3229,42
3231,107
3233,239
3234,16
3236,668
3238,235
3239,545
3241,10
3243,598
3244,635
3246,606
3248,234
3249,201
3251,675
3253,201
3254,434
3256,683
3258,205
3259,139
3261,685
3263,55
3264,292
3266,687
3268,507
3269,677
3271,282
3273,30
3274,79
3276,420
3278,264
3279,87
3281,499
3283,716
3284,413
3286,415
3288,258
3289,114
3291,557
3293,40
3294,59
3296,224
3298,781
3299,678
3301,226
3303,142
3304,413
3306,194
3308,146
3309,359
3311,406
3313,598
3314,324
3316,213
3318,168
3319,114
3321,720
3323,519
3324,185
3326,182
3328,4
3329,687
3331,460
3333,526
3334,503
3336,299
3338,158
3339,169
3341,31
3343,224
3344,751
3346,46
3348,584
3349,46
3351,600
3353,643
3354,162
3356,386
3358,36
3359,483
3361,185
3363,579
3364,720
3366,163
3368,340
3369,675
3371,428
3373,443
3374,336
3376,452
3378,159
3379,427
3381,39
3383,458
3384,117
3386,353
3388,204
3389,515
3391,680
3393,73
3394,208
3396,453
3398,795
3399,612
3401,613
3403,138
3404,48
3406,662
3408,446
3409,635
3411,428
3413,387
3414,691
3416,71
3418,670
3419,26
3421,267
3423,438
3424,72
3426,780
3428,193
3429,699
3431,610
3433,417
3434,662
3436,110
3438,27
3439,263
3441,235
3443,660
3444,352
3446,668
3448,39
3449,685
3451,10
3453,111
3454,184
3456,197
3458,509
3459,174
3461,347
3463,247
3464,647
3466,146
3468,637
3469,192
3471,266
3473,327
3474,250
3476,342
3478,568
3479,502
3481,241
3483,79
3484,156
3486,392
3488,373
3489,613
3491,402
3493,535
3494,682
3496,363
3498,140
3499,274
3501,272
3503,711
3504,355
3506,583
3508,794
3509,540
3511,208
3513,359
3514,567
3516,762
3518,665
3519,505
3521,122
3523,179
3524,469
3526,71
3528,671
3529,647
3531,34
3533,298
3534,487
3536,714
3538,331
3539,140
3541,370
3543,158
3544,106
3546,330
3548,681
3549,132
3551,561
3553,211
3554,77
3556,705
3558,302
3559,478
3561,445
3563,117
3564,220
3566,406
3568,416
3569,632
3571,298
3573,110
3574,469
3576,604
3578,645
3579,447
3581,368
3583,414
3584,423
3586,210
3588,543
3589,128
3591,99
3593,566
3594,621
3596,589
3598,90
3599,376
3601,618
3603,518
3604,447
3606,613
3608,567
3609,308
3611,132
3613,392
3614,98
3616,307
3618,276
3619,378
3621,788
3623,549
3624,743
3626,298
3628,526
3629,630
3631,230
3633,339
3634,660
3636,282
3638,509
3639,277
3641,176
3643,358
3644,165
3646,659
3648,134
3649,430
3651,631
3653,267
3654,524
3656,659
3658,702
3659,446
3661,522
3663,303
3664,211
3666,214
3668,712
3669,128
3671,379
3673,281
3674,126
3676,174
3678,712
3679,489
3681,358
3683,262
3684,587
3686,47
3688,768
3689,649
3691,273
3693,574
3694,52
3696,451
3698,282
3699,259
3701,635
3703,111
3704,362
3706,747
3708,277
3709,241
3711,264
3713,122
3714,310
3716,497
3718,278
3719,466
3721,498
3723,434
3724,211
3726,128
3728,203
3729,667
3731,772
3733,176
3734,351
3736,403
3738,668
3739,401
3741,638
3743,48
3744,687
3746,653
3748,286
3749,374
3751,763
3753,618
3754,34
3756,204
3758,313
3759,607
3761,794
3763,48
3764,264
3766,318
3768,412
3769,196
3771,535
3773,643
3774,363
3776,327
3778,345
3779,207
3781,88
3783,215
3784,672
3786,318
3788,505
3789,707
3791,75
3793,478
3794,767
3796,131
3798,499
3799,787
3801,791
3803,311
3804,193
3806,374
3808,502
3809,644
3811,141
3813,171
3814,632
3816,317
3818,387
3819,191
3821,143
3823,489
3824,524
3826,155
3828,760
3829,154
3831,453
3833,744
3834,722
3836,161
3838,85
3839,132
3841,735
3843,34
3844,716
3846,319
3848,620
3849,441
3851,419
3853,210
3854,222
3856,175
3858,533
3859,514
3861,745
3863,164
3864,167
3866,194
3868,785
3869,92
3871,234
3873,595
3874,575
3876,321
3878,618
3879,269
3881,334
3883,715
3884,116
3886,176
3888,90
3889,134
3891,341
3893,481
3894,564
3896,301
3898,671
3899,645
3901,455
3903,596
3904,305
3906,356
3908,726
3909,104
3911,438
3913,737
3914,471
3916,721
3918,412
3919,148
3921,83
3923,780
3924,76
3926,295
3928,460
3929,777
3931,505
3933,648
3934,372
3936,267
3938,637
3939,12
3941,595
3943,576
3944,760
3946,268
3948,625
3949,139
3951,246
3953,372
3954,148
3956,268
3958,544
3959,306
3961,90
3963,372
3964,762
3966,27
3968,269
3969,124
3971,631
3973,715
3974,388
3976,299
3978,221
3979,390
3981,352
3983,759
3984,271
3986,98
3988,647
3989,523
3991,650
3993,299
3994,627
3996,672
3998,792
3999,229
4001,358
4003,747
4004,240
4006,731
4008,613
4009,158
4011,443
4013,422
4014,87
4016,687
4018,669
4019,614
4021,75
4023,65
4024,551
4026,80
4028,790
4029,239
4031,571
4033,120
4034,531
4036,63
4038,87
4039,704
4041,269
4043,63
4044,728
4046,92
4048,741
4049,479
4051,746
4053,519
4054,706
4056,742
4058,398
4059,781
4061,626
4063,778
4064,10
4066,597
4068,625
4069,497
4071,345
4073,144
4074,252
4076,749
4078,299
4079,19
4081,10
4083,412
4084,381
4086,91
4088,723
4089,262
4091,95
4093,172
4094,331
4096,732
4098,195
4099,519
4101,423
4103,54
4104,331
4106,110
4108,615
4109,18
4111,476
4113,326
4114,245
4116,629
4118,341
4119,290
4121,494
4123,298
4124,706
4126,43
4128,457
4129,520
4131,247
4133,196
4134,591
4136,5
4138,623
4139,87
4141,26
4143,180
4144,490
4146,373
4148,357
4149,648
4151,537
4153,46
4154,668
4156,384
4158,587
4159,377
4161,127
4163,596
4164,700
4166,631
4168,437
4169,181
4171,203
4173,367
4174,715
4176,730
4178,109
4179,485
4181,315
4183,489
4184,239
4186,648
4188,502
4189,537
4191,142
4193,284
4194,231
4196,377
4198,210
4199,84
4201,550
4203,202
4204,211
4206,346
4208,353
4209,516
4211,422
4213,94
4214,483
4216,480
4218,26
4219,543
4221,498
4223,450
4224,23
4226,348
4228,83
4229,288
4231,63
4233,356
4234,295
4236,567
4238,630
4239,479
4241,130
4243,210
4244,19
4246,275
4248,543
4249,620
4251,616
4253,726
4254,238
4256,268
4258,54
4259,363
4261,4
4263,481
4264,547
4266,220
4268,419
4269,511
4271,199
4273,1
4274,474
4276,179
4278,469
4279,644
4281,523
4283,421
4284,737
4286,625
4288,378
4289,493
4291,322
4293,755
4294,683
4296,467
4298,130
4299,676
4301,508
4303,771
4304,580
4306,308
4308,525
4309,598
4311,95
4313,178
4314,174
4316,430
4318,412
4319,97
4321,663
4323,218
4324,415
4326,555
4328,589
4329,413
4331,438
4333,200
4334,628
4336,439
4338,672
4339,704
4341,531
4343,259
4344,594
4346,388
4348,382
4349,740
4351,705
4353,150
4354,730
4356,257
4358,570
4359,372
4361,736
4363,34
4364,566
4366,279
4368,15
4369,757
4371,137
4373,233
4374,631
4376,278
4378,180
4379,483
4381,61
4383,485
4384,41
4386,734
4388,616
4389,617
4391,692
4393,622
4394,581
4396,743
4398,344
4399,234
4401,465
4403,609
4404,92
4406,621
4408,599
4409,156
4411,534
4413,326
4414,664
4416,108
4418,709
4419,224
4421,47
4423,31
4424,255
4426,504
4428,128
4429,361
4431,772
4433,509
4434,130
4436,587
4438,584
4439,783
4441,271
4443,695
4444,11
4446,183
4448,287
4449,537
4451,320
4453,182
4454,178
4456,554
4458,711
4459,689
4461,210
4463,672
4464,386
4466,792
4468,620
4469,48
4471,188
4473,709
4474,336
4476,322
4478,38
4479,135
4481,443
4483,394
4484,497
4486,113
4488,78
4489,553
4491,761
4493,340
4494,291
4496,187
4498,546
4499,740
4501,414
4503,175
4504,356
4506,445
4508,779
4509,506
4511,21
4513,447
4514,88
4516,416
4518,693
4519,746
4521,80
4523,779
4524,700
4526,234
4528,462
4529,735
4531,39
4533,298
4534,51
4536,406
4538,554
4539,457
4541,653
4543,439
4544,232
4546,97
4548,641
4549,482
4551,226
4553,757
4554,800
4556,162
4558,6
4559,652
4561,130
4563,208
4564,76
4566,100
4568,308
4569,681
4571,357
4573,459
4574,532
4576,329
4578,583
4579,767
4581,494
4583,735
4584,25
4586,502
4588,103
4589,587
4591,691
4593,293
4594,489
4596,500
4598,211
4599,89
4601,694
4603,748
4604,101
4606,377
4608,238
4609,3
4611,183
4613,737
4614,299
4616,563
4618,486
4619,379
4621,622
4623,327
4624,99
4626,636
4628,524
4629,632
4631,29
4633,17
4634,562
4636,474
4638,311
4639,783
4641,530
4643,742
4644,671
4646,83
4648,734
4649,568
4651,251
4653,130
4654,384
4656,437
4658,456
4659,587
4661,541
4663,635
4664,188
4666,437
4668,154
4669,389
4671,376
4673,756
4674,776
4676,454
4678,551
4679,162
4681,510
4683,133
4684,91
4686,693
4688,630
4689,526
4691,97
4693,96
4694,341
4696,742
4698,323
4699,715
4701,266
4703,432
4704,31
4706,458
4708,750
4709,388
4711,316
4713,186
4714,415
4716,649
4718,553
4719,574
4721,165
4723,573
4724,550
4726,265
4728,238
4729,487
4731,533
4733,440
4734,702
4736,192
4738,296
4739,775
4741,470
4743,212
4744,800
4746,507
4748,513
4749,380
4751,612
4753,20
4754,720
4756,419
4758,536
4759,178
4761,685
4763,130
4764,360
4766,150
4768,739
4769,725
4771,467
4773,554
4774,199
4776,428
4778,245
4779,112
4781,516
4783,48
4784,344
4786,334
4788,713
4789,485
4791,451
4793,778
4794,630
4796,128
4798,794
4799,384
4801,700
4803,225
4804,92
4806,687
4808,510
4809,569
4811,648
4813,698
4814,286
4816,190
4818,431
4819,201
4821,427
4823,260
4824,220
4826,57
4828,715
4829,642
4831,497
4833,98
4834,484
4836,240
4838,445
4839,110
4841,206
4843,212
4844,260
4846,20
4848,413
4849,76
4851,742
4853,590
4854,122
4856,273
4858,369
4859,782
4861,251
4863,17
4864,328
4866,577
4868,396
4869,590
4871,442
4873,370
4874,511
4876,594
4878,633
4879,125
4881,167
4883,34
4884,500
4886,33
4888,704
4889,324
4891,342
4893,777
4894,545
4896,298
4898,728
4899,288
4901,44
4903,392
4904,331
4906,471
4908,263
4909,406
4911,563
4913,461
4915,382
4916,570
4918,1
4920,159
4921,758
4923,360
4925,693
4926,366
4928,406
4930,441
4931,292
4933,455
4935,600
4936,511
4938,563
4940,548
4941,749
4943,198
4945,76
4946,428
4948,237
4950,199
4951,173
4953,103
4955,648
4956,277
4958,8
4960,449
4961,576
4963,241
4965,763
4966,88
4968,589
4970,86
4971,143
4973,22
4975,758
4976,432
4978,774
4980,740
4981,785
4983,318
4985,189
4986,95
4988,645
4990,216
4991,472
4993,119
4995,722
4996,677
4998,304
5000,383
5001,183
5003,502
5005,37
5006,389
5008,416
5010,321
5011,516
5013,16
5015,772
5016,788
5018,93
5020,152
5021,226
5023,457
5025,265
5026,415
5028,374
5030,352
5031,280
5033,254
5035,254
5036,774
5038,552
5040,727
5041,718
5043,486
5045,451
5046,278
5048,583
5050,770
5051,186
5053,330
5055,328
5056,136
5058,495
5060,738
5061,584
5063,438
5065,226
5066,721
5068,123
5070,700
5071,568
5073,582
5075,539
5076,580
5078,496
5080,98
5081,526
5083,778
5085,520
5086,645
5088,222
5090,19
5091,280
5093,564
5095,420
5096,206
5098,722
5100,632
5101,472
5103,761
5105,270
5106,65
5108,501
5110,167
5111,268
5113,674
5115,403
5116,390
5118,677
5120,565
5121,157
5123,731
5125,756
5126,267
5128,690
5130,743
5131,175
5133,188
5135,419
5136,590
5138,27
5140,396
5141,374
5143,549
5145,583
5146,443
5148,133
5150,760
5151,463
5153,477
5155,428
5156,685
5158,778
5160,635
5161,672
5163,610
5165,627
5166,326
5168,311
5170,518
5171,308
5173,589
5175,357
5176,384
5178,36
5180,767
5181,376
5183,800
5185,626
5186,197
5188,696
5190,586
5191,667
5193,694
5195,745
5196,782
5198,13
5200,509
5201,415
5203,787
5205,173
5206,617
5208,313
5210,610
5211,87
5213,77
5215,593
5216,628
5218,11
5220,487
5221,508
5223,271
5225,391
5226,469
5228,458
5230,373
5231,663
5233,632
5235,257
5236,152
5238,153
5240,675
5241,381
5243,195
5245,350
5246,405
5248,791
5250,482
5251,99
5253,316
5255,3
5256,736
5258,225
5260,579
5261,736
5263,316
5265,619
5266,564
5268,447
5270,537
5271,31
5273,485
5275,524
5276,136
5278,772
5280,705
5281,547
5283,470
5285,422
5286,319
5288,171
5290,326
5291,419
5293,451
5295,429
5296,772
5298,343
5300,35
5301,262
5303,788
5305,785
5306,709
5308,405
5310,418
5311,433
5313,29
5315,175
5316,769
5318,527
5320,540
5321,99
5323,10
5325,482
5326,246
5328,597
5330,563
5331,601
5333,215
5335,556
5336,762
5338,694
5340,110
5341,766
5343,551
5345,233
5346,474
5348,275
5350,310
5351,773
5353,300
5355,277
5356,445
5358,63
5360,322
5361,304
5363,758
5365,608
5366,391
5368,299
5370,206
5371,773
5373,670
5375,139
5376,484
5378,156
5380,166
5381,44
5383,297
5385,71
5386,522
5388,763
5390,704
5391,311
5393,623
5395,514
5396,739
5398,735
5400,653
5401,177
5403,338
5405,345
5406,90
5408,592
5410,231
5411,209
5413,268
5415,548
5416,154
5418,519
5420,260
5421,292
5423,11
5425,422
5426,371
5428,731
5430,556
5431,248
5433,371
5435,631
5436,509
5438,749
5440,548
5441,90
5443,773
5445,20
5446,334
5448,139
5450,666
5451,383
5453,103
5455,569
5456,226
5458,249
5460,234
5461,277
5463,389
5465,616
5466,229
5468,556
5470,628
5471,54
5473,620
5475,174
5476,395
5478,118
5480,161
5481,665
5483,397
5485,767
5486,187
5488,549
5490,318
5491,515
5493,408
5495,198
5496,324
5498,740
5500,490
5501,39
5503,146
5505,535
5506,781
5508,6
5510,492
5511,267
5513,272
5515,187
5516,651
5518,433
5520,346
5521,507
5523,580
5525,381
5526,660
5528,324
5530,272
5531,180
5533,200
5535,599
5536,747
5538,348
5540,207
5541,585
5543,527
5545,696
5546,596
5548,188
5550,441
5551,426
5553,626
5555,306
5556,216
5558,35
5560,132
5561,510
5563,703
5565,689
5566,215
5568,35
5570,472
5571,599
5573,116
5575,546
5576,540
5578,505
5580,191
5581,404
5583,542
5585,477
5586,627
5588,106
5590,525
5591,263
5593,553
5595,95
5596,349
5598,599
5600,581
5601,295
5603,591
5605,725
5606,684
5608,151
5610,507
5611,401
5613,727
5615,321
5616,779
5618,419
5620,116
5621,463
5623,253
5625,475
5626,678
5628,176
5630,326
5631,432
5633,664
5635,80
5636,367
5638,517
5640,505
5641,530
5643,230
5645,626
5646,148
5648,376
5650,735
5651,249
5653,796
5655,190
5656,279
5658,239
5660,125
5661,726
5663,31
5665,5
5666,105
5668,445
5670,99
5671,85
5673,633
5675,517
5676,377
5678,282
5680,105
5681,256
5683,397
5685,524
5686,781
5688,746
5690,51
5691,536
5693,161
5695,24
5696,746
5698,8
5700,180
5701,241
5703,704
5705,123
5706,29
5708,672
5710,104
5711,785
5713,449
5715,148
5716,555
5718,464
5720,16
5721,196
5723,3
5725,555
5726,600
5728,119
5730,433
5731,537
5733,100
5735,402
5736,201
5738,266
5740,318
5741,246
5743,120
5745,378
5746,528
5748,2
5750,744
5751,46
5753,568
5755,589
5756,272
5758,286
5760,217
5761,772
5763,608
5765,252
5766,711
5768,720
5770,582
5771,421
5773,663
5775,150
5776,95
5778,37
5780,386
5781,337
5783,246
5785,86
5786,82
5788,584
5790,740
5791,421
5793,137
5795,597
5796,597
5798,180
5800,287
5801,588
5803,689
5805,653
5806,626
5808,379
5810,380
5811,523
5813,235
5815,645
5816,534
5818,67
5820,435
5821,351
5823,729
5825,731
5826,739
5828,490
5830,351
5831,199
5833,670
5835,664
5836,307
5838,739
5840,278
5841,518
5843,112
5845,590
5846,4
5848,710
5850,487
5851,461
5853,406
5855,261
5856,641
5858,227
5860,737
5861,800
5863,626
5865,679
5866,288
5868,673
5870,79
5871,48
5873,331
5875,186
5876,504
5878,247
5880,74
5881,354
5883,218
5885,474
5886,602
5888,483
5890,799
5891,108
5893,220
5895,72
5896,473
5898,177
5900,604
5901,517
5903,650
5905,6
5906,84
5908,505
5910,661
5911,63
5913,210
5915,50
5916,387
5918,391
5920,104
5921,756
5923,346
5925,672
5926,15
5928,423
5930,90
5931,605
5933,71
5935,582
5936,321
5938,571
5940,170
5941,745
5943,29
5945,639
5946,629
5948,658
5950,789
5951,343
5953,161
5955,486
5956,482
5958,347
5960,93
5961,252
5963,615
5965,161
5966,153
5968,301
5970,158
5971,622
5973,522
5975,618
5976,600
5978,727
5980,722
5981,335
5983,718
5985,9
5986,353
5988,263
5990,365
5991,784
5993,368
5995,239
5996,258
5998,448
6000,711
6001,431
6003,188
6005,571
6006,49
6008,553
6010,398
6011,55
6013,714
6015,137
6016,174
6018,38
6020,138
6021,478
6023,670
6025,602
6026,486
6028,296
6030,521
6031,779
6033,222
6035,97
6036,452
6038,14
6040,398
6041,686
6043,442
6045,105
6046,361
6048,67
6050,125
6051,358
6053,446
6055,88
6056,715
6058,225
6060,215
6061,37
6063,503
6065,419
6066,685
6068,539
6070,625
6071,539
6073,665
6075,427
6076,628
6078,555
6080,637
6081,44
6083,259
6085,429
6086,739
6088,406
6090,563
6091,517
6093,589
6095,685
6096,132
6098,133
6100,452
6101,313
6103,79
6105,732
6106,683
6108,65
6110,688
6111,306
6113,388
6115,167
6116,278
6118,137
6120,339
6121,633
6123,467
6125,244
6126,231
6128,490
6130,234
6131,641
6133,703
6135,429
6136,687
6138,572
6140,264
6141,702
6143,108
6145,534
6146,245
6148,186
6150,207
6151,384
6153,448
6155,121
6156,8
6158,109
6160,226
6161,332
6163,247
6165,620
6166,702
6168,404
6170,53
6171,593
6173,147
6175,34
6176,21
6178,80
6180,596
6181,478
6183,119
6185,86
6186,290
6188,227
6190,652
6191,260
6193,76
6195,796
6196,313
6198,794
6200,671
6201,757
6203,535
6205,198
6206,628
6208,362
6210,269
6211,439
6213,331
6215,395
6216,713
6218,329
6220,108
6221,561
6223,294
6225,152
6226,257
6228,649
6230,631
6231,132
6233,248
6235,442
6236,470
6238,524
6240,673
6241,121
6243,37
6245,161
6246,454
6248,286
6250,349
6251,116
6253,395
6255,753
6256,588
6258,56
6260,506
6261,109
6263,512
6265,518
6266,593
6268,291
6270,140
6271,321
6273,592
6275,728
6276,271
6278,637
6280,238
6281,719
6283,68
6285,651
6286,71
6288,46
6290,362
6291,722
6293,390
6295,202
6296,604
6298,617
6300,595
6301,586
6303,510
6305,800
6306,212
6308,267
6310,139
6311,685
6313,203
6315,512
6316,316
6318,23
6320,639
6321,187
6323,268
6325,161
6326,394
6328,596
6330,146
6331,419
6333,618
6335,274
6336,136
6338,67
6340,411
6341,543
6343,482
6345,326
6346,633
6348,61
6350,659
6351,709
6353,333
6355,742
6356,794
6358,608
6360,422
6361,675
6363,171
6365,767
6366,406
6368,68
6370,11
6371,549
6373,421
6375,175
6376,76
6378,58
6380,217
6381,577
6383,49
6385,501
6386,631
6388,374
6390,73
6391,396
6393,740
6395,542
6396,462
6398,588
6400,435
6401,692
6403,298
6405,713
6406,449
6408,662
6410,481
6411,153
6413,674
6415,382
6416,778
6418,455
6420,140
6421,492
6423,112
6425,441
6426,705
6428,274
6430,742
6431,620
6433,54
6435,726
6436,156
6438,400
6440,153
6441,159
6443,555
6445,52
6446,328
6448,783
6450,406
6451,505
6453,68
6455,187
6456,462
6458,761
6460,796
6461,533
6463,312
6465,82
6466,7
6468,377
6470,72
6471,278
6473,335
6475,795
6476,146
6478,232
6480,564
6481,623
6483,387
6485,418
6486,193
6488,668
6490,167
6491,638
6493,246
6495,499
6496,705
6498,457
6500,704
6501,314
6503,221
6505,355
6506,629
6508,33
6510,595
6511,502
6513,207
6515,445
6516,68
6518,61
6520,292
6521,371
6523,485
6525,254
6526,386
6528,351
6530,80
6531,277
6533,668
6535,282
6536,238
6538,145
6540,42
6541,517
6543,588
6545,623
6546,699
6548,636
6550,89
6551,52
6553,324
6555,57
6556,742
6558,628
6560,633
6561,412
6563,495
6565,562
6566,618
6568,215
6570,350
6571,361
6573,271
6575,753
6576,70
6578,797
6580,527
6581,573
6583,351
6585,187
6586,377
6588,229
6590,577
6591,575
6593,344
6595,397
6596,208
6598,734
6600,169
6601,640
6603,127
6605,504
6606,639
6608,182
6610,266
6611,365
6613,8
6615,497
6616,766
6618,203
6620,179
6621,210
6623,555
6625,441
6626,202
6628,731
6630,13
6631,632
6633,392
6635,385
6636,496
6638,65
6640,631
6641,156
6643,97
6645,723
6646,788
6648,172
6650,179
6651,608
6653,522
6655,47
6656,91
6658,320
6660,359
6661,85
6663,75
6665,493
6666,280
6668,550
6670,277
6671,786
6673,176
6675,767
6676,257
6678,138
6680,296
6681,684
6683,326
6685,499
6686,185
6688,695
6690,377
6691,345
6693,642
6695,270
6696,253
6698,209
6700,231
6701,159
6703,291
6705,26
6706,177
6708,715
6710,515
6711,655
6713,322
6715,154
6716,571
6718,157
6720,170
6721,218
6723,211
6725,628
6726,142
6728,218
6730,785
6731,246
6733,163
6735,710
6736,562
6738,671
6740,443
6741,266
6743,16
6745,219
6746,386
6748,85
6750,221
6751,214
6753,315
6755,460
6756,259
6758,795
6760,444
6761,267
6763,393
6765,123
6766,557
6768,546
6770,800
6771,457
6773,181
6775,236
6776,322
6778,462
6780,377
6781,310
6783,606
6785,107
6786,49
6788,168
6790,711
6791,255
6793,406
6795,590
6796,416
6798,280
6800,94
6801,626
6803,46
6805,640
6806,476
6808,476
6810,392
6811,34
6813,68
6815,140
6816,188
6818,205
6820,756
6821,156
6823,583
6825,387
6826,193
6828,318
6830,186
6831,301
6833,663
6835,633
6836,495
6838,191
6840,682
6841,635
6843,706
6845,710
6846,580
6848,561
6850,600
6851,552
6853,741
6855,424
6856,1
6858,673
6860,371
6861,236
6863,80
6865,463
6866,369
6868,231
6870,230
6871,463
6873,132
6875,594
6876,447
6878,162
6880,453
6881,458
6883,660
6885,495
6886,781
6888,436
6890,122
6891,85
6893,109
6895,243
6896,128
6898,752
6900,706
6901,146
6903,428
6905,328
6906,744
6908,511
6910,136
6911,341
6913,84
6915,319
6916,468
6918,82
6920,182
6921,149
6923,127
6925,348
6926,694
6928,755
6930,149
6931,759
6933,366
6935,29
6936,729
6938,591
6940,427
6941,655
6943,430
6945,677
6946,342
6948,235
6950,512
6951,269
6953,326
6955,261
6956,438
6958,604
6960,44
6961,22
6963,38
6965,678
6966,551
6968,372
6970,137
6971,461
6973,602
6975,657
6976,764
6978,408
6980,308
6981,390
6983,609
6985,454
6986,687
6988,277
6990,167
6991,795
6993,127
6995,532
6996,610
6998,139
7000,594
7001,510
7003,644
7005,425
7006,346
7008,439
7010,265
7011,315
7013,405
7015,791
7016,378
7018,76
7020,171
7021,238
7023,585
7025,24
7026,325
7028,524
7030,108
7031,503
7033,365
7035,685
7036,438
7038,349
7040,310
7041,622
7043,784
7045,431
7046,758
7048,40
7050,80
7051,515
7053,324
7055,169
7056,72
7058,775
7060,10
7061,706
7063,476
7065,769
7066,305
7068,148
7070,672
7071,455
7073,424
7075,475
7076,698
7078,331
7080,784
7081,772
7083,411
7085,611
7086,48
7088,224
7090,665
7091,515
7093,466
7095,753
7096,685
7098,601
7100,59
7101,104
7103,670
7105,107
7106,80
7108,663
7110,406
7111,574
7113,457
7115,453
7116,595
7118,682
7120,420
7121,716
7123,428
7125,15
7126,488
7128,681
7130,241
7131,567
7133,297
7135,320
7136,418
7138,240
7140,399
7141,772
7143,67
7145,324
7146,305
7148,528
7150,724
7151,644
7153,549
7155,626
7156,195
7158,455
7160,134
7161,344
7163,423
7165,286
7166,494
7168,708
7170,537
7171,216
7173,526
7175,412
7176,506
7178,602
7180,54
7181,417
7183,325
7185,228
7186,406
7188,637
7190,565
7191,439
7193,581
7195,439
7196,301
7198,585
7200,697
7201,71
7203,753
7205,402
7206,47
7208,304
7210,635
7211,728
7213,131
7215,409
7216,171
7218,96
7220,562
7221,208
7223,630
7225,409
7226,581
7228,240
7230,666
7231,63
7233,745
7235,326
7236,93
7238,402
7240,417
7241,186
7243,388
7245,405
7246,751
7248,658
7250,28
7251,276
7253,215
7255,67
7256,81
7258,271
7260,782
7261,657
7263,515
7265,305
7266,526
7268,648
7270,473
7271,217
7273,498
7275,475
7276,249
7278,415
7280,424
7281,293
7283,528
7285,12
7286,529
7288,259
7290,798
7291,456
7293,143
7295,272
7296,122
7298,697
7300,320
7301,556
7303,444
7305,685
7306,132
7308,664
7310,525
7311,669
7313,316
7315,651
7316,285
7318,764
7320,225
7321,195
7323,232
7325,605
7326,706
7328,685
7330,646
7331,538
7333,459
7335,748
7336,721
7338,185
7340,339
7341,798
7343,479
7345,521
7346,445
7348,692
7350,111
7351,242
7353,426
7355,327
7356,609
7358,141
7360,10
7361,569
7363,67
7365,92
7366,256
7368,313
7370,694
7371,62
7373,28
7375,71
7376,330
7378,64
7380,322
7381,741
7383,772
7385,666
7386,154
7388,664
7390,240
7391,203
7393,484
7395,175
7396,44
7398,180
7400,774
7401,381
7403,407
7405,751
7406,194
7408,3
7410,177
7411,148
7413,693
7415,343
7416,302
7418,575
7420,772
7421,561
7423,577
7425,525
7426,672
7428,335
7430,539
7431,360
7433,378
7435,549
7436,514
7438,505
7440,726
7441,180
7443,399
7445,732
7446,474
7448,199
7450,746
7451,549
7453,110
7455,657
7456,574
7458,123
7460,407
7461,30
7463,722
7465,524
7466,297
7468,303
7470,500
7471,554
7473,112
7475,27
7476,425
7478,231
7480,268
7481,631
7483,620
7485,129
7486,772
7488,287
7490,118
7491,17
7493,37
7495,514
7496,182
7498,39
7500,627
7501,377
7503,262
7505,163
7506,507
7508,675
7510,497
7511,458
7513,169
7515,436
7516,72
7518,335
7520,800
7521,216
7523,651
7525,722
7526,722
7528,71
7530,572
7531,596
7533,747
7535,132
7536,29
7538,189
7540,634
7541,78
7543,621
7545,55
7546,482
7548,158
7550,603
7551,361
7553,693
7555,234
7556,173
7558,663
7560,433
7561,269
7563,578
7565,268
7566,175
7568,209
7570,430
7571,628
7573,438
7575,798
7576,728
7578,494
7580,357
7581,416
7583,365
7585,557
7586,98
7588,96
7590,218
7591,247
7593,489
7595,665
7596,479
7598,796
7600,283
7601,78
7603,455
7605,55
7606,263
7608,241
7610,43
7611,680
7613,309
7615,602
7616,548
7618,485
7620,574
7621,65
7623,710
7625,169
7626,692
7628,614
7630,134
7631,263
7633,202
7635,561
7636,754
7638,559
7640,11
7641,204
7643,745
7645,613
7646,627
7648,282
7650,396
7651,376
7653,179
7655,309
7656,265
7658,367
7660,195
7661,532
7663,497
7665,322
7666,254
7668,213
7670,64
7671,273
7673,638
7675,623
7676,264
7678,175
7680,681
7681,372
7683,558
7685,665
7686,387
7688,606
7690,660
7691,342
7693,118
7695,714
7696,370
7698,108
7700,469
7701,527
7703,352
7705,130
7706,718
7708,757
7710,48
7711,385
7713,220
7715,632
7716,99
7718,254
7720,423
7721,66
7723,318
7725,237
7726,227
7728,778
7730,410
7731,454
7733,555
7735,221
7736,231
7738,433
7740,503
7741,679
7743,761
7745,122
7746,435
7748,8
7750,766
7751,574
7753,529
7755,435
7756,35
7758,420
7760,547
7761,591
7763,462
7765,204
7766,767
7768,175
7770,436
7771,189
7773,754
7775,795
7776,238
7778,234
7780,655
7781,273
7783,559
7785,534
7786,282
7788,452
7790,376
7791,62
7793,318
7795,554
7796,268
7798,378
7800,3
7801,336
7803,19
7805,385
7806,589
7808,348
7810,264
7811,675
7813,506
7815,246
7816,161
7818,284
7820,173
7821,628
7823,189
7825,770
7826,101
7828,156
7830,94
7831,582
7833,158
7835,70
7836,148
7838,203
7840,245
7841,793
7843,665
7845,68
7846,694
7848,272
7850,306
7851,239
7853,528
7855,169
7856,731
7858,157
7860,456
7861,393
7863,625
7865,426
7866,717
7868,418
7870,549
7871,210
7873,104
7875,18
7876,619
7878,58
7880,383
7881,269
7883,499
7885,273
7886,759
7888,525
7890,769
7891,242
7893,429
7895,705
7896,473
7898,245
7900,704
7901,172
7903,289
7905,66
7906,626
7908,340
7910,728
7911,656
7913,135
7915,749
7916,495
7918,539
7920,276
7921,459
7923,334
7925,53
7926,770
7928,646
7930,40
7931,611
7933,522
7935,670
7936,15
7938,178
7940,136
7941,561
7943,491
7945,162
7946,616
7948,685
7950,330
7951,732
7953,548
7955,304
7956,104
7958,240
7960,661
7961,798
7963,761
7965,114
7966,192
7968,525
7970,273
7971,650
7973,346
7975,183
7976,680
7978,332
7980,338
7981,219
7983,504
7985,776
7986,184
7988,358
7990,158
7991,62
7993,486
7995,239
7996,398
7998,135
8000,771
8001,559
8003,375
8005,65
8006,668
8008,58
8010,85
8011,144
8013,587
8015,754
8016,410
8018,532
8020,723
8021,26
8023,407
8025,4
8026,248
8028,253
8030,167
8031,568
8033,155
8035,766
8036,275
8038,572
8040,522
8041,40
8043,199
8045,592
8046,793
8048,330
8050,112
8051,734
8053,40
8055,380
8056,611
8058,643
8060,266
8061,383
8063,397
8065,552
8066,390
8068,625
8070,588
8071,594
8073,517
8075,34
8076,624
8078,86
8080,147
8081,387
8083,335
8085,453
8086,559
8088,163
8090,110
8091,573
8093,318
8095,583
8096,169
8098,748
8100,494
8101,490
8103,723
8105,466
8106,737
8108,728
8110,559
8111,788
8113,21
8115,614
8116,608
8118,611
8120,731
8121,187
8123,647
8125,778
8126,427
8128,472
8130,163
8131,257
8133,754
8135,151
8136,248
8138,400
8140,97
8141,656
8143,138
8145,194
8146,319
8148,57
8150,66
8151,232
8153,148
8155,32
8156,721
8158,707
8160,537
8161,6
8163,712
8165,599
8166,204
8168,290
8170,276
8171,627
8173,584
8175,119
8176,478
8178,663
8180,531
8181,84
8183,594
8185,791
8186,8
8188,760
8190,41
8191,714
8193,543
8195,784
8196,137
8198,180
8200,587
8201,586
8203,52
8205,478
8206,697
8208,496
8210,121
8211,436
8213,67
8215,739
8216,187
8218,22
8220,594
8221,378
8223,522
8225,251
8226,680
8228,550
8230,419
8231,443
8233,703
8235,302
8236,58
8238,509
8240,370
8241,673
8243,678
8245,143
8246,111
8248,299
8250,16
8251,485
8253,433
8255,194
8256,64
8258,265
8260,535
8261,426
8263,792
8265,775
8266,298
8268,68
8270,182
8271,300
8273,597
8275,697
8276,212
8278,64
8280,748
8281,612
8283,556
8285,233
8286,577
8288,524
8290,488
8291,214
8293,317
8295,190
8296,703
8298,243
8300,476
8301,493
8303,491
8305,761
8306,163
8308,54
8310,415
8311,325
8313,779
8315,740
8316,589
8318,116
8320,134
8321,455
8323,426
8325,41
8326,357
8328,741
8330,333
8331,161
8333,154
8335,580
8336,227
8338,382
8340,514
8341,780
8343,642
8345,726
8346,432
8348,653
8350,395
8351,337
8353,385
8355,715
8356,767
8358,244
8360,617
8361,734
8363,196
8365,151
8366,326
8368,702
8370,480
8371,666
8373,608
8375,571
8376,637
8378,273
8380,481
8381,699
8383,574
8385,538
8386,347
8388,228
8390,130
8391,383
8393,368
8395,613
8396,530
8398,318
8400,94
8401,642
8403,523
8405,675
8406,679
8408,701
8410,414
8411,235
8413,510
8415,247
8416,683
8418,611
8420,728
8421,497
8423,675
8425,773
8426,469
8428,2
8430,574
8431,109
8433,347
8435,280
8436,107
8438,74
8440,297
8441,568
8443,620
8445,381
8446,53
8448,544
8450,444
8451,348
8453,769
8455,372
8456,499
8458,196
8460,704
8461,690
8463,647
8465,388
8466,377
8468,295
8470,139
8471,357
8473,54
8475,2
8476,154
8478,267
8480,776
8481,143
8483,289
8485,601
8486,624
8488,135
8490,160
8491,520
8493,136
8495,206
8496,220
8498,486
8500,310
8501,547
8503,185
8505,702
8506,706
8508,690
8510,731
8511,82
8513,533
8515,148
8516,204
8518,798
8520,310
8521,721
8523,21
8525,434
8526,557
8528,160
8530,399
8531,392
8533,88
8535,493
8536,584
8538,6
8540,391
8541,277
8543,402
8545,282
8546,203
8548,683
8550,718
8551,282
8553,472
8555,326
8556,96
8558,219
8560,224
8561,676
8563,378
8565,328
8566,176
8568,694
8570,227
8571,278
8573,302
8575,553
8576,177
8578,292
8580,542
8581,550
8583,518
8585,746
8586,255
8588,761
8590,465
8591,443
8593,47
8595,311
8596,318
8598,407
8600,279
8601,25
8603,477
8605,136
8606,431
8608,582
8610,685
8611,533
8613,2
8615,238
8616,104
8618,494
8620,603
8621,421
8623,541
8625,453
8626,787
8628,53
8630,660
8631,394
8633,30
8635,363
8636,579
8638,408
8640,412
8641,753
8643,393
8645,354
8646,433
8648,648
8650,790
8651,367
8653,638
8655,94
8656,736
8658,310
8660,404
8661,486
8663,61
8665,507
8666,378
8668,508
8670,232
8671,668
8673,156
8675,415
8676,129
8678,440
8680,183
8681,567
8683,520
8685,226
8686,226
8688,372
8690,336
8691,81
8693,768
8695,478
8696,139
8698,763
8700,548
8701,732
8703,273
8705,444
8706,78
8708,529
8710,114
8711,269
8713,101
8715,157
8716,355
8718,466
8720,31
8721,444
8723,696
8725,226
8726,766
8728,285
8730,214
8731,534
8733,634
8735,567
8736,21
8738,512
8740,785
8741,306
8743,558
8745,422
8746,198
8748,442
8750,41
8751,539
8753,260
8755,663
8756,779
8758,318
8760,569
8761,100
8763,513
8765,595
8766,490
8768,128
8770,757
8771,234
8773,478
8775,25
8776,398
8778,793
8780,772
8781,278
8783,339
8785,494
8786,346
8788,705
8790,632
8791,17
8793,480
8795,422
8796,559
8798,581
8800,436
8801,545
8803,52
8805,653
8806,30
8808,619
8810,451
8811,249
8813,94
8815,652
8816,426
8818,291
8820,162
8821,224
8823,336
8825,570
8826,367
8828,449
8830,759
8831,602
8833,733
8835,407
8836,244
8838,427
8840,535
8841,257
8843,440
8845,563
8846,463
8848,80
8850,726
8851,133
8853,63
8855,784
8856,600
8858,640
8860,23
8861,478
8863,744
8865,63
8866,87
8868,53
8870,435
8871,699
8873,700
8875,231
8876,279
8878,799
8880,362
8881,530
8883,675
8885,255
8886,649
8888,571
8890,343
8891,276
8893,567
8895,171
8896,152
8898,236
8900,539
8901,512
8903,448
8905,416
8906,700
8908,540
8910,438
8911,58
8913,225
8915,441
8916,204
8918,739
8920,278
8921,543
8923,119
8925,2
8926,246
8928,770
8930,712
8931,653
8933,240
8935,498
8936,471
8938,682
8940,574
8941,79
8943,9
8945,301
8946,495
8948,715
8950,496
8951,397
8953,428
8955,596
8956,246
8958,462
8960,603
8961,489
8963,299
8965,150
8966,764
8968,255
8970,448
8971,590
8973,131
8975,480
8976,758
8978,741
8980,65
8981,371
8983,131
8985,702
8986,181
8988,394
8990,451
8991,503
8993,635
8995,571
8996,46
8998,167
9000,605
9001,124
9003,626
9005,91
9006,431
9008,30
9010,100
9011,336
9013,447
9015,688
9016,351
9018,101
9020,19
9021,235
9023,338
9025,455
9026,490
9028,690
9030,233
9031,720
9033,110
9035,742
9036,633
9038,589
9040,656
9041,268
9043,459
9045,785
9046,446
9048,343
9050,572
9051,628
9053,358
9055,652
9056,730
9058,261
9060,697
9061,303
9063,380
9065,671
9066,526
9068,480
9070,249
9071,703
9073,144
9075,87
9076,766
9078,275
9080,615
9081,613
9083,135
9085,120
9086,394
9088,246
9090,542
9091,669
9093,125
9095,579
9096,426
9098,407
9100,326
9101,69
9103,696
9105,613
9106,726
9108,411
9110,26
9111,154
9113,692
9115,269
9116,573
9118,1
9120,536
9121,189
9123,189
9125,210
9126,776
9128,333
9130,31
9131,686
9133,228
9135,249
9136,266
9138,8
9140,150
9141,372
9143,41
9145,639
9146,122
9148,391
9150,327
9151,415
9153,315
9155,719
9156,800
9158,111
9160,339
9161,628
9163,575
9165,331
9166,461
9168,718
9170,614
9171,297
9173,372
9175,617
9176,563
9178,1
9180,162
9181,727
9183,615
9185,2
9186,152
9188,710
9190,543
9191,244
9193,405
9195,404
9196,598
9198,779
9200,150
9201,569
9203,335
9205,585
9206,189
9208,92
9210,214
9211,54
9213,624
9215,285
9216,78
9218,282
9220,499
9221,351
9223,11
9225,703
9226,319
9228,343
9230,215
9231,40
9233,464
9235,486
9236,166
9238,196
9240,752
9241,163
9243,701
9245,798
9246,336
9248,302
9250,596
9251,181
9253,772
9255,779
9256,376
9258,184
9260,481
9261,727
9263,697
9265,6
9266,744
9268,573
9270,81
9271,232
9273,213
9275,750
9276,379
9278,270
9280,641
9281,420
9283,490
9285,135
9286,485
9288,307
9290,274
9291,293
9293,578
9295,383
9296,202
9298,51
9300,247
9301,565
9303,764
9305,788
9306,502
9308,687
9310,678
9311,527
9313,490
9315,434
9316,515
9318,46
9320,747
9321,734
9323,783
9325,749
9326,591
9328,352
9330,167
9331,93
9333,573
9335,474
9336,691
9338,599
9340,580
9341,592
9343,251
9345,347
9346,6
9348,693
9350,731
9351,515
9353,729
9355,712
9356,200
9358,430
9360,95
9361,552
9363,133
9365,541
9366,505
9368,613
9370,721
9371,451
9373,98
9375,513
9376,36
9378,162
9380,670
9381,624
9383,784
9385,43
9386,714
9388,598
9390,132
9391,711
9393,572
9395,669
9396,711
9398,32
9400,279
9401,120
9403,107
9405,335
9406,428
9408,347
9410,609
9411,454
9413,641
9415,428
9416,442
9418,520
9420,216
9421,376
9423,433
9425,788
9426,427
9428,404
9430,549
9431,164
9433,597
9435,429
9436,133
9438,504
9440,17
9441,255
9443,393
9445,575
9446,273
9448,616
9450,146
9451,623
9453,348
9455,537
9456,782
9458,204
9460,411
9461,439
9463,322
9465,765
9466,255
9468,359
9470,76
9471,492
9473,534
9475,473
9476,314
9478,789
9480,468
9481,497
9483,494
9485,424
9486,101
9488,207
9490,733
9491,311
9493,182
9495,571
9496,573
9498,779
9500,196
9501,85
9503,509
9505,787
9506,315
9508,413
9510,147
9511,71
9513,735
9515,790
9516,533
9518,659
9520,567
9521,777
9523,425
9525,373
9526,4
9528,212
9530,650
9531,646
9533,799
9535,326
9536,309
9538,599
9540,356
9541,741
9543,458
9545,478
9546,644
9548,435
9550,743
9551,657
9553,74
9555,520
9556,188
9558,560
9560,272
9561,760
9563,238
9565,54
9566,409
9568,108
9570,522
9571,657
9573,618
9575,703
9576,156
9578,330
9580,223
9581,182
9583,427
9585,691
9586,788
9588,518
9590,101
9591,141
9593,450
9595,533
9596,255
9598,142
9600,169
9601,796
9603,3
9605,751
9606,774
9608,386
9610,788
9611,740
9613,145
9615,81
9616,36
9618,744
9620,763
9621,282
9623,288
9625,541
9626,545
9628,140
9630,164
9631,542
9633,260
9635,375
9636,614
9638,481
9640,529
9641,638
9643,451
9645,713
9646,449
9648,577
9650,80
9651,690
9653,241
9655,361
9656,331
9658,665
9660,16
9661,186
9663,512
9665,65
9666,534
9668,717
9670,772
9671,522
9673,216
9675,453
9676,178
9678,789
9680,678
9681,272
9683,725
9685,357
9686,64
9688,112
9690,441
9691,485
9693,587
9695,441
9696,218
9698,790
9700,663
9701,528
9703,625
9705,500
9706,658
9708,292
9710,243
9711,333
9713,287
9715,485
9716,535
9718,606
9720,553
9721,196
9723,232
9725,266
9726,440
9728,86
9730,710
9731,212
9733,28
9735,664
9736,456
9738,55
9740,90
9741,562
9743,273
9745,768
9746,337
9748,515
9750,140
9751,79
9753,315
9755,679
9756,447
9758,272
9760,118
9761,305
9763,641
9765,671
9766,160
9768,137
9770,385
9771,545
9773,674
9775,378
9776,60
9778,261
9780,724
9781,643
9783,209
9785,184
9786,580
9788,657
9790,260
9791,409
9793,308
9795,266
9796,696
9798,677
9800,509
9801,730
9803,244
9805,122
9806,408
9808,132
9810,494
9811,568
9813,215
9815,566
9816,471
9818,445
9820,208
9821,302
9823,722
9825,764
9826,169
9828,6
9830,465
9831,508
9833,548
9834,260
9836,633
9838,286
9839,585
9841,166
9843,288
9844,39
9846,222
9848,458
9849,192
9851,326
9853,326
9854,487
9856,644
9858,309
9859,387
9861,770
9863,41
9864,340
9866,28
9868,589
9869,575
9871,525
9873,322
9874,671
9876,720
9878,430
9879,348
9881,252
9883,718
9884,440
9886,742
9888,610
9889,3
9891,530
9893,49
9894,679
9896,287
9898,181
9899,690
9901,193
9903,216
9904,680
9906,445
9908,766
9909,147
9911,488
9913,609
9914,230
9916,10
9918,474
9919,514
9921,735
9923,545
9924,349
9926,426
9928,689
9929,439
9931,778
9933,2
9934,65
9936,663
9938,423
9939,55
9941,387
9943,228
9944,605
9946,26
9948,55
9949,158
9951,40
9953,332
9954,462
9956,81
9958,642
9959,502
9961,771
9963,659
9964,575
9966,207
9968,276
9969,107
9971,318
9973,297
9974,708
9976,579
9978,182
9979,596
9981,177
9983,210
9984,299
9986,644
9988,515
9989,17
9991,275
9993,723
9994,169
9996,738
9998,103
9999,509
