7000
1,193
2,710
4,373
5,611
7,356
8,755
10,646
11,403
12,253
14,207
15,591
17,93
18,496
19,654
21,329
22,519
24,119
25,27
27,641
28,125
29,368
31,587
32,778
34,250
35,291
37,754
38,782
39,35
41,493
42,596
44,8
45,756
47,373
48,730
50,753
51,112
52,592
54,464
55,178
57,613
58,120
60,766
61,389
62,349
64,282
65,781
67,686
68,713
70,104
71,644
72,85
74,436
75,549
77,283
78,231
80,615
81,573
82,223
84,381
85,470
87,292
88,378
90,365
91,727
92,500
94,570
95,73
97,441
98,26
100,782
101,82
102,69
104,605
105,717
107,518
108,773
110,227
111,760
112,791
114,398
115,762
117,276
118,751
120,764
121,432
122,717
124,401
125,441
127,747
128,726
130,281
131,14
132,553
134,622
135,273
137,226
138,753
140,768
141,182
142,88
144,525
145,17
147,166
148,450
149,636
151,593
152,527
154,694
155,156
157,486
158,528
159,477
161,300
162,457
164,421
165,33
167,490
168,539
169,464
171,306
172,602
174,782
175,647
177,381
178,156
179,197
181,734
182,95
184,370
185,15
187,388
188,191
189,401
191,9
192,502
194,594
195,529
197,231
198,452
199,555
201,700
202,213
204,2
205,57
207,112
208,326
209,51
211,503
212,632
214,353
215,637
217,197
218,373
219,795
221,765
222,610
224,707
225,677
227,668
228,359
229,557
231,320
232,335
234,167
235,645
237,421
238,24
239,55
241,354
242,580
244,735
245,586
247,186
248,295
249,788
251,655
252,193
254,703
255,740
257,703
258,536
259,702
261,474
262,372
264,404
265,567
267,263
268,247
269,721
271,184
272,264
274,127
275,399
277,377
278,673
279,740
281,156
282,427
284,129
285,455
287,93
288,124
289,748
291,492
292,515
294,331
295,175
297,201
298,345
299,348
301,104
302,559
304,186
305,266
307,560
308,4
309,206
311,216
312,540
314,321
315,409
317,227
318,526
319,100
321,167
322,331
324,729
325,767
327,786
328,609
329,469
331,634
332,1
334,295
335,718
337,124
338,453
339,103
341,16
342,40
344,790
345,433
347,52
348,319
350,606
351,649
352,416
354,43
355,118
357,493
358,781
360,526
361,261
362,746
364,619
365,469
367,34
368,345
370,383
371,672
372,565
374,242
375,555
377,14
378,365
380,692
381,648
382,361
384,313
385,717
387,578
388,139
390,576
391,404
392,352
394,487
395,795
397,172
398,591
400,666
401,765
402,97
404,584
405,596
407,636
408,150
410,220
411,626
412,581
414,165
415,538
417,470
418,745
420,392
421,750
422,540
424,665
425,93
427,237
428,189
430,442
431,348
432,184
434,88
435,194
437,450
438,411
440,349
441,463
442,666
444,162
445,530
447,321
448,393
450,384
451,289
452,740
454,363
455,464
457,662
458,308
460,490
461,595
462,400
464,230
465,800
467,266
468,47
470,535
471,77
472,607
474,380
475,704
477,577
478,666
480,306
481,382
482,167
484,441
485,703
487,568
488,59
490,28
491,231
492,769
494,726
495,470
497,361
498,216
500,61
501,290
502,675
504,543
505,533
507,122
508,151
510,611
511,181
512,169
514,202
515,119
517,38
518,624
520,171
521,167
522,135
524,210
525,245
527,338
528,629
530,437
531,387
532,44
534,373
535,15
537,351
538,758
540,341
541,215
542,548
544,129
545,115
547,191
548,272
550,157
551,592
552,733
554,693
555,204
557,710
558,166
560,268
561,638
562,398
564,620
565,540
567,189
568,46
570,3
571,792
572,128
574,250
575,145
577,209
578,747
580,711
581,167
582,517
584,667
585,495
587,691
588,143
590,149
591,434
592,563
594,670
595,67
597,13
598,152
600,703
601,284
602,716
604,411
605,649
607,344
608,428
610,716
611,490
612,498
614,164
615,683
617,475
618,101
620,451
621,41
622,674
624,579
625,50
627,645
628,253
630,663
631,377
632,297
634,377
635,739
637,206
638,247
640,608
641,752
642,160
644,95
645,398
647,318
648,373
650,300
651,252
652,283
654,266
655,145
657,725
658,286
660,717
661,586
662,664
664,492
665,327
667,95
668,715
670,433
671,232
672,229
674,35
675,562
677,423
678,182
680,595
681,735
682,735
684,83
685,441
687,759
688,378
690,735
691,759
692,604
694,389
695,667
697,434
698,656
700,725
701,774
702,328
704,285
705,50
707,590
708,580
710,439
711,317
712,352
714,623
715,119
717,356
718,607
720,141
721,688
722,232
724,263
725,238
727,739
728,488
730,254
731,53
732,217
734,562
735,178
737,567
738,303
740,103
741,584
742,361
744,576
745,118
747,428
748,41
750,258
751,563
752,369
754,492
755,389
757,463
758,98
760,370
761,108
762,171
764,483
765,512
767,534
768,684
770,252
771,221
772,296
774,735
775,234
777,154
778,544
780,720
781,536
782,22
784,477
785,569
787,758
788,560
790,431
791,70
792,11
794,145
795,682
797,453
798,436
800,328
801,709
802,483
804,439
805,547
807,261
808,463
810,267
811,800
812,23
814,654
815,76
817,511
818,86
820,189
821,537
822,587
824,360
825,745
827,599
828,581
830,119
831,655
832,726
834,272
835,444
837,337
838,429
840,138
841,634
842,60
844,392
845,74
847,498
848,33
850,668
851,283
852,366
854,451
855,575
857,623
858,167
860,330
861,501
862,304
864,304
865,247
867,665
868,432
870,393
871,376
872,707
874,184
875,396
877,527
878,259
880,607
881,230
882,220
884,515
885,213
887,674
888,400
890,575
891,379
892,593
894,778
895,440
897,182
898,72
900,175
901,129
902,22
904,727
905,731
907,755
908,10
910,48
911,34
912,451
914,710
915,594
917,167
918,625
920,678
921,277
922,547
924,153
925,696
927,162
928,181
930,747
931,537
932,334
934,316
935,704
937,160
938,384
940,652
941,545
942,648
944,629
945,689
947,250
948,109
950,474
951,219
952,351
954,226
955,103
957,443
958,14
960,86
961,644
962,253
964,12
965,255
967,371
968,360
970,30
971,451
972,523
974,463
975,776
977,733
978,600
980,211
981,332
982,6
984,421
985,332
987,682
988,413
990,416
991,452
992,759
994,728
995,47
997,19
998,306
1000,117
1001,328
1002,374
1004,701
1005,371
1007,665
1008,115
1010,696
1011,473
1012,563
1014,588
1015,334
1017,309
1018,76
1020,702
1021,344
1022,354
1024,198
1025,394
1027,288
1028,180
1030,427
1031,299
1032,627
1034,69
1035,281
1037,722
1038,75
1040,704
1041,219
1042,335
1044,568
1045,795
1047,438
1048,381
1050,636
1051,232
1052,530
1054,151
1055,347
1057,689
1058,249
1060,720
1061,532
1062,395
1064,415
1065,548
1067,409
1068,365
1070,79
1071,422
1072,328
1074,425
1075,702
1077,503
1078,10
1080,196
1081,275
1082,742
1084,310
1085,699
1087,349
1088,664
1090,38
1091,99
1092,193
1094,108
1095,69
1097,289
1098,174
1100,234
1101,749
1102,686
1104,368
1105,403
1107,707
1108,672
1110,132
1111,476
1112,469
1114,23
1115,106
1117,238
1118,183
1120,766
1121,542
1122,238
1124,687
1125,488
1127,586
1128,335
1130,569
1131,663
1132,248
1134,316
1135,789
1137,373
1138,577
1139,732
1141,524
1142,423
1144,102
1145,89
1147,271
1148,304
1149,42
1151,134
1152,159
1154,494
1155,371
1157,409
1158,82
1159,353
1161,736
1162,716
1164,6
1165,115
1167,42
1168,597
1169,511
1171,687
1172,278
1174,297
1175,46
1177,693
1178,637
1179,728
1181,493
1182,442
1184,392
1185,408
1187,143
1188,480
1189,504
1191,650
1192,144
1194,67
1195,607
1197,553
1198,203
1199,761
1201,194
1202,128
1204,588
1205,628
1207,108
1208,397
1209,216
1211,677
1212,510
1214,748
1215,106
1217,107
1218,220
1219,584
1221,524
1222,482
1224,608
1225,781
1227,243
1228,595
1229,236
1231,304
1232,438
1234,371
1235,557
1237,32
1238,528
1239,412
1241,252
1242,332
1244,762
1245,673
1247,139
1248,692
1249,637
1251,647
1252,125
1254,439
1255,753
1257,549
1258,274
1259,796
1261,238
1262,566
1264,625
1265,306
1267,270
1268,576
1269,82
1271,316
1272,572
1274,565
1275,289
1277,448
1278,436
1279,382
1281,344
1282,96
1284,789
1285,320
1287,49
1288,667
1289,370
1291,286
1292,377
1294,454
1295,703
1297,17
1298,743
1299,150
1301,519
1302,127
1304,297
1305,48
1307,191
1308,714
1309,387
1311,318
1312,133
1314,627
1315,74
1317,650
1318,81
1319,102
1321,704
1322,565
1324,627
1325,71
1327,559
1328,414
1329,771
1331,142
1332,594
1334,371
1335,369
1337,61
1338,677
1339,75
1341,617
1342,30
1344,55
1345,733
1347,230
1348,711
1349,381
1351,283
1352,336
1354,160
1355,612
1357,413
1358,244
1359,246
1361,746
1362,496
1364,657
1365,556
1367,583
1368,323
1369,714
1371,579
1372,17
1374,438
1375,665
1377,630
1378,438
1379,763
1381,503
1382,623
1384,565
1385,546
1387,480
1388,140
1389,172
1391,430
1392,661
1394,106
1395,382
1397,417
1398,105
1399,606
1401,354
1402,711
1404,112
1405,58
1407,475
1408,75
1409,99
1411,256
1412,370
1414,570
1415,755
1417,728
1418,566
1419,264
1421,289
1422,564
1424,324
1425,360
1427,318
1428,310
1429,480
1431,598
1432,192
1434,243
1435,515
1437,258
1438,294
1439,429
1441,19
1442,168
1444,166
1445,769
1447,553
1448,49
1449,520
1451,555
1452,707
1454,632
1455,138
1457,489
1458,432
1459,779
1461,120
1462,528
1464,199
1465,798
1467,152
1468,184
1469,421
1471,171
1472,761
1474,133
1475,741
1477,722
1478,773
1479,760
1481,94
1482,353
1484,367
1485,109
1487,484
1488,724
1489,790
1491,317
1492,168
1494,179
1495,27
1497,352
1498,620
1499,157
1501,261
1502,475
1504,646
1505,686
1507,627
1508,81
1509,757
1511,127
1512,333
1514,16
1515,160
1517,386
1518,374
1519,123
1521,701
1522,184
1524,284
1525,510
1527,799
1528,514
1529,522
1531,494
1532,649
1534,9
1535,431
1537,793
1538,511
1539,552
1541,460
1542,238
1544,784
1545,500
1547,536
1548,552
1549,183
1551,535
1552,301
1554,283
1555,649
1557,480
1558,350
1559,701
1561,671
1562,465
1564,497
1565,690
1567,510
1568,644
1569,351
1571,391
1572,478
1574,139
1575,249
1577,656
1578,682
1579,150
1581,92
1582,344
1584,185
1585,512
1587,618
1588,232
1589,619
1591,282
1592,628
1594,751
1595,694
1597,717
1598,112
1599,529
1601,553
1602,197
1604,37
1605,627
1607,212
1608,237
1609,261
1611,176
1612,676
1614,369
1615,88
1617,61
1618,631
1619,771
1621,538
1622,390
1624,253
1625,741
1627,701
1628,653
1629,616
1631,92
1632,564
1634,35
1635,60
1637,18
1638,630
1639,374
1641,94
1642,11
1644,531
1645,617
1647,533
1648,295
1649,610
1651,153
1652,213
1654,382
1655,585
1657,606
1658,223
1659,650
1661,620
1662,415
1664,685
1665,38
1667,124
1668,223
1669,145
1671,314
1672,685
1674,465
1675,593
1677,195
1678,526
1679,487
1681,612
1682,233
1684,479
1685,177
1687,149
1688,427
1689,670
1691,453
1692,545
1694,35
1695,347
1697,444
1698,303
1699,729
1701,380
1702,45
1704,653
1705,421
1707,203
1708,662
1709,490
1711,192
1712,737
1714,15
1715,65
1717,401
1718,138
1719,519
1721,597
1722,598
1724,793
1725,417
1727,211
1728,574
1729,382
1731,746
1732,658
1734,248
1735,36
1737,753
1738,348
1739,686
1741,55
1742,93
1744,750
1745,346
1747,140
1748,353
1749,505
1751,673
1752,750
1754,407
1755,593
1757,56
1758,547
1759,163
1761,653
1762,201
1764,399
1765,674
1767,140
1768,534
1769,215
1771,101
1772,290
1774,728
1775,638
1777,275
1778,242
1779,68
1781,475
1782,747
1784,417
1785,695
1787,744
1788,756
1789,294
1791,230
1792,142
1794,734
1795,514
1797,270
1798,152
1799,332
1801,334
1802,758
1804,612
1805,607
1807,94
1808,249
1809,619
1811,437
1812,100
1814,286
1815,496
1817,113
1818,229
1819,742
1821,61
1822,549
1824,528
1825,238
1827,321
1828,84
1829,648
1831,652
1832,704
1834,176
1835,585
1837,600
1838,445
1839,294
1841,175
1842,769
1844,1
1845,667
1847,123
1848,478
1849,328
1851,32
1852,525
1854,680
1855,141
1857,496
1858,456
1859,579
1861,298
1862,378
1864,25
1865,734
1867,200
1868,316
1869,132
1871,104
1872,742
1874,136
1875,73
1877,454
1878,770
1879,618
1881,413
1882,786
1884,285
1885,793
1887,100
1888,231
1889,711
1891,676
1892,728
1894,590
1895,275
1897,71
1898,248
1899,497
1901,265
1902,447
1904,620
1905,575
1907,733
1908,229
1909,746
1911,15
1912,166
1914,76
1915,47
1917,648
1918,292
1919,700
1921,768
1922,676
1924,201
1925,690
1927,548
1928,124
1929,76
1931,1
1932,578
1934,42
1935,44
1937,735
1938,362
1939,797
1941,464
1942,112
1944,541
1945,236
1947,625
1948,721
1949,778
1951,55
1952,665
1954,262
1955,392
1957,400
1958,453
1959,649
1961,425
1962,133
1964,51
1965,105
1967,761
1968,131
1969,750
1971,179
1972,774
1974,643
1975,404
1977,450
1978,337
1979,727
1981,630
1982,607
1984,765
1985,80
1987,386
1988,301
1989,664
1991,33
1992,561
1994,715
1995,220
1997,220
1998,202
1999,382
2001,359
2002,127
2004,558
2005,361
2007,765
2008,341
2009,183
2011,312
2012,748
2014,45
2015,538
2017,275
2018,323
2019,363
2021,429
2022,786
2024,303
2025,368
2027,91
2028,325
2029,691
2031,234
2032,59
2034,742
2035,271
2037,291
2038,692
2039,322
2041,679
2042,679
2044,402
2045,468
2047,93
2048,776
2049,6
2051,422
2052,298
2054,217
2055,673
2057,223
2058,598
2059,414
2061,123
2062,3
2064,109
2065,377
2067,477
2068,129
2069,361
2071,418
2072,561
2074,469
2075,794
2077,12
2078,475
2079,106
2081,424
2082,146
2084,686
2085,55
2087,261
2088,636
2089,762
2091,417
2092,757
2094,779
2095,375
2097,102
2098,171
2099,108
2101,681
2102,380
2104,63
2105,579
2107,778
2108,51
2109,368
2111,153
2112,42
2114,221
2115,313
2117,521
2118,15
2119,244
2121,709
2122,665
2124,251
2125,35
2127,797
2128,131
2129,437
2131,583
2132,386
2134,290
2135,122
2137,405
2138,284
2139,343
2141,313
2142,112
2144,232
2145,605
2147,491
2148,670
2149,493
2151,787
2152,560
2154,397
2155,87
2157,215
2158,783
2159,583
2161,242
2162,724
2164,583
2165,563
2167,343
2168,486
2169,470
2171,139
2172,290
2174,247
2175,634
2177,54
2178,121
2179,19
2181,159
2182,536
2184,645
2185,162
2187,365
2188,584
2189,15
2191,785
2192,451
2194,633
2195,342
2197,757
2198,184
2199,542
2201,645
2202,243
2204,121
2205,267
2207,268
2208,697
2209,279
2211,121
2212,555
2214,749
2215,137
2217,409
2218,237
2219,628
2221,336
2222,426
2224,314
2225,575
2227,286
2228,700
2229,100
2231,335
2232,796
2234,47
2235,727
2237,654
2238,131
2239,759
2241,477
2242,52
2244,295
2245,735
2247,42
2248,559
2249,236
2251,613
2252,510
2254,749
2255,123
2257,475
2258,45
2259,649
2261,619
2262,614
2264,620
2265,4
2267,342
2268,397
2269,728
2271,275
2272,751
2274,622
2275,68
2277,283
2278,409
2279,208
2281,231
2282,585
2284,60
2285,798
2287,95
2288,238
2289,541
2291,204
2292,141
2294,623
2295,466
2297,197
2298,448
2299,640
2301,260
2302,127
2304,437
2305,447
2307,698
2308,710
2309,475
2311,770
2312,367
2314,531
2315,581
2317,391
2318,332
2319,122
2321,179
2322,464
2324,374
2325,530
2327,233
2328,162
2329,483
2331,661
2332,24
2334,56
2335,446
2337,384
2338,497
2339,117
2341,303
2342,394
2344,79
2345,206
2347,288
2348,798
2349,364
2351,10
2352,616
2354,639
2355,102
2357,654
2358,413
2359,592
2361,76
2362,342
2364,635
2365,364
2367,739
2368,291
2369,244
2371,212
2372,67
2374,420
2375,302
2377,724
2378,640
2379,386
2381,482
2382,345
2384,396
2385,246
2387,194
2388,721
2389,482
2391,167
2392,573
2394,307
2395,156
2397,753
2398,724
2399,337
2401,279
2402,581
2404,739
2405,266
2407,541
2408,288
2409,194
2411,512
2412,587
2414,247
2415,585
2417,366
2418,276
2419,686
2421,228
2422,733
2424,775
2425,615
2427,142
2428,425
2429,289
2431,422
2432,134
2434,2
2435,574
2437,747
2438,582
2439,55
2441,319
2442,577
2444,328
2445,735
2447,70
2448,740
2449,440
2451,96
2452,758
2454,717
2455,767
2457,182
2458,759
2459,202
2461,190
2462,799
2464,4
2465,423
2467,525
2468,507
2469,27
2471,1
2472,212
2474,453
2475,226
2477,758
2478,67
2479,112
2481,472
2482,490
2484,596
2485,699
2487,228
2488,215
2489,739
2491,166
2492,433
2494,49
2495,214
2497,208
2498,706
2499,641
2501,232
2502,501
2504,343
2505,330
2507,710
2508,188
2509,177
2511,470
2512,561
2514,41
2515,469
2517,41
2518,446
2519,584
2521,94
2522,760
2524,483
2525,337
2527,253
2528,79
2529,439
2531,432
2532,207
2534,170
2535,518
2537,565
2538,35
2539,627
2541,536
2542,40
2544,687
2545,782
2547,90
2548,553
2549,546
2551,623
2552,273
2554,462
2555,488
2557,481
2558,153
2559,613
2561,560
2562,637
2564,636
2565,722
2567,50
2568,616
2569,14
2571,728
2572,514
2574,747
2575,796
2577,661
2578,615
2579,261
2581,525
2582,277
2584,58
2585,451
2587,33
2588,671
2589,669
2591,569
2592,357
2594,441
2595,146
2597,611
2598,104
2599,179
2601,584
2602,569
2604,317
2605,484
2607,459
2608,463
2609,284
2611,154
2612,355
2614,293
2615,435
2617,51
2618,734
2619,498
2621,740
2622,692
2624,332
2625,157
2627,368
2628,657
2629,409
2631,632
2632,454
2634,151
2635,619
2637,125
2638,263
2639,534
2641,759
2642,75
2644,152
2645,106
2647,649
2648,750
2649,214
2651,406
2652,327
2654,730
2655,79
2657,574
2658,613
2659,419
2661,657
2662,344
2664,230
2665,122
2667,253
2668,598
2669,244
2671,125
2672,648
2674,77
2675,135
2677,75
2678,643
2679,229
2681,235
2682,62
2684,752
2685,126
2687,296
2688,767
2689,511
2691,197
2692,591
2694,577
2695,697
2697,522
2698,446
2699,355
2701,365
2702,518
2704,1
2705,186
2707,531
2708,469
2709,121
2711,608
2712,546
2714,309
2715,527
2717,370
2718,609
2719,128
2721,428
2722,748
2724,312
2725,482
2727,484
2728,669
2730,777
2731,288
2732,224
2734,323
2735,644
2737,775
2738,227
2740,589
2741,62
2742,673
2744,722
2745,125
2747,617
2748,386
2750,111
2751,230
2752,37
2754,267
2755,686
2757,769
2758,586
2760,482
2761,534
2762,573
2764,784
2765,27
2767,636
2768,349
2770,17
2771,643
2772,538
2774,507
2775,200
2777,521
2778,225
2780,781
2781,401
2782,705
2784,467
2785,746
2787,392
2788,98
2790,399
2791,663
2792,710
2794,477
2795,778
2797,132
2798,292
2800,114
2801,526
2802,649
2804,217
2805,388
2807,480
2808,436
2810,243
2811,14
2812,78
2814,369
2815,523
2817,732
2818,505
2820,795
2821,488
2822,411
2824,256
2825,497
2827,447
2828,578
2830,700
2831,678
2832,506
2834,544
2835,368
2837,596
2838,796
2840,14
2841,119
2842,101
2844,738
2845,671
2847,722
2848,344
2850,279
2851,784
2852,124
2854,422
2855,441
2857,165
2858,45
2860,762
2861,785
2862,583
2864,371
2865,410
2867,10
2868,683
2870,413
2871,662
2872,483
2874,489
2875,379
2877,118
2878,307
2880,765
2881,79
2882,523
2884,574
2885,375
2887,368
2888,474
2890,546
2891,439
2892,397
2894,619
2895,537
2897,595
2898,58
2900,298
2901,467
2902,189
2904,421
2905,412
2907,114
2908,375
2910,728
2911,668
2912,737
2914,453
2915,187
2917,19
2918,67
2920,413
2921,7
2922,349
2924,529
2925,25
2927,249
2928,777
2930,363
2931,521
2932,311
2934,600
2935,211
2937,714
2938,474
2940,523
2941,201
2942,192
2944,792
2945,274
2947,488
2948,233
2950,484
2951,195
2952,554
2954,557
2955,512
2957,724
2958,739
2960,286
2961,324
2962,175
2964,440
2965,788
2967,720
2968,244
2970,288
2971,208
2972,170
2974,194
2975,774
2977,623
2978,720
2980,335
2981,151
2982,342
2984,439
2985,4
2987,246
2988,73
2990,435
2991,744
2992,601
2994,291
2995,720
2997,649
2998,654
3000,382
3001,541
3002,360
3004,479
3005,645
3007,89
3008,725
3010,143
3011,90
3012,74
3014,506
3015,421
3017,116
3018,25
3020,680
3021,185
3022,295
3024,390
3025,134
3027,303
3028,268
3030,100
3031,329
3032,338
3034,540
3035,586
3037,632
3038,676
3040,601
3041,35
3042,638
3044,638
3045,631
3047,46
3048,574
3050,518
3051,550
3052,322
3054,163
3055,448
3057,617
3058,28
3060,113
3061,646
3062,376
3064,195
3065,777
3067,411
3068,221
3070,373
3071,539
3072,721
3074,298
3075,746
3077,698
3078,755
3080,778
3081,414
3082,729
3084,409
3085,653
3087,362
3088,223
3090,580
3091,148
3092,607
3094,378
3095,205
3097,427
3098,300
3100,197
3101,571
3102,61
3104,735
3105,153
3107,97
3108,540
3110,768
3111,628
3112,578
3114,783
3115,411
3117,274
3118,776
3120,43
3121,107
3122,660
3124,512
3125,534
3127,546
3128,34
3130,365
3131,791
3132,271
3134,521
3135,377
3137,560
3138,690
3140,180
3141,580
3142,364
3144,399
3145,671
3147,302
3148,93
3150,118
3151,674
3152,481
3154,396
3155,451
3157,744
3158,796
3160,90
3161,376
3162,136
3164,150
3165,81
3167,316
3168,330
3170,480
3171,397
3172,752
3174,299
3175,29
3177,19
3178,784
3180,580
3181,720
3182,16
3184,780
3185,586
3187,268
3188,166
3190,151
3191,278
3192,426
3194,740
3195,64
3197,118
3198,623
3200,666
3201,478
3202,173
3204,432
3205,209
3207,303
3208,683
3210,37
3211,109
3212,71
3214,8
3215,310
3217,673
3218,229
3220,369
3221,50
3222,403
3224,177
3225,38
3227,267
3228,707
3230,720
3231,583
3232,380
3234,408
3235,504
3237,675
3238,144
3240,560
3241,2
3242,565
3244,11
3245,710
3247,725
3248,462
3250,579
3251,791
3252,623
3254,129
3255,539
3257,492
3258,588
3260,790
3261,359
3262,472
3264,487
3265,321
3267,693
3268,476
3270,199
3271,393
3272,218
3274,603
3275,439
3277,733
3278,7
3280,488
3281,685
3282,405
3284,296
3285,228
3287,293
3288,377
3290,147
3291,434
3292,13
3294,225
3295,333
3297,103
3298,201
3300,436
3301,662
3302,25
3304,568
3305,590
3307,608
3308,177
3310,435
3311,209
3312,484
3314,41
3315,476
3317,69
3318,283
3320,573
3321,95
3322,168
3324,722
3325,83
3327,60
3328,205
3330,384
3331,711
3332,215
3334,634
3335,492
3337,790
3338,625
3340,314
3341,465
3342,253
3344,168
3345,800
3347,118
3348,279
3350,154
3351,753
3352,586
3354,131
3355,462
3357,603
3358,657
3360,375
3361,321
3362,82
3364,460
3365,523
3367,405
3368,176
3370,75
3371,799
3372,190
3374,531
3375,597
3377,45
3378,143
3380,582
3381,215
3382,483
3384,211
3385,376
3387,91
3388,623
3390,762
3391,149
3392,518
3394,562
3395,294
3397,71
3398,293
3400,311
3401,330
3402,130
3404,204
3405,635
3407,751
3408,308
3410,603
3411,518
3412,782
3414,795
3415,488
3417,32
3418,696
3420,68
3421,28
3422,717
3424,742
3425,466
3427,143
3428,70
3430,702
3431,430
3432,748
3434,295
3435,757
3437,630
3438,373
3440,267
3441,697
3442,202
3444,526
3445,208
3447,449
3448,420
3450,721
3451,60
3452,288
3454,747
3455,198
3457,514
3458,70
3460,5
3461,759
3462,213
3464,116
3465,50
3467,703
3468,445
3470,744
3471,582
3472,104
3474,671
3475,618
3477,225
3478,264
3480,683
3481,299
3482,102
3484,691
3485,629
3487,395
3488,86
3490,194
3491,509
3492,173
3494,40
3495,256
3497,372
3498,576
3500,589
3501,735
3502,288
3504,681
3505,317
3507,556
3508,668
3510,168
3511,775
3512,600
3514,751
3515,541
3517,507
3518,478
3520,467
3521,378
3522,410
3524,433
3525,356
3527,747
3528,29
3530,373
3531,279
3532,104
3534,158
3535,248
3537,171
3538,276
3540,641
3541,157
3542,387
3544,188
3545,684
3547,279
3548,363
3550,125
3551,368
3552,312
3554,71
3555,607
3557,722
3558,472
3560,548
3561,364
3562,151
3564,742
3565,206
3567,611
3568,702
3570,483
3571,475
3572,700
3574,767
3575,612
3577,597
3578,785
3580,369
3581,600
3582,104
3584,42
3585,499
3587,120
3588,412
3590,637
3591,606
3592,242
3594,741
3595,350
3597,308
3598,529
3600,696
3601,687
3602,667
3604,470
3605,312
3607,270
3608,190
3610,621
3611,107
3612,666
3614,647
3615,356
3617,15
3618,238
3620,259
3621,690
3622,65
3624,1
3625,800
3627,447
3628,645
3630,150
3631,254
3632,634
3634,455
3635,585
3637,719
3638,361
3640,629
3641,477
3642,197
3644,470
3645,73
3647,21
3648,800
3650,167
3651,64
3652,329
3654,313
3655,634
3657,165
3658,523
3660,594
3661,176
3662,798
3664,555
3665,127
3667,378
3668,23
3670,479
3671,77
3672,392
3674,44
3675,157
3677,51
3678,33
3680,222
3681,657
3682,444
3684,265
3685,770
3687,131
3688,190
3690,261
3691,441
3692,441
3694,439
3695,379
3697,749
3698,209
3700,60
3701,440
3702,651
3704,500
3705,454
3707,719
3708,719
3710,593
3711,760
3712,129
3714,222
3715,471
3717,392
3718,768
3720,337
3721,184
3722,87
3724,541
3725,127
3727,444
3728,725
3730,449
3731,371
3732,581
3734,133
3735,784
3737,1
3738,58
3740,350
3741,386
3742,214
3744,556
3745,666
3747,589
3748,422
3750,369
3751,271
3752,94
3754,778
3755,280
3757,608
3758,680
3760,178
3761,312
3762,714
3764,161
3765,626
3767,402
3768,544
3770,119
3771,94
3772,521
3774,298
3775,249
3777,629
3778,472
3780,154
3781,580
3782,372
3784,322
3785,462
3787,159
3788,589
3790,587
3791,698
3792,467
3794,219
3795,258
3797,187
3798,206
3800,306
3801,763
3802,473
3804,447
3805,725
3807,382
3808,610
3810,532
3811,161
3812,719
3814,138
3815,515
3817,159
3818,653
3820,153
3821,12
3822,468
3824,563
3825,650
3827,141
3828,642
3830,482
3831,182
3832,381
3834,661
3835,669
3837,704
3838,444
3840,574
3841,171
3842,608
3844,637
3845,396
3847,44
3848,799
3850,326
3851,170
3852,66
3854,257
3855,539
3857,16
3858,659
3860,455
3861,309
3862,475
3864,605
3865,204
3867,269
3868,458
3870,657
3871,87
3872,12
3874,424
3875,249
3877,513
3878,267
3880,460
3881,308
3882,46
3884,223
3885,714
3887,487
3888,173
3890,712
3891,331
3892,15
3894,765
3895,687
3897,247
3898,112
3900,662
3901,262
3902,167
3904,253
3905,97
3907,163
3908,718
3910,353
3911,154
3912,309
3914,551
3915,742
3917,181
3918,687
3920,712
3921,251
3922,771
3924,389
3925,430
3927,331
3928,349
3930,586
3931,64
3932,281
3934,315
3935,177
3937,614
3938,92
3940,778
3941,171
3942,269
3944,396
3945,78
3947,522
3948,775
3950,323
3951,218
3952,267
3954,489
3955,494
3957,561
3958,153
3960,407
3961,724
3962,98
3964,309
3965,129
3967,297
3968,299
3970,100
3971,16
3972,473
3974,335
3975,544
3977,750
3978,626
3980,433
3981,67
3982,593
3984,654
3985,360
3987,293
3988,286
3990,275
3991,219
3992,6
3994,459
3995,564
3997,672
3998,388
4000,717
4001,457
4002,104
4004,321
4005,723
4007,361
4008,440
4010,561
4011,186
4012,236
4014,384
4015,753
4017,436
4018,363
4020,470
4021,282
4022,706
4024,109
4025,456
4027,584
4028,297
4030,272
4031,241
4032,634
4034,433
4035,754
4037,676
4038,591
4040,383
4041,233
4042,347
4044,118
4045,464
4047,113
4048,253
4050,209
4051,763
4052,199
4054,241
4055,771
4057,334
4058,217
4060,777
4061,327
4062,464
4064,707
4065,604
4067,308
4068,575
4070,136
4071,407
4072,763
4074,57
4075,350
4077,653
4078,642
4080,490
4081,442
4082,735
4084,64
4085,526
4087,632
4088,114
4090,117
4091,329
4092,782
4094,530
4095,664
4097,85
4098,306
4100,554
4101,208
4102,419
4104,350
4105,404
4107,248
4108,406
4110,675
4111,210
4112,1
4114,413
4115,46
4117,177
4118,751
4120,341
4121,357
4122,619
4124,28
4125,431
4127,514
4128,593
4130,244
4131,168
4132,595
4134,361
4135,369
4137,454
4138,48
4140,381
4141,350
4142,472
4144,11
4145,243
4147,575
4148,134
4150,565
4151,686
4152,412
4154,685
4155,285
4157,431
4158,357
4160,595
4161,420
4162,281
4164,275
4165,179
4167,463
4168,645
4170,166
4171,382
4172,270
4174,374
4175,110
4177,164
4178,171
4180,341
4181,221
4182,322
4184,367
4185,436
4187,327
4188,60
4190,234
4191,778
4192,713
4194,273
4195,672
4197,255
4198,8
4200,609
4201,588
4202,713
4204,539
4205,518
4207,189
4208,433
4210,519
4211,594
4212,374
4214,12
4215,87
4217,771
4218,97
4220,146
4221,317
4222,626
4224,510
4225,108
4227,237
4228,368
4230,275
4231,782
4232,17
4234,467
4235,426
4237,23
4238,295
4240,188
4241,624
4242,268
4244,139
4245,562
4247,54
4248,455
4250,223
4251,702
4252,350
4254,707
4255,591
4257,232
4258,766
4260,664
4261,679
4262,286
4264,626
4265,136
4267,723
4268,400
4270,747
4271,265
4272,242
4274,577
4275,202
4277,224
4278,585
4280,521
4281,499
4282,629
4284,524
4285,239
4287,172
4288,327
4290,247
4291,375
4292,757
4294,44
4295,545
4297,299
4298,668
4300,508
4301,602
4302,787
4304,124
4305,107
4307,285
4308,423
4310,496
4311,349
4312,508
4314,748
4315,692
4317,295
4318,772
4320,92
4321,481
4322,556
4324,504
4325,592
4327,566
4328,225
4330,231
4331,451
4332,330
4334,193
4335,334
4337,307
4338,361
4340,502
4341,452
4342,395
4344,593
4345,135
4347,133
4348,634
4350,572
4351,490
4352,100
4354,648
4355,710
4357,381
4358,103
4360,422
4361,508
4362,314
4364,720
4365,215
4367,355
4368,624
4370,134
4371,716
4372,73
4374,208
4375,173
4377,166
4378,235
4380,102
4381,187
4382,625
4384,302
4385,120
4387,445
4388,310
4390,367
4391,147
4392,111
4394,654
4395,312
4397,306
4398,166
4400,143
4401,401
4402,239
4404,106
4405,547
4407,601
4408,606
4410,783
4411,415
4412,391
4414,193
4415,87
4417,527
4418,337
4420,337
4421,331
4422,297
4424,601
4425,484
4427,397
4428,581
4430,576
4431,108
4432,132
4434,509
4435,734
4437,132
4438,82
4440,666
4441,658
4442,678
4444,377
4445,566
4447,784
4448,553
4450,406
4451,97
4452,104
4454,562
4455,714
4457,125
4458,290
4460,15
4461,609
4462,186
4464,77
4465,722
4467,606
4468,183
4470,187
4471,278
4472,384
4474,792
4475,324
4477,31
4478,770
4480,98
4481,453
4482,72
4484,482
4485,56
4487,470
4488,652
4490,67
4491,200
4492,525
4494,599
4495,309
4497,379
4498,362
4500,230
4501,764
4502,754
4504,94
4505,494
4507,344
4508,711
4510,752
4511,17
4512,118
4514,243
4515,454
4517,246
4518,619
4520,221
4521,217
4522,649
4524,16
4525,137
4527,403
4528,310
4530,308
4531,204
4532,391
4534,688
4535,215
4537,312
4538,93
4540,508
4541,459
4542,104
4544,618
4545,448
4547,133
4548,684
4550,799
4551,552
4552,113
4554,501
4555,98
4557,212
4558,705
4560,27
4561,22
4562,94
4564,249
4565,550
4567,240
4568,564
4570,474
4571,735
4572,700
4574,115
4575,596
4577,713
4578,81
4580,752
4581,242
4582,502
4584,728
4585,487
4587,159
4588,272
4590,295
4591,790
4592,417
4594,80
4595,365
4597,699
4598,483
4600,71
4601,259
4602,422
4604,216
4605,474
4607,535
4608,584
4610,514
4611,366
4612,78
4614,258
4615,45
4617,758
4618,399
4620,451
4621,89
4622,640
4624,451
4625,206
4627,602
4628,660
4630,392
4631,234
4632,495
4634,450
4635,686
4637,105
4638,454
4640,287
4641,324
4642,692
4644,340
4645,576
4647,124
4648,479
4650,415
4651,763
4652,721
4654,255
4655,376
4657,735
4658,500
4660,734
4661,69
4662,135
4664,612
4665,540
4667,710
4668,722
4670,503
4671,302
4672,789
4674,717
4675,340
4677,156
4678,459
4680,48
4681,435
4682,461
4684,176
4685,240
4687,592
4688,611
4690,465
4691,143
4692,662
4694,726
4695,672
4697,169
4698,247
4700,335
4701,337
4702,583
4704,148
4705,758
4707,77
4708,759
4710,614
4711,231
4712,437
4714,207
4715,759
4717,471
4718,728
4720,605
4721,671
4722,381
4724,469
4725,602
4727,25
4728,83
4730,652
4731,266
4732,81
4734,517
4735,102
4737,800
4738,58
4740,406
4741,666
4742,115
4744,585
4745,259
4747,66
4748,273
4750,517
4751,701
4752,740
4754,389
4755,552
4757,165
4758,776
4760,284
4761,500
4762,414
4764,775
4765,402
4767,91
4768,782
4770,499
4771,250
4772,61
4774,99
4775,337
4777,486
4778,703
4780,322
4781,132
4782,401
4784,248
4785,253
4787,81
4788,27
4790,467
4791,587
4792,217
4794,588
4795,744
4797,182
4798,611
4800,360
4801,359
4802,545
4804,28
4805,508
4807,799
4808,798
4810,316
4811,695
4812,677
4814,385
4815,790
4817,410
4818,556
4820,275
4821,322
4822,221
4824,387
4825,657
4827,50
4828,760
4830,53
4831,485
4832,103
4834,586
4835,352
4837,517
4838,454
4840,304
4841,590
4842,704
4844,277
4845,682
4847,461
4848,94
4850,370
4851,231
4852,558
4854,139
4855,560
4857,726
4858,32
4860,191
4861,384
4862,665
4864,418
4865,565
4867,179
4868,797
4870,686
4871,736
4872,730
4874,777
4875,514
4877,594
4878,316
4880,788
4881,678
4882,408
4884,75
4885,375
4887,428
4888,500
4890,307
4891,144
4892,290
4894,33
4895,721
4897,234
4898,744
4900,704
4901,343
4902,751
4904,447
4905,589
4907,641
4908,232
4910,331
4911,444
4912,408
4914,543
4915,185
4917,422
4918,203
4920,167
4921,30
4922,141
4924,604
4925,787
4927,329
4928,486
4930,431
4931,307
4932,628
4934,775
4935,197
4937,620
4938,190
4940,235
4941,218
4942,550
4944,20
4945,192
4947,121
4948,593
4950,661
4951,577
4952,160
4954,451
4955,245
4957,53
4958,287
4960,404
4961,117
4962,95
4964,31
4965,190
4967,90
4968,540
4970,47
4971,162
4972,91
4974,570
4975,352
4977,339
4978,339
4980,144
4981,720
4982,373
4984,331
4985,404
4987,286
4988,96
4990,183
4991,434
4992,568
4994,795
4995,622
4997,374
4998,306
5000,257
5001,257
5002,742
5004,721
5005,137
5007,567
5008,719
5010,674
5011,580
5012,7
5014,658
5015,14
5017,359
5018,713
5020,783
5021,569
5022,624
5024,477
5025,475
5027,71
5028,357
5030,618
5031,629
5032,515
5034,505
5035,600
5037,279
5038,578
5040,774
5041,47
5042,237
5044,532
5045,662
5047,98
5048,209
5050,85
5051,318
5052,86
5054,106
5055,266
5057,672
5058,660
5060,600
5061,268
5062,153
5064,369
5065,73
5067,335
5068,602
5070,510
5071,132
5072,617
5074,323
5075,1
5077,561
5078,328
5080,547
5081,43
5082,687
5084,257
5085,374
5087,381
5088,279
5090,297
5091,632
5092,419
5094,641
5095,673
5097,547
5098,301
5100,583
5101,788
5102,732
5104,422
5105,103
5107,60
5108,98
5110,315
5111,523
5112,650
5114,186
5115,244
5117,212
5118,644
5120,720
5121,784
5122,373
5124,57
5125,367
5127,319
5128,420
5130,122
5131,24
5132,559
5134,485
5135,396
5137,370
5138,275
5140,260
5141,150
5142,252
5144,321
5145,62
5147,41
5148,286
5150,97
5151,329
5152,225
5154,783
5155,354
5157,672
5158,480
5160,335
5161,203
5162,593
5164,705
5165,2
5167,337
5168,328
5170,613
5171,306
5172,515
5174,736
5175,503
5177,284
5178,162
5180,128
5181,475
5182,788
5184,410
5185,257
5187,795
5188,487
5190,154
5191,99
5192,615
5194,652
5195,58
5197,252
5198,684
5200,484
5201,90
5202,232
5204,385
5205,638
5207,622
5208,169
5210,568
5211,130
5212,606
5214,546
5215,162
5217,735
5218,223
5220,675
5221,335
5222,10
5224,384
5225,586
5227,761
5228,793
5230,341
5231,740
5232,548
5234,346
5235,311
5237,569
5238,668
5240,461
5241,778
5242,454
5244,537
5245,219
5247,393
5248,200
5250,737
5251,289
5252,626
5254,494
5255,359
5257,277
5258,221
5260,171
5261,593
5262,483
5264,581
5265,557
5267,159
5268,297
5270,387
5271,358
5272,778
5274,363
5275,449
5277,72
5278,263
5280,758
5281,21
5282,127
5284,92
5285,195
5287,368
5288,714
5290,764
5291,200
5292,256
5294,780
5295,145
5297,66
5298,17
5300,26
5301,318
5302,331
5304,409
5305,736
5307,595
5308,264
5310,707
5311,68
5312,517
5314,639
5315,261
5317,678
5318,675
5320,622
5321,255
5322,12
5324,751
5325,495
5327,435
5328,74
5330,489
5331,508
5332,313
5334,199
5335,721
5337,493
5338,259
5340,294
5341,478
5342,514
5344,460
5345,564
5347,741
5348,600
5350,703
5351,128
5352,128
5354,708
5355,735
5357,554
5358,555
5360,82
5361,188
5362,136
5364,346
5365,126
5367,114
5368,660
5370,27
5371,376
5372,44
5374,427
5375,545
5377,762
5378,204
5380,257
5381,439
5382,263
5384,624
5385,702
5387,83
5388,318
5390,468
5391,290
5392,526
5394,114
5395,451
5397,360
5398,294
5400,587
5401,248
5402,313
5404,12
5405,178
5407,597
5408,693
5410,350
5411,138
5412,692
5414,395
5415,364
5417,471
5418,682
5420,184
5421,399
5422,151
5424,674
5425,207
5427,721
5428,435
5430,279
5431,518
5432,17
5434,486
5435,186
5437,615
5438,729
5440,731
5441,527
5442,329
5444,215
5445,50
5447,113
5448,484
5450,628
5451,136
5452,131
5454,294
5455,641
5457,507
5458,259
5460,16
5461,333
5462,701
5464,142
5465,187
5467,618
5468,630
5470,134
5471,531
5472,238
5474,143
5475,119
5477,725
5478,59
5480,729
5481,777
5482,415
5484,300
5485,241
5487,444
5488,792
5490,498
5491,43
5492,520
5494,740
5495,533
5497,182
5498,199
5500,88
5501,285
5502,546
5504,170
5505,687
5507,655
5508,48
5510,181
5511,595
5512,571
5514,447
5515,510
5517,667
5518,29
5520,590
5521,61
5522,493
5524,539
5525,35
5527,8
5528,74
5530,41
5531,67
5532,458
5534,725
5535,513
5537,347
5538,13
5540,779
5541,48
5542,305
5544,142
5545,645
5547,582
5548,116
5550,148
5551,475
5552,646
5554,754
5555,334
5557,144
5558,198
5560,671
5561,375
5562,196
5564,198
5565,294
5567,308
5568,293
5570,363
5571,652
5572,33
5574,129
5575,348
5577,372
5578,684
5580,292
5581,664
5582,199
5584,327
5585,417
5587,483
5588,19
5590,593
5591,768
5592,393
5594,96
5595,173
5597,693
5598,470
5600,729
5601,723
5602,418
5604,385
5605,718
5607,284
5608,240
5610,12
5611,149
5612,412
5614,416
5615,26
5617,265
5618,180
5620,104
5621,761
5622,161
5624,402
5625,11
5627,63
5628,728
5630,223
5631,675
5632,736
5634,710
5635,633
5637,515
5638,459
5640,671
5641,169
5642,440
5644,380
5645,551
5647,265
5648,711
5650,336
5651,484
5652,313
5654,245
5655,597
5657,675
5658,125
5660,489
5661,45
5662,377
5664,334
5665,760
5667,510
5668,787
5670,771
5671,121
5672,800
5674,378
5675,723
5677,277
5678,488
5680,194
5681,756
5682,410
5684,725
5685,605
5687,681
5688,146
5690,170
5691,271
5692,686
5694,299
5695,747
5697,269
5698,189
5700,582
5701,636
5702,271
5704,470
5705,789
5707,376
5708,483
5710,527
5711,130
5712,62
5714,53
5715,536
5717,150
5718,419
5720,141
5721,146
5722,334
5724,399
5725,271
5727,424
5728,63
5730,265
5731,724
5732,569
5734,509
5735,419
5737,419
5738,329
5740,101
5741,777
5742,112
5744,429
5745,530
5747,271
5748,74
5750,192
5751,564
5752,37
5754,456
5755,717
5757,161
5758,474
5760,115
5761,739
5762,276
5764,587
5765,182
5767,540
5768,443
5770,112
5771,75
5772,633
5774,186
5775,599
5777,389
5778,488
5780,38
5781,745
5782,6
5784,162
5785,550
5787,20
5788,115
5790,475
5791,471
5792,393
5794,208
5795,426
5797,543
5798,133
5800,721
5801,776
5802,761
5804,534
5805,389
5807,30
5808,501
5810,769
5811,673
5812,723
5814,571
5815,446
5817,32
5818,270
5820,9
5821,420
5822,583
5824,174
5825,796
5827,644
5828,329
5830,395
5831,454
5832,681
5834,175
5835,227
5837,284
5838,545
5840,239
5841,750
5842,59
5844,677
5845,234
5847,676
5848,432
5850,510
5851,253
5852,577
5854,10
5855,102
5857,416
5858,712
5860,753
5861,193
5862,415
5864,670
5865,495
5867,116
5868,783
5870,732
5871,738
5872,546
5874,173
5875,481
5877,69
5878,345
5880,710
5881,178
5882,331
5884,221
5885,631
5887,250
5888,762
5890,13
5891,263
5892,75
5894,319
5895,503
5897,352
5898,574
5900,743
5901,263
5902,479
5904,761
5905,178
5907,318
5908,90
5910,785
5911,558
5912,93
5914,41
5915,715
5917,658
5918,656
5920,16
5921,133
5922,360
5924,151
5925,390
5927,153
5928,252
5930,358
5931,397
5932,378
5934,134
5935,37
5937,366
5938,496
5940,448
5941,588
5942,100
5944,555
5945,757
5947,547
5948,18
5950,597
5951,484
5952,356
5954,281
5955,533
5957,680
5958,95
5960,665
5961,417
5962,122
5964,7
5965,35
5967,533
5968,69
5970,365
5971,465
5972,640
5974,355
5975,236
5977,555
5978,14
5980,409
5981,423
5982,170
5984,522
5985,165
5987,365
5988,184
5990,301
5991,597
5992,335
5994,309
5995,455
5997,449
5998,611
6000,515
6001,368
6002,325
6004,330
6005,95
6007,752
6008,19
6010,504
6011,706
6012,140
6014,183
6015,155
6017,496
6018,327
6020,9
6021,181
6022,581
6024,323
6025,87
6027,244
6028,549
6030,770
6031,383
6032,306
6034,471
6035,751
6037,259
6038,170
6040,177
6041,709
6042,479
6044,550
6045,379
6047,235
6048,358
6050,392
6051,585
6052,742
6054,496
6055,772
6057,411
6058,300
6060,599
6061,757
6062,680
6064,237
6065,234
6067,453
6068,663
6070,218
6071,51
6072,594
6074,204
6075,288
6077,418
6078,103
6080,510
6081,514
6082,356
6084,629
6085,426
6087,114
6088,105
6090,603
6091,676
6092,329
6094,60
6095,779
6097,679
6098,1
6100,699
6101,607
6102,440
6104,659
6105,190
6107,55
6108,383
6110,63
6111,92
6112,351
6114,155
6115,21
6117,284
6118,210
6120,441
6121,329
6122,635
6124,415
6125,233
6127,574
6128,288
6130,594
6131,464
6132,636
6134,469
6135,162
6137,774
6138,461
6140,743
6141,625
6142,490
6144,621
6145,320
6147,18
6148,596
6150,372
6151,272
6152,148
6154,65
6155,302
6157,479
6158,709
6160,231
6161,518
6162,783
6164,98
6165,552
6167,343
6168,485
6170,16
6171,64
6172,408
6174,605
6175,526
6177,737
6178,488
6180,619
6181,577
6182,167
6184,412
6185,771
6187,413
6188,781
6190,457
6191,532
6192,81
6194,599
6195,312
6197,273
6198,727
6200,211
6201,594
6202,118
6204,191
6205,339
6207,626
6208,281
6210,352
6211,592
6212,562
6214,751
6215,342
6217,421
6218,689
6220,775
6221,337
6222,553
6224,168
6225,400
6227,352
6228,222
6230,495
6231,372
6232,103
6234,643
6235,211
6237,336
6238,781
6240,89
6241,681
6242,792
6244,645
6245,463
6247,652
6248,548
6250,592
6251,455
6252,47
6254,756
6255,379
6257,356
6258,782
6260,386
6261,642
6262,617
6264,600
6265,350
6267,666
6268,116
6270,690
6271,344
6272,146
6274,534
6275,718
6277,255
6278,655
6280,174
6281,321
6282,298
6284,663
6285,430
6287,420
6288,473
6290,490
6291,542
6292,602
6294,115
6295,335
6297,336
6298,531
6300,152
6301,120
6302,163
6304,149
6305,753
6307,520
6308,368
6310,142
6311,332
6312,344
6314,349
6315,423
6317,160
6318,769
6320,287
6321,141
6322,429
6324,147
6325,156
6327,438
6328,91
6330,681
6331,316
6332,19
6334,271
6335,560
6337,582
6338,713
6340,168
6341,166
6342,574
6344,139
6345,496
6347,675
6348,231
6350,346
6351,474
6352,286
6354,695
6355,248
6357,740
6358,475
6360,528
6361,123
6362,630
6364,580
6365,597
6367,436
6368,16
6370,505
6371,337
6372,722
6374,241
6375,238
6377,372
6378,528
6380,710
6381,631
6382,57
6384,537
6385,243
6387,255
6388,653
6390,497
6391,211
6392,322
6394,256
6395,177
6397,61
6398,706
6400,228
6401,687
6402,778
6404,703
6405,109
6407,170
6408,98
6410,284
6411,674
6412,50
6414,470
6415,18
6417,308
6418,119
6420,63
6421,646
6422,758
6424,367
6425,162
6427,734
6428,113
6430,641
6431,663
6432,692
6434,396
6435,660
6437,236
6438,343
6440,794
6441,752
6442,367
6444,543
6445,511
6447,581
6448,796
6450,489
6451,756
6452,403
6454,759
6455,730
6457,573
6458,563
6460,194
6461,466
6462,583
6464,448
6465,603
6467,760
6468,577
6470,334
6471,502
6472,526
6474,490
6475,545
6477,522
6478,585
6480,28
6481,773
6482,740
6484,647
6485,37
6487,472
6488,420
6490,711
6491,304
6492,709
6494,463
6495,580
6497,572
6498,155
6500,755
6501,108
6502,149
6504,448
6505,551
6507,39
6508,676
6510,288
6511,583
6512,39
6514,672
6515,19
6517,182
6518,462
6520,659
6521,53
6522,679
6524,557
6525,422
6527,328
6528,437
6530,388
6531,391
6532,615
6534,268
6535,620
6537,488
6538,422
6540,330
6541,681
6542,526
6544,87
6545,63
6547,150
6548,608
6550,232
6551,88
6552,63
6554,582
6555,262
6557,539
6558,181
6560,238
6561,9
6562,293
6564,769
6565,344
6567,793
6568,552
6570,645
6571,357
6572,626
6574,109
6575,392
6577,58
6578,719
6580,22
6581,324
6582,369
6584,349
6585,397
6587,534
6588,682
6590,225
6591,187
6592,522
6594,665
6595,655
6597,147
6598,721
6600,56
6601,522
6602,764
6604,581
6605,19
6607,304
6608,434
6610,618
6611,258
6612,748
6614,707
6615,796
6617,371
6618,238
6620,713
6621,180
6622,15
6624,572
6625,692
6627,468
6628,581
6630,511
6631,477
6632,382
6634,629
6635,595
6637,51
6638,628
6640,95
6641,233
6642,284
6644,175
6645,488
6647,34
6648,250
6650,372
6651,115
6652,524
6654,378
6655,696
6657,623
6658,193
6660,47
6661,767
6662,416
6664,264
6665,106
6667,787
6668,789
6670,791
6671,435
6672,37
6674,592
6675,229
6677,767
6678,50
6680,110
6681,455
6682,88
6684,800
6685,289
6687,215
6688,283
6690,290
6691,587
6692,66
6694,625
6695,677
6697,387
6698,319
6700,336
6701,380
6702,709
6704,632
6705,408
6707,220
6708,108
6710,191
6711,357
6712,588
6714,239
6715,411
6717,591
6718,702
6720,405
6721,635
6722,212
6724,611
6725,649
6727,137
6728,135
6730,505
6731,204
6732,144
6734,776
6735,557
6737,259
6738,666
6740,702
6741,654
6742,257
6744,778
6745,627
6747,709
6748,154
6750,729
6751,148
6752,621
6754,786
6755,359
6757,62
6758,118
6760,336
6761,271
6762,726
6764,168
6765,65
6767,180
6768,671
6770,661
6771,183
6772,672
6774,719
6775,734
6777,523
6778,17
6780,56
6781,212
6782,683
6784,556
6785,14
6787,142
6788,318
6790,443
6791,742
6792,356
6794,498
6795,447
6797,740
6798,139
6800,563
6801,614
6802,466
6804,697
6805,537
6807,194
6808,277
6810,124
6811,160
6812,747
6814,83
6815,794
6817,687
6818,437
6820,553
6821,205
6822,3
6824,249
6825,695
6827,563
6828,590
6830,412
6831,157
6832,115
6834,130
6835,316
6837,211
6838,602
6840,511
6841,579
6842,760
6844,740
6845,781
6847,775
6848,572
6850,53
6851,169
6852,378
6854,386
6855,789
6857,127
6858,360
6860,237
6861,271
6862,7
6864,779
6865,627
6867,559
6868,32
6870,225
6871,360
6872,312
6874,748
6875,748
6877,734
6878,124
6880,231
6881,272
6882,471
6884,107
6885,521
6887,89
6888,482
6890,287
6891,664
6892,489
6894,465
6895,141
6897,207
6898,578
6900,350
6901,456
6902,754
6904,496
6905,332
6907,295
6908,686
6910,659
6911,498
6912,557
6914,585
6915,269
6917,430
6918,675
6920,632
6921,6
6922,293
6924,744
6925,338
6927,463
6928,529
6930,284
6931,542
6932,42
6934,269
6935,40
6937,171
6938,93
6940,23
6941,769
6942,450
6944,293
6945,654
6947,48
6948,487
6950,789
6951,350
6952,283
6954,594
6955,280
6957,379
6958,79
6960,371
6961,598
6962,412
6964,307
6965,110
6967,37
6968,670
6970,628
6971,149
6972,537
6974,30
6975,473
6977,208
6978,541
6980,760
6981,348
6982,653
6984,75
6985,235
6987,620
6988,102
6990,749
6991,621
6992,657
6994,730
6995,349
6997,618
6998,738
7000,556
7001,130
7002,236
7004,320
7005,394
7007,485
7008,556
7010,25
7011,518
7012,589
7014,330
7015,148
7017,352
7018,640
7020,126
7021,509
7022,494
7024,263
7025,68
7027,552
7028,105
7030,733
7031,718
7032,75
7034,151
7035,684
7037,245
7038,497
7040,153
7041,64
7042,777
7044,724
7045,183
7047,208
7048,677
7050,189
7051,503
7052,18
7054,676
7055,528
7057,340
7058,389
7060,710
7061,446
7062,623
7064,233
7065,538
7067,300
7068,52
7070,192
7071,768
7072,680
7074,619
7075,436
7077,633
7078,232
7080,348
7081,336
7082,638
7084,51
7085,390
7087,317
7088,547
7090,333
7091,300
7092,267
7094,40
7095,108
7097,148
7098,461
7100,759
7101,322
7102,688
7104,31
7105,758
7107,281
7108,235
7110,297
7111,26
7112,396
7114,536
7115,356
7117,286
7118,144
7120,40
7121,482
7122,601
7124,535
7125,385
7127,27
7128,670
7130,216
7131,752
7132,491
7134,693
7135,166
7137,771
7138,246
7140,489
7141,406
7142,131
7144,13
7145,188
7147,241
7148,580
7150,260
7151,476
7152,276
7154,456
7155,144
7157,253
7158,362
7160,132
7161,763
7162,698
7164,641
7165,618
7167,562
7168,21
7170,591
7171,475
7172,547
7174,210
7175,654
7177,321
7178,281
7180,192
7181,198
7182,135
7184,103
7185,705
7187,719
7188,565
7190,171
7191,357
7192,174
7194,417
7195,457
7197,659
7198,168
7200,762
7201,30
7202,253
7204,554
7205,87
7207,133
7208,311
7210,445
7211,263
7212,17
7214,184
7215,597
7217,529
7218,539
7220,368
7221,736
7222,261
7224,406
7225,3
7227,457
7228,231
7230,654
7231,774
7232,387
7234,621
7235,285
7237,284
7238,780
7240,67
7241,523
7242,441
7244,253
7245,30
7247,764
7248,696
7250,86
7251,237
7252,435
7254,663
7255,112
7257,800
7258,99
7260,390
7261,359
7262,337
7264,485
7265,734
7267,694
7268,718
7270,316
7271,624
7272,289
7274,625
7275,607
7277,83
7278,653
7280,89
7281,324
7282,431
7284,617
7285,337
7287,570
7288,632
7290,633
7291,351
7292,315
7294,356
7295,610
7297,337
7298,424
7300,110
7301,372
7302,420
7304,31
7305,667
7307,117
7308,747
7310,493
7311,24
7312,567
7314,326
7315,103
7317,670
7318,240
7320,442
7321,195
7322,206
7324,658
7325,325
7327,632
7328,320
7330,663
7331,658
7332,797
7334,61
7335,667
7337,629
7338,226
7340,776
7341,681
7342,790
7344,573
7345,421
7347,227
7348,734
7350,470
7351,685
7352,767
7354,242
7355,678
7357,116
7358,144
7360,710
7361,214
7362,429
7364,121
7365,396
7367,214
7368,800
7370,42
7371,612
7372,289
7374,346
7375,238
7377,161
7378,781
7380,119
7381,218
7382,786
7384,224
7385,735
7387,734
7388,376
7390,207
7391,764
7392,52
7394,433
7395,760
7397,471
7398,283
7400,520
7401,152
7402,697
7404,720
7405,791
7407,556
7408,38
7410,485
7411,214
7412,458
7414,495
7415,139
7417,307
7418,473
7420,600
7421,326
7422,556
7424,563
7425,697
7427,296
7428,566
7430,227
7431,515
7432,257
7434,578
7435,446
7437,702
7438,90
7440,333
7441,401
7442,528
7444,740
7445,273
7447,203
7448,501
7450,637
7451,87
7452,612
7454,241
7455,295
7457,269
7458,750
7460,385
7461,575
7462,401
7464,19
7465,677
7467,699
7468,412
7470,329
7471,331
7472,713
7474,139
7475,157
7477,765
7478,761
7480,516
7481,130
7482,183
7484,750
7485,634
7487,702
7488,553
7490,338
7491,365
7492,488
7494,349
7495,635
7497,621
7498,547
7500,160
7501,405
7502,209
7504,583
7505,520
7507,68
7508,469
7510,777
7511,501
7512,439
7514,33
7515,299
7517,540
7518,323
7520,105
7521,749
7522,773
7524,155
7525,72
7527,760
7528,532
7530,707
7531,776
7532,247
7534,747
7535,23
7537,414
7538,210
7540,794
7541,598
7542,222
7544,118
7545,61
7547,22
7548,182
7550,551
7551,595
7552,621
7554,625
7555,377
7557,534
7558,262
7560,143
7561,9
7562,771
7564,678
7565,99
7567,563
7568,124
7570,118
7571,20
7572,434
7574,39
7575,795
7577,286
7578,149
7580,140
7581,710
7582,366
7584,310
7585,761
7587,504
7588,429
7590,188
7591,319
7592,589
7594,670
7595,788
7597,47
7598,725
7600,476
7601,383
7602,597
7604,240
7605,757
7607,199
7608,736
7610,268
7611,791
7612,390
7614,574
7615,70
7617,754
7618,777
7620,156
7621,108
7622,639
7624,717
7625,698
7627,706
7628,677
7630,248
7631,387
7632,768
7634,197
7635,431
7637,586
7638,249
7640,113
7641,397
7642,739
7644,753
7645,675
7647,260
7648,486
7650,119
7651,267
7652,96
7654,559
7655,172
7657,495
7658,667
7660,112
7661,148
7662,421
7664,483
7665,684
7667,299
7668,106
7670,708
7671,448
7672,533
7674,292
7675,590
7677,66
7678,397
7680,199
7681,448
7682,755
7684,523
7685,744
7687,292
7688,258
7690,559
7691,679
7692,327
7694,786
7695,651
7697,316
7698,499
7700,311
7701,307
7702,770
7704,683
7705,30
7707,375
7708,443
7710,244
7711,767
7712,473
7714,14
7715,796
7717,390
7718,749
7720,423
7721,190
7722,485
7724,128
7725,130
7727,271
7728,530
7730,381
7731,210
7732,629
7734,603
7735,477
7737,695
7738,124
7740,690
7741,309
7742,479
7744,667
7745,559
7747,673
7748,223
7750,393
7751,183
7752,37
7754,52
7755,687
7757,82
7758,289
7760,794
7761,26
7762,412
7764,774
7765,529
7767,782
7768,470
7770,186
7771,211
7772,278
7774,790
7775,116
7777,208
7778,43
7780,275
7781,114
7782,642
7784,168
7785,12
7787,212
7788,342
7790,202
7791,698
7792,402
7794,515
7795,25
7797,64
7798,450
7800,616
7801,513
7802,229
7804,56
7805,638
7807,476
7808,210
7810,307
7811,92
7812,557
7814,627
7815,623
7817,495
7818,500
7820,355
7821,613
7822,110
7824,680
7825,174
7827,554
7828,100
7830,713
7831,609
7832,449
7834,181
7835,334
7837,702
7838,206
7840,566
7841,692
7842,64
7844,737
7845,568
7847,426
7848,727
7850,229
7851,754
7852,118
7854,405
7855,156
7857,601
7858,754
7860,780
7861,271
7862,367
7864,135
7865,154
7867,426
7868,393
7870,637
7871,83
7872,350
7874,67
7875,712
7877,791
7878,599
7880,239
7881,606
7882,659
7884,223
7885,556
7887,401
7888,541
7890,200
7891,138
7892,72
7894,800
7895,310
7897,417
7898,275
7900,652
7901,53
7902,524
7904,444
7905,15
7907,688
7908,653
7910,452
7911,389
7912,247
7914,669
7915,194
7917,167
7918,525
7920,108
7921,177
7922,344
7924,456
7925,209
7927,559
7928,514
7930,467
7931,528
7932,664
7934,285
7935,91
7937,675
7938,773
7940,573
7941,342
7942,224
7944,486
7945,368
7947,685
7948,95
7950,311
7951,123
7952,705
7954,318
7955,708
7957,307
7958,381
7960,311
7961,250
7962,259
7964,169
7965,517
7967,337
7968,139
7970,151
7971,506
7972,22
7974,12
7975,674
7977,796
7978,508
7980,786
7981,787
7982,185
7984,465
7985,61
7987,212
7988,749
7990,764
7991,437
7992,308
7994,686
7995,244
7997,438
7998,774
8000,574
8001,653
8002,557
8004,20
8005,85
8007,157
8008,151
8010,237
8011,661
8012,2
8014,354
8015,474
8017,554
8018,388
8020,436
8021,349
8022,147
8024,284
8025,299
8027,760
8028,250
8030,26
8031,759
8032,742
8034,595
8035,53
8037,333
8038,375
8040,389
8041,317
8042,80
8044,317
8045,383
8047,42
8048,167
8050,710
8051,777
8052,558
8054,92
8055,345
8057,744
8058,118
8060,491
8061,197
8062,460
8064,508
8065,153
8067,617
8068,644
8070,80
8071,113
8072,552
8074,367
8075,220
8077,238
8078,191
8080,251
8081,493
8082,237
8084,159
8085,196
8087,376
8088,397
8090,72
8091,160
8092,747
8094,102
8095,431
8097,422
8098,18
8100,670
8101,569
8102,551
8104,533
8105,386
8107,798
8108,494
8110,769
8111,753
8112,667
8114,631
8115,729
8117,612
8118,546
8120,469
8121,425
8122,531
8124,552
8125,542
8127,678
8128,150
8130,372
8131,773
8132,623
8134,403
8135,641
8137,80
8138,264
8140,634
8141,664
8142,535
8144,665
8145,512
8147,243
8148,10
8150,152
8151,632
8152,179
8154,766
8155,186
8157,588
8158,800
8160,737
8161,217
8162,749
8164,540
8165,457
8167,773
8168,728
8170,448
8171,485
8172,316
8174,8
8175,590
8177,247
8178,5
8180,426
8181,437
8182,176
8184,624
8185,510
8187,65
8188,537
8190,417
8191,570
8192,154
8194,743
8195,500
8197,793
8198,197
8200,310
8201,81
8202,518
8204,79
8205,478
8207,699
8208,105
8210,318
8211,730
8212,482
8214,166
8215,232
8217,144
8218,290
8220,6
8221,78
8222,177
8224,392
8225,343
8227,236
8228,648
8230,706
8231,315
8232,340
8234,385
8235,626
8237,615
8238,145
8240,618
8241,683
8242,220
8244,778
8245,357
8247,773
8248,249
8250,577
8251,663
8252,503
8254,360
8255,424
8257,512
8258,393
8260,223
8261,84
8262,481
8264,515
8265,306
8267,406
8268,537
8270,570
8271,425
8272,716
8274,767
8275,743
8277,440
8278,315
8280,203
8281,306
8282,727
8284,107
8285,504
8287,544
8288,666
8290,644
8291,618
8292,58
8294,476
8295,619
8297,399
8298,745
8300,559
8301,735
8302,382
8304,105
8305,705
8307,706
8308,212
8310,405
8311,158
8312,278
8314,494
8315,22
8317,777
8318,215
8320,374
8321,634
8322,48
8324,611
8325,106
8327,173
8328,585
8330,379
8331,29
8332,28
8334,308
8335,637
8337,562
8338,701
8340,425
8341,237
8342,691
8344,136
8345,575
8347,32
8348,201
8350,108
8351,439
8352,225
8354,62
8355,325
8357,417
8358,153
8360,187
8361,511
8362,179
8364,670
8365,790
8367,55
8368,242
8370,512
8371,236
8372,477
8374,565
8375,747
8377,726
8378,339
8380,756
8381,37
8382,93
8384,515
8385,391
8387,414
8388,248
8390,395
8391,780
8392,574
8394,444
8395,122
8397,467
8398,84
8400,14
8401,58
8402,654
8404,666
8405,306
8407,672
8408,729
8410,169
8411,315
8412,368
8414,229
8415,645
8417,182
8418,640
8420,622
8421,440
8422,595
8424,501
8425,674
8427,289
8428,431
8430,247
8431,485
8432,130
8434,289
8435,654
8437,309
8438,71
8440,527
8441,27
8442,235
8444,746
8445,769
8447,660
8448,480
8450,450
8451,272
8452,389
8454,683
8455,99
8457,336
8458,331
8460,87
8461,245
8462,219
8464,687
8465,188
8467,726
8468,50
8470,518
8471,796
8472,124
8474,390
8475,469
8477,369
8478,14
8480,744
8481,74
8482,327
8484,654
8485,537
8487,205
8488,383
8490,787
8491,596
8492,123
8494,256
8495,565
8497,611
8498,588
8500,298
8501,491
8502,426
8504,11
8505,534
8507,235
8508,326
8510,487
8511,663
8512,515
8514,78
8515,736
8517,342
8518,480
8520,58
8521,254
8522,4
8524,587
8525,657
8527,653
8528,293
8530,452
8531,757
8532,469
8534,141
8535,196
8537,388
8538,436
8540,414
8541,310
8542,740
8544,16
8545,671
8547,370
8548,54
8550,88
8551,491
8552,91
8554,226
8555,783
8557,103
8558,150
8560,591
8561,600
8562,32
8564,29
8565,673
8567,70
8568,585
8570,714
8571,395
8572,636
8574,32
8575,561
8577,601
8578,800
8580,516
8581,674
8582,114
8584,442
8585,169
8587,457
8588,143
8590,228
8591,382
8592,701
8594,483
8595,572
8597,449
8598,521
8600,406
8601,428
8602,114
8604,610
8605,579
8607,17
8608,508
8610,495
8611,707
8612,57
8614,86
8615,248
8617,46
8618,122
8620,395
8621,217
8622,140
8624,684
8625,485
8627,526
8628,273
8630,99
8631,440
8632,265
8634,545
8635,375
8637,336
8638,339
8640,478
8641,509
8642,437
8644,735
8645,150
8647,224
8648,142
8650,506
8651,65
8652,114
8654,145
8655,179
8657,139
8658,121
8660,204
8661,481
8662,426
8664,481
8665,130
8667,171
8668,229
8670,246
8671,587
8672,166
8674,352
8675,144
8677,564
8678,308
8680,301
8681,185
8682,4
8684,173
8685,209
8687,293
8688,589
8690,716
8691,568
8692,552
8694,766
8695,476
8697,659
8698,199
8700,268
8701,482
8702,138
8704,209
8705,693
8707,788
8708,284
8710,759
8711,146
8712,659
8714,439
8715,782
8717,314
8718,608
8720,673
8721,348
8722,11
8724,693
8725,164
8727,750
8728,261
8730,277
8731,552
8732,173
8734,305
8735,498
8737,624
8738,10
8740,789
8741,587
8742,713
8744,522
8745,174
8747,625
8748,541
8750,5
8751,312
8752,279
8754,102
8755,689
8757,780
8758,377
8760,383
8761,702
8762,501
8764,570
8765,452
8767,378
8768,303
8770,288
8771,473
8772,712
8774,34
8775,457
8777,198
8778,569
8780,26
8781,431
8782,564
8784,649
8785,128
8787,330
8788,270
8790,433
8791,339
8792,577
8794,731
8795,406
8797,364
8798,441
8800,504
8801,701
8802,65
8804,452
8805,450
8807,456
8808,322
8810,166
8811,52
8812,59
8814,730
8815,140
8817,126
8818,648
8820,338
8821,196
8822,153
8824,176
8825,793
8827,62
8828,749
8830,605
8831,508
8832,417
8834,625
8835,746
8837,244
8838,170
8840,717
8841,412
8842,437
8844,793
8845,54
8847,535
8848,192
8850,615
8851,326
8852,476
8854,73
8855,6
8857,236
8858,632
8860,665
8861,702
8862,562
8864,451
8865,519
8867,406
8868,442
8870,680
8871,17
8872,400
8874,677
8875,537
8877,748
8878,783
8880,73
8881,694
8882,384
8884,31
8885,11
8887,611
8888,745
8890,324
8891,466
8892,448
8894,584
8895,374
8897,132
8898,106
8900,173
8901,496
8902,22
8904,614
8905,481
8907,49
8908,338
8910,123
8911,296
8912,572
8914,217
8915,461
8917,244
8918,795
8920,618
8921,662
8922,262
8924,376
8925,267
8927,694
8928,491
8930,294
8931,711
8932,460
8934,673
8935,753
8937,3
8938,225
8940,753
8941,386
8942,144
8944,742
8945,349
8947,531
8948,334
8950,659
8951,269
8952,309
8954,309
8955,753
8957,402
8958,102
8960,455
8961,510
8962,522
8964,5
8965,240
8967,387
8968,339
8970,363
8971,768
8972,504
8974,342
8975,332
8977,374
8978,578
8980,713
8981,364
8982,683
8984,788
8985,173
8987,32
8988,729
8990,364
8991,629
8992,396
8994,660
8995,620
8997,351
8998,681
9000,206
9001,106
9002,225
9004,673
9005,465
9007,136
9008,769
9010,673
9011,641
9012,549
9014,43
9015,323
9017,203
9018,783
9020,784
9021,275
9022,299
9024,423
9025,609
9027,62
9028,484
9030,409
9031,747
9032,784
9034,70
9035,273
9037,135
9038,63
9040,703
9041,5
9042,400
9044,255
9045,217
9047,407
9048,451
9050,778
9051,195
9052,76
9054,736
9055,400
9057,171
9058,245
9060,301
9061,244
9062,17
9064,54
9065,145
9067,332
9068,408
9070,181
9071,98
9072,19
9074,146
9075,720
9077,668
9078,187
9080,96
9081,24
9082,71
9084,88
9085,638
9087,240
9088,356
9090,242
9091,364
9092,324
9094,303
9095,79
9097,328
9098,207
9100,776
9101,611
9102,70
9104,272
9105,195
9107,324
9108,425
9109,663
9111,454
9112,319
9114,718
9115,452
9117,651
9118,519
9119,575
9121,119
9122,488
9124,420
9125,611
9127,562
9128,519
9129,308
9131,762
9132,730
9134,737
9135,789
9137,82
9138,760
9139,585
9141,746
9142,195
9144,652
9145,408
9147,437
9148,689
9149,358
9151,652
9152,166
9154,569
9155,537
9157,252
9158,174
9159,626
9161,534
9162,214
9164,609
9165,449
9167,183
9168,588
9169,279
9171,23
9172,359
9174,626
9175,342
9177,548
9178,716
9179,765
9181,409
9182,398
9184,429
9185,519
9187,212
9188,670
9189,696
9191,289
9192,381
9194,324
9195,602
9197,339
9198,576
9199,471
9201,346
9202,416
9204,684
9205,784
9207,108
9208,148
9209,144
9211,419
9212,281
9214,438
9215,144
9217,272
9218,546
9219,599
9221,284
9222,305
9224,536
9225,673
9227,395
9228,710
9229,449
9231,394
9232,118
9234,82
9235,292
9237,372
9238,593
9239,643
9241,703
9242,549
9244,762
9245,786
9247,464
9248,567
9249,409
9251,382
9252,321
9254,375
9255,436
9257,314
9258,377
9259,469
9261,753
9262,762
9264,651
9265,693
9267,3
9268,624
9269,689
9271,227
9272,652
9274,568
9275,321
9277,399
9278,260
9279,714
9281,171
9282,679
9284,142
9285,314
9287,201
9288,698
9289,530
9291,357
9292,527
9294,495
9295,2
9297,222
9298,277
9299,316
9301,303
9302,548
9304,49
9305,136
9307,575
9308,483
9309,134
9311,405
9312,243
9314,437
9315,291
9317,642
9318,512
9319,49
9321,520
9322,470
9324,737
9325,308
9327,556
9328,666
9329,490
9331,37
9332,506
9334,413
9335,284
9337,367
9338,796
9339,167
9341,333
9342,403
9344,116
9345,31
9347,312
9348,517
9349,92
9351,184
9352,583
9354,349
9355,118
9357,266
9358,717
9359,69
9361,534
9362,295
9364,562
9365,338
9367,474
9368,329
9369,299
9371,568
9372,68
9374,386
9375,363
9377,568
9378,742
9379,223
9381,421
9382,697
9384,512
9385,751
9387,8
9388,591
9389,304
9391,765
9392,34
9394,410
9395,329
9397,320
9398,424
9399,120
9401,529
9402,628
9404,4
9405,491
9407,352
9408,245
9409,663
9411,508
9412,755
9414,527
9415,495
9417,668
9418,438
9419,261
9421,425
9422,155
9424,172
9425,54
9427,129
9428,474
9429,463
9431,227
9432,300
9434,509
9435,312
9437,84
9438,283
9439,10
9441,27
9442,270
9444,396
9445,333
9447,631
9448,660
9449,452
9451,378
9452,275
9454,348
9455,575
9457,97
9458,660
9459,483
9461,421
9462,550
9464,217
9465,243
9467,149
9468,157
9469,40
9471,317
9472,386
9474,430
9475,140
9477,405
9478,661
9479,606
9481,710
9482,22
9484,771
9485,95
9487,100
9488,255
9489,416
9491,433
9492,558
9494,738
9495,470
9497,558
9498,94
9499,374
9501,779
9502,287
9504,799
9505,728
9507,465
9508,431
9509,687
9511,786
9512,492
9514,484
9515,4
9517,799
9518,758
9519,654
9521,696
9522,543
9524,55
9525,542
9527,644
9528,217
9529,352
9531,48
9532,723
9534,50
9535,798
9537,298
9538,649
9539,237
9541,628
9542,668
9544,717
9545,523
9547,297
9548,486
9549,276
9551,546
9552,659
9554,509
9555,768
9557,5
9558,365
9559,18
9561,372
9562,558
9564,395
9565,146
9567,110
9568,761
9569,73
9571,264
9572,325
9574,57
9575,670
9577,457
9578,741
9579,656
9581,21
9582,371
9584,189
9585,319
9587,355
9588,9
9589,632
9591,539
9592,320
9594,700
9595,481
9597,613
9598,21
9599,63
9601,132
9602,650
9604,508
9605,443
9607,537
9608,411
9609,30
9611,570
9612,544
9614,60
9615,258
9617,487
9618,514
9619,218
9621,407
9622,317
9624,480
9625,562
9627,702
9628,388
9629,336
9631,529
9632,437
9634,197
9635,567
9637,631
9638,26
9639,121
9641,267
9642,240
9644,109
9645,758
9647,112
9648,468
9649,361
9651,679
9652,8
9654,29
9655,174
9657,609
9658,706
9659,135
9661,29
9662,172
9664,606
9665,408
9667,132
9668,40
9669,757
9671,214
9672,573
9674,706
9675,63
9677,384
9678,113
9679,21
9681,347
9682,188
9684,606
9685,699
9687,142
9688,417
9689,764
9691,550
9692,12
9694,370
9695,737
9697,304
9698,453
9699,22
9701,317
9702,120
9704,407
9705,595
9707,4
9708,603
9709,116
9711,507
9712,146
9714,653
9715,488
9717,281
9718,448
9719,633
9721,290
9722,364
9724,772
9725,92
9727,760
9728,692
9729,683
9731,522
9732,251
9734,649
9735,60
9737,590
9738,14
9739,800
9741,297
9742,788
9744,728
9745,239
9747,727
9748,483
9749,523
9751,777
9752,320
9754,68
9755,366
9757,307
9758,131
9759,5
9761,103
9762,121
9764,399
9765,157
9767,218
9768,706
9769,256
9771,502
9772,11
9774,38
9775,739
9777,199
9778,161
9779,1
9781,49
9782,326
9784,294
9785,696
9787,219
9788,518
9789,115
9791,652
9792,440
9794,364
9795,755
9797,163
9798,755
9799,739
9801,764
9802,256
9804,598
9805,371
9807,350
9808,446
9809,129
9811,274
9812,266
9814,391
9815,151
9817,274
9818,787
9819,649
9821,533
9822,634
9824,446
9825,741
9827,712
9828,9
9829,328
9831,662
9832,271
9834,432
9835,154
9837,50
9838,266
9839,458
9841,789
9842,597
9844,257
9845,549
9847,97
9848,1
9849,536
9851,253
9852,510
9854,593
9855,342
9857,319
9858,409
9859,341
9861,488
9862,218
9864,712
9865,195
9867,727
9868,207
9869,474
9871,177
9872,507
9874,196
9875,4
9877,732
9878,688
9879,242
9881,284
9882,533
9884,383
9885,450
9887,55
9888,701
9889,659
9891,469
9892,411
9894,322
9895,54
9897,789
9898,5
9899,785
9901,319
9902,289
9904,305
9905,406
9907,239
9908,384
9909,613
9911,105
9912,709
9914,153
9915,392
9917,300
9918,310
9919,654
9921,130
9922,735
9924,239
9925,467
9927,72
9928,200
9929,534
9931,170
9932,91
9934,91
9935,207
9937,792
9938,698
9939,481
9941,37
9942,350
9944,209
9945,599
9947,487
9948,182
9949,439
9951,556
9952,420
9954,114
9955,178
9957,684
9958,612
9959,540
9961,108
9962,27
9964,372
9965,263
9967,748
9968,66
9969,103
9971,661
9972,51
9974,441
9975,426
9977,140
9978,697
9979,593
9981,79
9982,9
9984,380
9985,562
9987,387
9988,552
9989,57
9991,36
9992,396
9994,315
9995,252
9997,674
9998,179
9999,703
