8000
1,797
2,418
3,41
5,435
6,38
7,496
8,554
10,656
11,730
12,689
13,175
15,659
16,34
17,234
18,648
20,542
21,97
22,532
23,308
25,598
26,748
27,394
28,592
30,589
31,262
32,35
33,135
35,63
36,318
37,596
38,52
40,761
41,611
42,203
43,213
45,719
46,757
47,189
48,360
50,47
51,724
52,371
53,367
55,390
56,247
57,339
58,231
60,751
61,334
62,30
63,308
65,543
66,232
67,369
68,9
70,528
71,541
72,158
73,573
75,323
76,65
77,705
78,278
80,385
81,343
82,154
83,504
85,252
86,189
87,260
88,44
90,320
91,346
92,246
93,586
95,548
96,600
97,206
98,702
100,9
101,131
102,289
103,655
105,2
106,774
107,757
108,617
110,600
111,728
112,426
113,96
115,749
116,212
117,134
118,516
120,653
121,676
122,507
123,740
125,477
126,579
127,313
128,122
130,252
131,725
132,159
133,582
135,218
136,185
137,341
138,232
140,356
141,453
142,797
143,233
145,53
146,603
147,607
148,671
150,600
151,657
152,661
153,222
155,80
156,554
157,77
158,726
160,609
161,789
162,583
163,262
165,182
166,453
167,660
168,69
170,457
171,98
172,756
173,600
175,333
176,373
177,304
178,11
180,109
181,151
182,215
183,161
185,190
186,783
187,631
188,270
190,292
191,188
192,500
193,6
195,104
196,435
197,664
198,293
200,233
201,185
202,18
203,14
205,293
206,374
207,475
208,735
210,708
211,288
212,163
213,118
215,722
216,14
217,321
218,116
220,229
221,686
222,514
223,785
225,423
226,262
227,262
228,269
230,439
231,578
232,581
233,85
235,4
236,61
237,666
238,800
240,115
241,718
242,202
243,41
245,76
246,93
247,166
248,561
250,662
251,586
252,474
253,791
255,558
256,439
257,687
258,373
260,501
261,664
262,111
263,468
265,372
266,732
267,516
268,599
270,23
271,469
272,725
273,518
275,503
276,394
277,607
278,186
280,524
281,26
282,312
283,373
285,732
286,704
287,722
288,794
290,782
291,627
292,34
293,792
295,604
296,270
297,584
298,627
300,699
301,160
302,1
303,182
305,167
306,478
307,651
308,380
310,68
311,60
312,725
313,426
315,217
316,64
317,478
318,718
320,684
321,355
322,747
323,522
325,393
326,597
327,83
328,508
330,258
331,268
332,329
333,551
335,62
336,21
337,286
338,408
340,363
341,449
342,498
343,299
345,745
346,436
347,627
348,640
350,462
351,688
352,528
353,235
355,198
356,469
357,41
358,355
360,645
361,791
362,365
363,768
365,524
366,414
367,97
368,616
370,732
371,473
372,266
373,700
375,23
376,498
377,372
378,397
380,372
381,737
382,562
383,785
385,347
386,41
387,567
388,31
390,180
391,610
392,623
393,118
395,684
396,677
397,142
398,316
400,155
401,90
402,317
403,459
405,519
406,201
407,77
408,88
410,618
411,384
412,260
413,212
415,709
416,609
417,335
418,91
420,713
421,685
422,543
423,788
425,17
426,488
427,418
428,347
430,108
431,576
432,224
433,235
435,445
436,535
437,222
438,44
440,136
441,504
442,82
443,491
445,496
446,764
447,167
448,366
450,28
451,205
452,121
453,345
455,524
456,165
457,590
458,471
460,59
461,742
462,309
463,29
465,500
466,181
467,608
468,234
470,462
471,12
472,455
473,373
475,332
476,769
477,28
478,374
480,353
481,609
482,102
483,411
485,298
486,420
487,97
488,384
490,292
491,281
492,334
493,778
495,104
496,485
497,690
498,469
500,336
501,272
502,784
503,399
505,135
506,789
507,511
508,314
510,17
511,601
512,537
513,592
515,626
516,90
517,718
518,500
520,489
521,339
522,619
523,499
525,290
526,751
527,547
528,581
530,481
531,373
532,352
533,759
535,160
536,396
537,130
538,33
540,299
541,684
542,85
543,543
545,161
546,699
547,301
548,499
550,321
551,453
552,573
553,462
555,181
556,496
557,576
558,742
560,614
561,611
562,706
563,64
565,756
566,564
567,702
568,718
570,530
571,740
572,273
573,442
575,328
576,443
577,160
578,192
580,507
581,761
582,253
583,258
585,606
586,671
587,618
588,703
590,528
591,496
592,530
593,107
595,576
596,778
597,523
598,707
600,264
601,755
602,708
603,737
605,694
606,434
607,21
608,296
610,561
611,218
612,331
613,30
615,617
616,90
617,197
618,127
620,488
621,185
622,593
623,278
625,392
626,90
627,25
628,167
630,409
631,644
632,229
633,644
635,62
636,623
637,221
638,63
640,109
641,140
642,72
643,356
645,21
646,270
647,186
648,769
650,407
651,99
652,578
653,717
655,656
656,722
657,29
658,34
660,120
661,73
662,5
663,671
665,25
666,622
667,668
668,167
670,387
671,184
672,325
673,28
675,508
676,116
677,791
678,301
680,624
681,10
682,184
683,665
685,362
686,260
687,72
688,767
690,132
691,207
692,772
693,227
695,741
696,51
697,633
698,190
700,398
701,501
702,320
703,229
705,502
706,466
707,538
708,535
710,148
711,749
712,298
713,290
715,150
716,249
717,516
718,302
720,169
721,706
722,206
723,1
725,454
726,427
727,502
728,304
730,753
731,779
732,457
733,559
735,684
736,321
737,380
738,221
740,410
741,631
742,238
743,57
745,800
746,10
747,329
748,373
750,673
751,701
752,632
753,579
755,138
756,417
757,356
758,104
760,452
761,697
762,308
763,586
765,542
766,386
767,407
768,400
770,367
771,546
772,55
773,723
775,461
776,711
777,245
778,168
780,107
781,648
782,659
783,165
785,377
786,484
787,101
788,574
790,54
791,107
792,404
793,6
795,84
796,131
797,57
798,67
800,210
801,610
802,305
803,17
805,573
806,95
807,387
808,496
810,69
811,608
812,547
813,89
815,257
816,335
817,422
818,154
820,78
821,679
822,621
823,263
825,272
826,412
827,137
828,133
830,722
831,321
832,669
833,681
835,209
836,115
837,60
838,241
840,278
841,258
842,93
843,563
845,200
846,10
847,75
848,71
850,479
851,516
852,156
853,322
855,716
856,654
857,326
858,247
860,721
861,730
862,636
863,749
865,400
866,269
867,405
868,664
870,64
871,560
872,44
873,561
875,492
876,413
877,412
878,734
880,61
881,671
882,281
883,248
885,575
886,637
887,491
888,457
890,61
891,148
892,38
893,325
895,188
896,71
897,414
898,533
900,17
901,9
902,621
903,699
905,249
906,132
907,217
908,721
910,451
911,283
912,93
913,82
915,16
916,292
917,675
918,672
920,608
921,720
922,629
923,151
925,746
926,689
927,203
928,457
930,47
931,191
932,564
933,183
935,177
936,743
937,183
938,577
940,301
941,460
942,437
943,64
945,580
946,738
947,491
948,709
950,257
951,175
952,515
953,209
955,518
956,746
957,38
958,575
960,683
961,350
962,283
963,691
965,661
966,238
967,493
968,158
970,759
971,417
972,203
973,500
975,589
976,377
977,390
978,688
980,37
981,88
982,623
983,456
985,523
986,734
987,610
988,5
990,286
991,116
992,123
993,675
995,533
996,800
997,29
998,113
1000,243
1001,10
1002,608
1003,521
1005,358
1006,69
1007,311
1008,153
1010,534
1011,565
1012,213
1013,345
1015,776
1016,243
1017,657
1018,193
1020,188
1021,89
1022,130
1023,542
1025,475
1026,531
1027,282
1028,670
1030,786
1031,571
1032,436
1033,19
1035,145
1036,415
1037,217
1038,81
1040,101
1041,276
1042,226
1043,419
1045,166
1046,436
1047,237
1048,152
1050,444
1051,617
1052,719
1053,191
1055,791
1056,568
1057,485
1058,695
1060,390
1061,179
1062,658
1063,434
1065,398
1066,760
1067,800
1068,169
1070,284
1071,160
1072,661
1073,631
1075,335
1076,390
1077,533
1078,561
1080,208
1081,87
1082,648
1083,180
1085,306
1086,10
1087,243
1088,204
1090,420
1091,478
1092,205
1093,254
1095,428
1096,148
1097,458
1098,746
1100,125
1101,526
1102,790
1103,683
1105,717
1106,126
1107,102
1108,285
1110,196
1111,644
1112,77
1113,392
1115,124
1116,66
1117,571
1118,88
1120,521
1121,768
1122,113
1123,508
1125,680
1126,640
1127,49
1128,507
1130,375
1131,656
1132,792
1133,641
1135,73
1136,147
1137,459
1138,309
1140,92
1141,671
1142,727
1143,667
1145,216
1146,661
1147,34
1148,238
1150,60
1151,97
1152,622
1153,517
1155,326
1156,32
1157,704
1158,620
1160,476
1161,664
1162,420
1163,304
1165,79
1166,305
1167,489
1168,628
1170,723
1171,740
1172,132
1173,85
1175,155
1176,104
1177,478
1178,625
1180,584
1181,267
1182,26
1183,384
1185,538
1186,375
1187,205
1188,398
1190,152
1191,691
1192,79
1193,794
1195,293
1196,228
1197,192
1198,701
1200,262
1201,364
1202,363
1203,562
1205,372
1206,664
1207,265
1208,521
1210,709
1211,477
1212,283
1213,489
1215,786
1216,535
1217,22
1218,282
1220,55
1221,800
1222,330
1223,46
1225,480
1226,516
1227,51
1228,603
1230,311
1231,671
1232,658
1233,626
1235,462
1236,646
1237,291
1238,28
1240,693
1241,133
1242,570
1243,456
1245,509
1246,414
1247,112
1248,140
1250,123
1251,256
1252,5
1253,468
1255,15
1256,137
1257,125
1258,280
1260,295
1261,320
1262,307
1263,664
1265,95
1266,219
1267,296
1268,278
1270,563
1271,135
1272,183
1273,275
1275,305
1276,639
1277,366
1278,218
1280,80
1281,742
1282,534
1283,35
1285,318
1286,42
1287,755
1288,57
1290,431
1291,179
1292,35
1293,289
1295,274
1296,392
1297,759
1298,496
1300,604
1301,373
1302,383
1303,47
1305,182
1306,162
1307,608
1308,347
1310,342
1311,614
1312,280
1313,700
1315,476
1316,21
1317,598
1318,177
1320,104
1321,492
1322,648
1323,713
1325,498
1326,381
1327,272
1328,677
1330,490
1331,150
1332,578
1333,614
1335,625
1336,772
1337,43
1338,352
1340,163
1341,327
1342,481
1343,187
1345,393
1346,20
1347,661
1348,551
1350,311
1351,51
1352,355
1353,400
1355,357
1356,373
1357,98
1358,459
1360,689
1361,449
1362,446
1363,361
1365,424
1366,560
1367,450
1368,58
1370,476
1371,145
1372,592
1373,639
1375,407
1376,543
1377,55
1378,481
1380,607
1381,700
1382,350
1383,454
1385,723
1386,117
1387,599
1388,168
1390,389
1391,776
1392,586
1393,454
1395,605
1396,144
1397,12
1398,642
1400,674
1401,268
1402,230
1403,595
1405,139
1406,163
1407,550
1408,723
1410,406
1411,694
1412,471
1413,438
1415,684
1416,766
1417,41
1418,593
1420,799
1421,292
1422,107
1423,587
1425,13
1426,84
1427,89
1428,521
1430,370
1431,90
1432,307
1433,167
1435,305
1436,360
1437,437
1438,86
1440,287
1441,623
1442,511
1443,673
1445,154
1446,779
1447,65
1448,681
1450,457
1451,363
1452,132
1453,304
1455,297
1456,105
1457,223
1458,742
1460,599
1461,711
1462,165
1463,685
1465,243
1466,106
1467,786
1468,505
1470,746
1471,241
1472,588
1473,103
1475,712
1476,123
1477,725
1478,505
1480,618
1481,240
1482,42
1483,383
1485,644
1486,557
1487,77
1488,637
1490,694
1491,628
1492,498
1493,289
1495,103
1496,428
1497,213
1498,393
1500,42
1501,704
1502,576
1503,596
1505,634
1506,784
1507,195
1508,295
1510,533
1511,204
1512,626
1513,537
1515,401
1516,318
1517,1
1518,732
1520,87
1521,320
1522,454
1523,735
1525,49
1526,160
1527,23
1528,215
1530,186
1531,557
1532,386
1533,744
1535,230
1536,610
1537,22
1538,87
1540,306
1541,285
1542,559
1543,314
1545,743
1546,782
1547,123
1548,467
1550,90
1551,460
1552,729
1553,86
1555,214
1556,314
1557,263
1558,481
1560,723
1561,371
1562,689
1563,51
1565,267
1566,119
1567,252
1568,772
1570,338
1571,487
1572,789
1573,666
1575,722
1576,143
1577,468
1578,107
1580,87
1581,263
1582,638
1583,565
1585,561
1586,288
1587,149
1588,510
1590,141
1591,773
1592,698
1593,158
1595,409
1596,471
1597,102
1598,322
1600,233
1601,636
1602,439
1603,660
1605,58
1606,787
1607,785
1608,412
1610,402
1611,306
1612,564
1613,235
1615,787
1616,530
1617,589
1618,147
1620,171
1621,374
1622,180
1623,401
1625,11
1626,658
1627,78
1628,749
1630,203
1631,571
1632,17
1633,790
1635,405
1636,43
1637,606
1638,240
1640,276
1641,725
1642,578
1643,585
1645,633
1646,93
1647,275
1648,406
1650,411
1651,328
1652,317
1653,354
1655,644
1656,500
1657,51
1658,776
1660,207
1661,5
1662,725
1663,592
1665,247
1666,281
1667,201
1668,455
1670,402
1671,326
1672,633
1673,690
1675,333
1676,80
1677,271
1678,5
1680,533
1681,37
1682,597
1683,639
1685,261
1686,296
1687,769
1688,607
1690,294
1691,773
1692,84
1693,795
1695,372
1696,203
1697,160
1698,306
1700,478
1701,729
1702,725
1703,14
1705,349
1706,225
1707,160
1708,165
1710,302
1711,729
1712,345
1713,678
1715,380
1716,134
1717,515
1718,535
1720,183
1721,796
1722,241
1723,512
1725,258
1726,537
1727,666
1728,664
1730,2
1731,650
1732,422
1733,138
1735,555
1736,18
1737,271
1738,657
1740,678
1741,227
1742,78
1743,246
1745,621
1746,494
1747,402
1748,199
1750,320
1751,472
1752,788
1753,128
1755,342
1756,763
1757,184
1758,669
1760,376
1761,78
1762,544
1763,666
1765,792
1766,797
1767,678
1768,645
1770,629
1771,30
1772,490
1773,711
1775,733
1776,357
1777,797
1778,623
1780,479
1781,23
1782,61
1783,755
1785,493
1786,481
1787,644
1788,171
1790,159
1791,625
1792,417
1793,9
1795,165
1796,632
1797,662
1798,526
1800,502
1801,436
1802,263
1803,423
1805,77
1806,446
1807,392
1808,244
1810,135
1811,127
1812,337
1813,136
1815,448
1816,66
1817,24
1818,541
1820,308
1821,611
1822,269
1823,691
1825,611
1826,424
1827,131
1828,314
1830,619
1831,417
1832,495
1833,529
1835,698
1836,223
1837,784
1838,275
1840,266
1841,733
1842,514
1843,261
1845,168
1846,200
1847,626
1848,606
1850,472
1851,378
1852,184
1853,664
1855,492
1856,635
1857,713
1858,756
1860,717
1861,780
1862,549
1863,81
1865,341
1866,657
1867,497
1868,588
1870,30
1871,414
1872,75
1873,570
1875,636
1876,130
1877,744
1878,703
1880,361
1881,771
1882,6
1883,301
1885,167
1886,275
1887,393
1888,739
1890,500
1891,522
1892,713
1893,322
1895,352
1896,194
1897,119
1898,286
1900,357
1901,350
1902,731
1903,414
1905,267
1906,264
1907,23
1908,3
1910,467
1911,297
1912,785
1913,537
1915,74
1916,372
1917,608
1918,777
1920,140
1921,517
1922,78
1923,598
1925,10
1926,340
1927,459
1928,532
1930,317
1931,479
1932,347
1933,251
1935,664
1936,522
1937,195
1938,491
1940,551
1941,695
1942,571
1943,637
1945,82
1946,737
1947,100
1948,129
1950,577
1951,42
1952,618
1953,594
1955,247
1956,691
1957,620
1958,215
1960,288
1961,335
1962,333
1963,40
1965,475
1966,469
1967,705
1968,769
1970,174
1971,425
1972,742
1973,249
1975,254
1976,651
1977,403
1978,136
1980,465
1981,674
1982,678
1983,546
1985,692
1986,224
1987,689
1988,19
1990,601
1991,498
1992,712
1993,708
1995,285
1996,258
1997,115
1998,649
2000,95
2001,614
2002,72
2003,227
2005,170
2006,701
2007,86
2008,147
2010,407
2011,276
2012,465
2013,113
2015,589
2016,267
2017,329
2018,263
2020,482
2021,761
2022,456
2023,374
2025,112
2026,788
2027,777
2028,121
2030,396
2031,167
2032,336
2033,90
2035,555
2036,776
2037,628
2038,593
2040,531
2041,793
2042,734
2043,776
2045,740
2046,785
2047,788
2048,496
2050,749
2051,165
2052,84
2053,376
2055,25
2056,117
2057,86
2058,450
2060,175
2061,172
2062,233
2063,589
2065,762
2066,658
2067,644
2068,797
2070,56
2071,181
2072,78
2073,35
2075,612
2076,186
2077,405
2078,209
2080,315
2081,196
2082,523
2083,400
2085,256
2086,142
2087,597
2088,188
2090,662
2091,320
2092,252
2093,57
2095,251
2096,211
2097,129
2098,83
2100,479
2101,595
2102,402
2103,277
2105,167
2106,283
2107,317
2108,236
2110,738
2111,686
2112,427
2113,564
2115,545
2116,167
2117,313
2118,674
2120,190
2121,660
2122,451
2123,609
2125,420
2126,416
2127,648
2128,559
2130,654
2131,344
2132,792
2133,192
2135,143
2136,626
2137,464
2138,622
2140,461
2141,520
2142,751
2143,542
2145,252
2146,588
2147,633
2148,574
2150,83
2151,612
2152,560
2153,469
2155,125
2156,246
2157,349
2158,544
2160,194
2161,557
2162,169
2163,797
2165,357
2166,224
2167,595
2168,524
2170,604
2171,295
2172,781
2173,385
2175,206
2176,109
2177,58
2178,63
2180,699
2181,164
2182,3
2183,89
2185,44
2186,626
2187,498
2188,609
2190,638
2191,61
2192,526
2193,749
2195,553
2196,94
2197,351
2198,325
2200,334
2201,233
2202,403
2203,731
2205,216
2206,518
2207,363
2208,193
2210,683
2211,361
2212,436
2213,341
2215,23
2216,486
2217,449
2218,411
2220,450
2221,204
2222,347
2223,624
2225,563
2226,231
2227,751
2228,717
2230,79
2231,480
2232,433
2233,253
2235,9
2236,436
2237,109
2238,36
2240,660
2241,430
2242,790
2243,48
2245,167
2246,530
2247,515
2248,687
2250,79
2251,742
2252,1
2253,15
2255,706
2256,57
2257,755
2258,141
2260,621
2261,705
2262,175
2263,437
2265,326
2266,476
2267,217
2268,768
2270,37
2271,243
2272,630
2273,324
2275,595
2276,155
2277,474
2278,175
2280,732
2281,116
2282,311
2283,344
2285,397
2286,334
2287,408
2288,155
2290,717
2291,131
2292,428
2293,748
2295,338
2296,10
2297,86
2298,466
2300,547
2301,247
2302,617
2303,200
2305,643
2306,322
2307,774
2308,645
2310,713
2311,27
2312,496
2313,37
2315,289
2316,792
2317,669
2318,487
2320,102
2321,115
2322,329
2323,264
2325,510
2326,395
2327,554
2328,392
2330,784
2331,786
2332,268
2333,210
2335,25
2336,617
2337,156
2338,605
2340,561
2341,55
2342,276
2343,156
2345,711
2346,675
2347,610
2348,157
2350,509
2351,395
2352,621
2353,443
2355,287
2356,51
2357,598
2358,529
2360,576
2361,538
2362,622
2363,394
2365,725
2366,522
2367,380
2368,50
2370,451
2371,217
2372,749
2373,343
2375,542
2376,41
2377,88
2378,446
2380,764
2381,331
2382,565
2383,708
2385,116
2386,639
2387,482
2388,758
2390,646
2391,372
2392,396
2393,210
2395,555
2396,705
2397,156
2398,441
2400,696
2401,6
2402,418
2403,354
2405,69
2406,626
2407,191
2408,63
2410,595
2411,659
2412,667
2413,299
2415,782
2416,541
2417,227
2418,217
2420,3
2421,776
2422,39
2423,15
2425,730
2426,370
2427,579
2428,261
2430,386
2431,222
2432,593
2433,262
2435,374
2436,498
2437,343
2438,304
2440,5
2441,685
2442,434
2443,89
2445,380
2446,73
2447,124
2448,456
2450,120
2451,352
2452,270
2453,786
2455,401
2456,473
2457,552
2458,350
2460,640
2461,526
2462,131
2463,579
2465,6
2466,129
2467,780
2468,557
2470,459
2471,433
2472,555
2473,622
2475,689
2476,652
2477,567
2478,514
2480,326
2481,711
2482,306
2483,559
2485,103
2486,434
2487,116
2488,563
2490,685
2491,224
2492,539
2493,604
2495,269
2496,96
2497,82
2498,744
2500,725
2501,675
2502,689
2503,41
2505,479
2506,338
2507,317
2508,331
2510,281
2511,90
2512,376
2513,656
2515,254
2516,164
2517,161
2518,745
2520,31
2521,422
2522,226
2523,629
2525,287
2526,443
2527,57
2528,246
2530,421
2531,364
2532,281
2533,592
2535,715
2536,376
2537,489
2538,238
2540,769
2541,610
2542,509
2543,567
2545,261
2546,233
2547,30
2548,775
2550,180
2551,257
2552,92
2553,309
2555,785
2556,719
2557,90
2558,715
2560,514
2561,783
2562,378
2563,567
2565,381
2566,751
2567,154
2568,511
2570,656
2571,704
2572,605
2573,565
2575,774
2576,390
2577,309
2578,274
2580,318
2581,135
2582,473
2583,44
2585,540
2586,715
2587,33
2588,310
2590,615
2591,355
2592,661
2593,753
2595,302
2596,586
2597,61
2598,355
2600,64
2601,419
2602,573
2603,127
2605,637
2606,76
2607,692
2608,320
2610,39
2611,299
2612,14
2613,459
2615,40
2616,527
2617,548
2618,762
2620,324
2621,200
2622,480
2623,270
2625,478
2626,210
2627,770
2628,697
2630,4
2631,341
2632,351
2633,420
2635,279
2636,727
2637,635
2638,173
2640,740
2641,41
2642,84
2643,47
2645,700
2646,361
2647,389
2648,13
2650,60
2651,4
2652,88
2653,66
2655,706
2656,297
2657,97
2658,148
2660,118
2661,635
2662,584
2663,144
2665,307
2666,316
2667,278
2668,557
2670,741
2671,687
2672,125
2673,53
2675,194
2676,698
2677,734
2678,221
2680,238
2681,676
2682,81
2683,536
2685,15
2686,126
2687,565
2688,121
2690,375
2691,552
2692,169
2693,586
2695,218
2696,329
2697,140
2698,483
2700,182
2701,472
2702,730
2703,259
2705,628
2706,462
2707,443
2708,285
2710,223
2711,158
2712,425
2713,739
2715,273
2716,355
2717,154
2718,61
2720,770
2721,496
2722,665
2723,769
2725,15
2726,22
2727,691
2728,385
2730,725
2731,35
2732,246
2733,758
2735,119
2736,581
2737,763
2738,683
2740,324
2741,79
2742,685
2743,493
2745,309
2746,762
2747,666
2748,771
2750,469
2751,195
2752,557
2753,556
2755,438
2756,157
2757,676
2758,534
2760,533
2761,646
2762,506
2763,174
2765,125
2766,586
2767,559
2768,568
2770,665
2771,385
2772,39
2773,406
2775,699
2776,338
2777,165
2778,402
2780,448
2781,287
2782,179
2783,200
2785,183
2786,263
2787,518
2788,709
2790,347
2791,685
2792,678
2793,212
2795,256
2796,68
2797,171
2798,122
2800,582
2801,74
2802,675
2803,729
2805,358
2806,192
2807,236
2808,676
2810,280
2811,444
2812,687
2813,183
2815,641
2816,20
2817,470
2818,95
2820,730
2821,118
2822,34
2823,202
2825,541
2826,206
2827,204
2828,520
2830,792
2831,752
2832,781
2833,87
2835,689
2836,265
2837,516
2838,318
2840,703
2841,162
2842,681
2843,648
2845,113
2846,411
2847,229
2848,574
2850,312
2851,456
2852,231
2853,706
2855,69
2856,787
2857,135
2858,484
2860,384
2861,318
2862,305
2863,180
2865,438
2866,276
2867,420
2868,64
2870,632
2871,523
2872,676
2873,673
2875,435
2876,438
2877,500
2878,791
2880,287
2881,748
2882,307
2883,277
2885,371
2886,355
2887,239
2888,599
2890,80
2891,333
2892,501
2893,303
2895,595
2896,336
2897,159
2898,627
2900,644
2901,679
2902,211
2903,265
2905,382
2906,656
2907,15
2908,560
2910,609
2911,719
2912,183
2913,18
2915,484
2916,97
2917,138
2918,354
2920,201
2921,362
2922,42
2923,181
2925,494
2926,43
2927,528
2928,778
2930,405
2931,544
2932,599
2933,153
2935,768
2936,113
2937,99
2938,182
2940,729
2941,774
2942,671
2943,431
2945,438
2946,285
2947,251
2948,300
2950,404
2951,25
2952,308
2953,165
2955,56
2956,673
2957,376
2958,527
2960,59
2961,653
2962,119
2963,239
2965,23
2966,744
2967,272
2968,248
2970,331
2971,788
2972,185
2973,24
2975,524
2976,713
2977,671
2978,272
2980,419
2981,83
2982,640
2983,85
2985,123
2986,103
2987,463
2988,167
2990,654
2991,673
2992,635
2993,195
2995,760
2996,624
2997,608
2998,506
3000,500
3001,614
3002,550
3003,535
3005,676
3006,737
3007,129
3008,65
3010,448
3011,473
3012,562
3013,619
3015,226
3016,683
3017,169
3018,559
3020,427
3021,724
3022,44
3023,259
3025,103
3026,117
3027,317
3028,547
3030,382
3031,620
3032,109
3033,669
3035,530
3036,338
3037,380
3038,329
3040,55
3041,618
3042,559
3043,45
3045,542
3046,65
3047,192
3048,629
3050,15
3051,201
3052,362
3053,516
3055,719
3056,327
3057,670
3058,499
3060,571
3061,778
3062,516
3063,399
3065,93
3066,643
3067,676
3068,54
3070,214
3071,327
3072,420
3073,266
3075,583
3076,39
3077,501
3078,243
3080,223
3081,240
3082,619
3083,336
3085,485
3086,685
3087,555
3088,92
3090,683
3091,237
3092,231
3093,507
3095,376
3096,113
3097,46
3098,20
3100,550
3101,623
3102,728
3103,162
3105,153
3106,569
3107,652
3108,37
3110,206
3111,139
3112,790
3113,629
3115,558
3116,286
3117,357
3118,267
3120,343
3121,290
3122,688
3123,650
3125,335
3126,427
3127,467
3128,183
3130,16
3131,798
3132,512
3133,144
3135,343
3136,70
3137,174
3138,378
3140,111
3141,658
3142,730
3143,601
3145,584
3146,602
3147,474
3148,503
3150,263
3151,261
3152,158
3153,201
3155,271
3156,282
3157,219
3158,766
3160,666
3161,241
3162,240
3163,400
3165,91
3166,742
3167,98
3168,215
3170,415
3171,124
3172,735
3173,76
3175,389
3176,200
3177,144
3178,431
3180,225
3181,37
3182,83
3183,761
3185,430
3186,329
3187,543
3188,231
3190,762
3191,140
3192,362
3193,272
3195,56
3196,375
3197,551
3198,7
3200,27
3201,657
3202,106
3203,261
3205,514
3206,262
3207,96
3208,109
3210,642
3211,763
3212,96
3213,593
3215,554
3216,274
3217,72
3218,302
3220,462
3221,392
3222,194
3223,69
3225,171
3226,264
3227,694
3228,288
3230,178
3231,441
3232,729
3233,18
3235,520
3236,764
3237,723
3238,734
3240,122
3241,223
3242,504
3243,259
3245,730
3246,549
3247,549
3248,410
3250,339
3251,44
3252,546
3253,365
3255,594
3256,642
3257,311
3258,447
3260,559
3261,168
3262,453
3263,124
3265,627
3266,107
3267,455
3268,545
3270,104
3271,430
3272,56
3273,540
3275,81
3276,400
3277,321
3278,130
3280,372
3281,174
3282,79
3283,465
3285,23
3286,52
3287,143
3288,95
3290,754
3291,761
3292,477
3293,186
3295,431
3296,35
3297,57
3298,119
3300,595
3301,346
3302,165
3303,290
3305,446
3306,393
3307,311
3308,396
3310,72
3311,349
3312,399
3313,311
3315,727
3316,94
3317,656
3318,787
3320,207
3321,122
3322,731
3323,284
3325,635
3326,259
3327,322
3328,202
3330,62
3331,451
3332,604
3333,516
3335,1
3336,767
3337,163
3338,36
3340,562
3341,778
3342,689
3343,687
3345,212
3346,353
3347,759
3348,472
3350,580
3351,797
3352,655
3353,410
3355,354
3356,215
3357,74
3358,267
3360,727
3361,488
3362,660
3363,349
3365,362
3366,54
3367,52
3368,436
3370,88
3371,68
3372,451
3373,18
3375,100
3376,541
3377,546
3378,449
3380,141
3381,710
3382,570
3383,583
3385,335
3386,760
3387,770
3388,558
3390,712
3391,706
3392,748
3393,372
3395,520
3396,201
3397,667
3398,73
3400,185
3401,327
3402,392
3403,610
3405,554
3406,666
3407,376
3408,790
3410,430
3411,69
3412,639
3413,704
3415,233
3416,454
3417,200
3418,204
3420,273
3421,316
3422,475
3423,185
3425,752
3426,588
3427,451
3428,110
3430,761
3431,325
3432,414
3433,621
3435,787
3436,657
3437,783
3438,414
3440,52
3441,163
3442,220
3443,227
3445,710
3446,426
3447,379
3448,162
3450,781
3451,688
3452,568
3453,475
3455,660
3456,396
3457,604
3458,14
3460,128
3461,22
3462,331
3463,229
3465,25
3466,265
3467,703
3468,571
3470,250
3471,394
3472,588
3473,318
3475,476
3476,62
3477,536
3478,771
3480,94
3481,210
3482,235
3483,61
3485,479
3486,122
3487,544
3488,768
3490,253
3491,18
3492,301
3493,259
3495,644
3496,261
3497,535
3498,320
3500,685
3501,40
3502,655
3503,172
3505,237
3506,326
3507,682
3508,687
3510,159
3511,728
3512,187
3513,198
3515,606
3516,473
3517,315
3518,663
3520,43
3521,406
3522,565
3523,566
3525,254
3526,549
3527,714
3528,763
3530,97
3531,286
3532,255
3533,160
3535,102
3536,544
3537,675
3538,162
3540,498
3541,94
3542,93
3543,587
3545,93
3546,267
3547,260
3548,22
3550,543
3551,588
3552,295
3553,15
3555,451
3556,626
3557,299
3558,617
3560,669
3561,643
3562,208
3563,679
3565,371
3566,268
3567,653
3568,654
3570,229
3571,738
3572,281
3573,591
3575,648
3576,749
3577,422
3578,241
3580,472
3581,146
3582,354
3583,149
3585,210
3586,799
3587,282
3588,281
3590,759
3591,70
3592,551
3593,178
3595,678
3596,444
3597,159
3598,127
3600,255
3601,391
3602,67
3603,111
3605,508
3606,755
3607,6
3608,317
3610,750
3611,310
3612,549
3613,421
3615,443
3616,393
3617,500
3618,591
3620,35
3621,534
3622,145
3623,29
3625,625
3626,704
3627,631
3628,416
3630,683
3631,75
3632,531
3633,401
3635,304
3636,137
3637,575
3638,628
3640,67
3641,130
3642,588
3643,242
3645,83
3646,558
3647,56
3648,213
3650,470
3651,514
3652,237
3653,114
3655,443
3656,207
3657,173
3658,39
3660,711
3661,690
3662,506
3663,487
3665,85
3666,284
3667,83
3668,752
3670,538
3671,92
3672,534
3673,135
3675,235
3676,310
3677,143
3678,659
3680,429
3681,581
3682,390
3683,408
3685,447
3686,50
3687,90
3688,407
3690,430
3691,513
3692,413
3693,272
3695,444
3696,344
3697,248
3698,675
3700,290
3701,476
3702,747
3703,59
3705,347
3706,220
3707,372
3708,97
3710,116
3711,179
3712,168
3713,16
3715,621
3716,663
3717,488
3718,30
3720,194
3721,531
3722,704
3723,795
3725,87
3726,783
3727,352
3728,582
3730,426
3731,401
3732,721
3733,375
3735,134
3736,377
3737,692
3738,520
3740,6
3741,112
3742,178
3743,553
3745,276
3746,625
3747,46
3748,262
3750,596
3751,737
3752,334
3753,303
3755,799
3756,496
3757,370
3758,186
3760,417
3761,461
3762,408
3763,729
3765,422
3766,241
3767,409
3768,256
3770,529
3771,682
3772,267
3773,122
3775,337
3776,311
3777,36
3778,789
3780,706
3781,301
3782,53
3783,238
3785,544
3786,293
3787,530
3788,377
3790,172
3791,91
3792,614
3793,322
3795,242
3796,217
3797,395
3798,779
3800,229
3801,781
3802,60
3803,371
3805,599
3806,396
3807,109
3808,797
3810,410
3811,349
3812,302
3813,173
3815,462
3816,179
3817,592
3818,558
3820,20
3821,164
3822,95
3823,37
3825,524
3826,160
3827,386
3828,204
3830,274
3831,272
3832,52
3833,505
3835,506
3836,637
3837,731
3838,428
3840,106
3841,254
3842,536
3843,202
3845,493
3846,460
3847,742
3848,444
3850,463
3851,762
3852,710
3853,694
3855,152
3856,650
3857,258
3858,432
3860,140
3861,164
3862,39
3863,314
3865,190
3866,553
3867,169
3868,459
3870,789
3871,190
3872,541
3873,632
3875,181
3876,84
3877,609
3878,89
3880,548
3881,225
3882,263
3883,719
3885,702
3886,238
3887,797
3888,716
3890,726
3891,129
3892,690
3893,91
3895,327
3896,634
3897,528
3898,11
3900,590
3901,436
3902,564
3903,271
3905,616
3906,247
3907,294
3908,122
3910,286
3911,218
3912,9
3913,674
3915,434
3916,499
3917,441
3918,222
3920,144
3921,252
3922,655
3923,727
3925,348
3926,486
3927,727
3928,236
3930,3
3931,181
3932,446
3933,358
3935,438
3936,683
3937,306
3938,356
3940,795
3941,118
3942,428
3943,738
3945,671
3946,514
3947,692
3948,361
3950,436
3951,569
3952,204
3953,231
3955,359
3956,146
3957,124
3958,555
3960,251
3961,334
3962,547
3963,628
3965,672
3966,261
3967,705
3968,742
3970,788
3971,256
3972,665
3973,614
3975,711
3976,195
3977,313
3978,254
3980,460
3981,76
3982,202
3983,762
3985,316
3986,585
3987,668
3988,641
3990,238
3991,672
3992,277
3993,578
3995,525
3996,111
3997,755
3998,52
4000,262
4001,139
4002,432
4003,312
4005,32
4006,77
4007,187
4008,508
4010,791
4011,374
4012,608
4013,449
4015,593
4016,420
4017,499
4018,686
4020,138
4021,237
4022,610
4023,1
4025,107
4026,496
4027,568
4028,644
4030,40
4031,358
4032,170
4033,504
4035,322
4036,607
4037,139
4038,280
4040,285
4041,34
4042,496
4043,450
4045,304
4046,456
4047,70
4048,755
4050,652
4051,516
4052,396
4053,260
4055,605
4056,464
4057,52
4058,696
4060,404
4061,317
4062,258
4063,511
4065,87
4066,145
4067,431
4068,788
4070,159
4071,431
4072,199
4073,351
4075,311
4076,683
4077,500
4078,172
4080,6
4081,715
4082,452
4083,787
4085,672
4086,687
4087,254
4088,271
4090,673
4091,108
4092,287
4093,196
4095,385
4096,690
4097,7
4098,651
4100,427
4101,748
4102,773
4103,746
4105,485
4106,147
4107,458
4108,535
4110,510
4111,253
4112,43
4113,660
4115,769
4116,518
4117,389
4118,598
4120,170
4121,632
4122,374
4123,229
4125,435
4126,175
4127,600
4128,628
4130,135
4131,91
4132,172
4133,100
4135,136
4136,724
4137,459
4138,112
4140,747
4141,607
4142,139
4143,140
4145,215
4146,488
4147,62
4148,119
4150,421
4151,320
4152,321
4153,209
4155,440
4156,736
4157,396
4158,327
4160,252
4161,22
4162,136
4163,338
4165,399
4166,798
4167,495
4168,396
4170,21
4171,409
4172,52
4173,446
4175,678
4176,59
4177,373
4178,701
4180,639
4181,547
4182,626
4183,705
4185,373
4186,176
4187,338
4188,52
4190,262
4191,239
4192,387
4193,657
4195,277
4196,301
4197,261
4198,199
4200,325
4201,337
4202,643
4203,221
4205,473
4206,659
4207,203
4208,760
4210,343
4211,81
4212,725
4213,287
4215,488
4216,458
4217,790
4218,365
4220,496
4221,326
4222,135
4223,17
4225,736
4226,297
4227,316
4228,46
4230,64
4231,113
4232,309
4233,183
4235,198
4236,226
4237,181
4238,285
4240,740
4241,671
4242,471
4243,425
4245,674
4246,40
4247,36
4248,139
4250,58
4251,685
4252,675
4253,189
4255,157
4256,560
4257,242
4258,642
4260,391
4261,531
4262,522
4263,414
4265,457
4266,69
4267,626
4268,527
4270,744
4271,514
4272,654
4273,128
4275,25
4276,274
4277,725
4278,458
4280,391
4281,790
4282,696
4283,624
4285,717
4286,359
4287,506
4288,196
4290,396
4291,433
4292,352
4293,578
4295,629
4296,280
4297,759
4298,530
4300,460
4301,515
4302,144
4303,782
4305,563
4306,295
4307,154
4308,356
4310,726
4311,265
4312,79
4313,638
4315,638
4316,666
4317,539
4318,356
4320,794
4321,363
4322,334
4323,713
4325,616
4326,119
4327,289
4328,64
4330,381
4331,452
4332,260
4333,280
4335,55
4336,618
4337,483
4338,151
4340,667
4341,519
4342,185
4343,546
4345,255
4346,619
4347,105
4348,338
4350,763
4351,16
4352,306
4353,503
4355,520
4356,779
4357,659
4358,353
4360,756
4361,786
4362,774
4363,500
4365,683
4366,666
4367,784
4368,354
4370,553
4371,62
4372,44
4373,62
4375,436
4376,456
4377,72
4378,620
4380,779
4381,3
4382,798
4383,668
4385,605
4386,177
4387,263
4388,544
4390,162
4391,427
4392,120
4393,401
4395,504
4396,455
4397,220
4398,321
4400,49
4401,16
4402,14
4403,394
4405,123
4406,139
4407,474
4408,174
4410,491
4411,258
4412,168
4413,772
4415,75
4416,770
4417,516
4418,109
4420,542
4421,178
4422,635
4423,30
4425,451
4426,53
4427,249
4428,225
4430,407
4431,544
4432,741
4433,738
4435,722
4436,703
4437,370
4438,197
4440,83
4441,398
4442,696
4443,699
4445,634
4446,430
4447,685
4448,748
4450,536
4451,182
4452,609
4453,82
4455,621
4456,229
4457,344
4458,513
4460,47
4461,329
4462,586
4463,33
4465,497
4466,330
4467,184
4468,329
4470,175
4471,380
4472,220
4473,489
4475,152
4476,601
4477,372
4478,753
4480,776
4481,692
4482,742
4483,309
4485,600
4486,732
4487,347
4488,429
4490,513
4491,209
4492,535
4493,631
4495,717
4496,597
4497,236
4498,720
4500,309
4501,749
4502,512
4503,580
4505,412
4506,550
4507,747
4508,620
4510,170
4511,490
4512,18
4513,238
4515,367
4516,4
4517,323
4518,558
4520,31
4521,306
4522,185
4523,389
4525,697
4526,93
4527,554
4528,317
4530,255
4531,423
4532,597
4533,762
4535,252
4536,345
4537,631
4538,474
4540,36
4541,266
4542,180
4543,277
4545,124
4546,360
4547,236
4548,189
4550,135
4551,155
4552,592
4553,625
4555,681
4556,45
4557,58
4558,348
4560,605
4561,519
4562,210
4563,279
4565,82
4566,175
4567,523
4568,474
4570,324
4571,95
4572,607
4573,668
4575,2
4576,444
4577,339
4578,441
4580,602
4581,372
4582,402
4583,17
4585,520
4586,372
4587,630
4588,574
4590,81
4591,558
4592,383
4593,181
4595,696
4596,639
4597,664
4598,387
4600,383
4601,317
4602,787
4603,776
4605,795
4606,205
4607,157
4608,345
4610,534
4611,562
4612,627
4613,730
4615,684
4616,779
4617,150
4618,79
4620,22
4621,750
4622,362
4623,374
4625,344
4626,15
4627,244
4628,277
4630,108
4631,161
4632,597
4633,573
4635,653
4636,589
4637,587
4638,442
4640,451
4641,417
4642,104
4643,428
4645,359
4646,126
4647,402
4648,166
4650,276
4651,310
4652,656
4653,62
4655,597
4656,746
4657,245
4658,502
4660,721
4661,608
4662,761
4663,796
4665,493
4666,388
4667,195
4668,677
4670,425
4671,689
4672,593
4673,44
4675,375
4676,286
4677,746
4678,742
4680,569
4681,295
4682,603
4683,28
4685,570
4686,756
4687,608
4688,190
4690,636
4691,647
4692,509
4693,47
4695,678
4696,59
4697,206
4698,347
4700,711
4701,202
4702,744
4703,593
4705,515
4706,114
4707,659
4708,150
4710,778
4711,505
4712,668
4713,656
4715,21
4716,617
4717,238
4718,745
4720,442
4721,221
4722,19
4723,104
4725,502
4726,137
4727,92
4728,96
4730,322
4731,386
4732,710
4733,84
4735,142
4736,553
4737,25
4738,637
4740,159
4741,169
4742,641
4743,132
4745,110
4746,196
4747,530
4748,384
4750,68
4751,191
4752,240
4753,529
4755,225
4756,468
4757,253
4758,510
4760,394
4761,282
4762,210
4763,208
4765,103
4766,496
4767,693
4768,208
4770,586
4771,320
4772,371
4773,726
4775,332
4776,189
4777,516
4778,255
4780,163
4781,253
4782,98
4783,624
4785,21
4786,268
4787,484
4788,96
4790,177
4791,325
4792,238
4793,685
4795,53
4796,25
4797,182
4798,658
4800,639
4801,412
4802,194
4803,11
4805,789
4806,190
4807,738
4808,513
4810,744
4811,708
4812,79
4813,624
4815,770
4816,58
4817,725
4818,402
4820,125
4821,638
4822,415
4823,120
4825,739
4826,652
4827,637
4828,145
4830,386
4831,260
4832,80
4833,87
4835,743
4836,282
4837,326
4838,140
4840,757
4841,624
4842,585
4843,590
4845,647
4846,265
4847,396
4848,676
4850,300
4851,544
4852,182
4853,63
4855,201
4856,380
4857,337
4858,471
4860,118
4861,271
4862,679
4863,102
4865,594
4866,608
4867,4
4868,54
4870,4
4871,307
4872,464
4873,482
4875,57
4876,341
4877,10
4878,603
4880,164
4881,635
4882,229
4883,326
4885,229
4886,12
4887,43
4888,255
4890,471
4891,245
4892,75
4893,713
4895,239
4896,716
4897,691
4898,507
4900,269
4901,198
4902,501
4903,268
4905,458
4906,792
4907,161
4908,323
4910,385
4911,106
4912,751
4913,243
4915,429
4916,520
4917,687
4918,558
4920,384
4921,498
4922,234
4923,589
4925,548
4926,714
4927,421
4928,719
4930,306
4931,525
4932,82
4933,759
4935,422
4936,367
4937,387
4938,676
4940,319
4941,685
4942,549
4943,733
4945,640
4946,307
4947,305
4948,145
4950,754
4951,413
4952,551
4953,407
4955,507
4956,53
4957,456
4958,145
4960,325
4961,628
4962,214
4963,432
4965,483
4966,8
4967,595
4968,466
4970,210
4971,676
4972,342
4973,651
4975,652
4976,576
4977,695
4978,134
4980,208
4981,154
4982,87
4983,413
4985,383
4986,359
4987,512
4988,123
4990,629
4991,276
4992,706
4993,520
4995,510
4996,597
4997,765
4998,500
5000,548
5001,435
5002,315
5003,284
5005,768
5006,32
5007,120
5008,435
5010,69
5011,243
5012,699
5013,242
5015,645
5016,539
5017,771
5018,89
5020,38
5021,708
5022,304
5023,421
5025,765
5026,108
5027,401
5028,390
5030,42
5031,11
5032,479
5033,278
5035,566
5036,334
5037,524
5038,121
5040,540
5041,347
5042,255
5043,238
5045,197
5046,583
5047,593
5048,328
5050,769
5051,108
5052,778
5053,131
5055,382
5056,1
5057,259
5058,670
5060,251
5061,261
5062,657
5063,454
5065,592
5066,725
5067,391
5068,518
5070,764
5071,384
5072,533
5073,566
5075,67
5076,274
5077,19
5078,233
5080,191
5081,45
5082,160
5083,144
5085,15
5086,469
5087,218
5088,620
5090,321
5091,569
5092,281
5093,1
5095,751
5096,464
5097,509
5098,391
5100,402
5101,66
5102,199
5103,188
5105,500
5106,46
5107,761
5108,441
5110,526
5111,389
5112,524
5113,702
5115,412
5116,364
5117,213
5118,758
5120,662
5121,88
5122,796
5123,703
5125,520
5126,665
5127,568
5128,782
5130,582
5131,411
5132,262
5133,364
5135,399
5136,193
5137,380
5138,623
5140,525
5141,445
5142,717
5143,70
5145,50
5146,222
5147,114
5148,770
5150,244
5151,30
5152,80
5153,678
5155,758
5156,585
5157,666
5158,480
5160,659
5161,544
5162,5
5163,753
5165,262
5166,463
5167,738
5168,91
5170,579
5171,197
5172,618
5173,500
5175,780
5176,613
5177,256
5178,653
5180,315
5181,718
5182,469
5183,705
5185,626
5186,377
5187,432
5188,105
5190,237
5191,92
5192,789
5193,399
5195,364
5196,660
5197,39
5198,608
5200,106
5201,616
5202,544
5203,366
5205,234
5206,232
5207,512
5208,253
5210,433
5211,135
5212,175
5213,602
5215,197
5216,121
5217,654
5218,156
5220,96
5221,131
5222,117
5223,52
5225,533
5226,659
5227,340
5228,558
5230,655
5231,530
5232,383
5233,728
5235,343
5236,758
5237,5
5238,547
5240,16
5241,75
5242,514
5243,135
5245,277
5246,366
5247,521
5248,213
5250,677
5251,565
5252,168
5253,113
5255,56
5256,84
5257,233
5258,257
5260,390
5261,587
5262,60
5263,412
5265,696
5266,98
5267,563
5268,664
5270,497
5271,639
5272,723
5273,724
5275,5
5276,796
5277,562
5278,262
5280,169
5281,87
5282,799
5283,668
5285,474
5286,439
5287,202
5288,777
5290,183
5291,236
5292,732
5293,268
5295,112
5296,645
5297,405
5298,4
5300,97
5301,770
5302,376
5303,422
5305,155
5306,254
5307,791
5308,502
5310,39
5311,238
5312,787
5313,685
5315,609
5316,745
5317,340
5318,446
5320,177
5321,239
5322,700
5323,677
5325,348
5326,164
5327,759
5328,625
5330,685
5331,382
5332,781
5333,439
5335,313
5336,727
5337,546
5338,225
5340,463
5341,80
5342,150
5343,45
5345,564
5346,276
5347,733
5348,608
5350,251
5351,249
5352,251
5353,592
5355,509
5356,332
5357,312
5358,485
5360,762
5361,574
5362,171
5363,74
5365,659
5366,539
5367,324
5368,526
5370,295
5371,205
5372,499
5373,274
5375,454
5376,639
5377,605
5378,405
5380,455
5381,357
5382,213
5383,162
5385,491
5386,153
5387,583
5388,290
5390,23
5391,273
5392,76
5393,344
5395,98
5396,545
5397,507
5398,622
5400,428
5401,614
5402,653
5403,58
5405,603
5406,408
5407,516
5408,561
5410,36
5411,551
5412,23
5413,437
5415,18
5416,74
5417,715
5418,542
5420,329
5421,614
5422,475
5423,762
5425,310
5426,171
5427,74
5428,152
5430,787
5431,370
5432,94
5433,207
5435,564
5436,536
5437,114
5438,332
5440,331
5441,192
5442,512
5443,207
5445,9
5446,411
5447,400
5448,730
5450,156
5451,590
5452,726
5453,353
5455,629
5456,319
5457,203
5458,21
5460,611
5461,763
5462,663
5463,136
5465,104
5466,563
5467,145
5468,800
5470,140
5471,640
5472,792
5473,648
5475,428
5476,326
5477,199
5478,77
5480,554
5481,482
5482,269
5483,570
5485,139
5486,737
5487,250
5488,179
5490,655
5491,296
5492,305
5493,145
5495,696
5496,255
5497,798
5498,678
5500,460
5501,744
5502,454
5503,665
5505,160
5506,563
5507,795
5508,167
5510,64
5511,200
5512,498
5513,783
5515,300
5516,510
5517,209
5518,81
5520,579
5521,424
5522,38
5523,761
5525,680
5526,682
5527,709
5528,606
5530,405
5531,723
5532,65
5533,379
5535,664
5536,565
5537,446
5538,467
5540,249
5541,657
5542,610
5543,416
5545,68
5546,66
5547,748
5548,625
5550,153
5551,362
5552,766
5553,214
5555,620
5556,557
5557,289
5558,92
5560,761
5561,557
5562,364
5563,45
5565,148
5566,799
5567,545
5568,284
5570,477
5571,486
5572,403
5573,405
5575,458
5576,132
5577,115
5578,122
5580,333
5581,285
5582,314
5583,130
5585,418
5586,675
5587,510
5588,302
5590,633
5591,15
5592,759
5593,272
5595,410
5596,517
5597,585
5598,152
5600,799
5601,645
5602,54
5603,36
5605,481
5606,455
5607,216
5608,278
5610,457
5611,441
5612,498
5613,95
5615,333
5616,648
5617,408
5618,430
5620,20
5621,430
5622,305
5623,11
5625,696
5626,556
5627,31
5628,601
5630,785
5631,799
5632,638
5633,659
5635,221
5636,525
5637,759
5638,759
5640,7
5641,706
5642,612
5643,381
5645,639
5646,382
5647,28
5648,455
5650,577
5651,561
5652,588
5653,190
5655,321
5656,216
5657,773
5658,495
5660,752
5661,436
5662,615
5663,725
5665,585
5666,696
5667,562
5668,311
5670,768
5671,489
5672,344
5673,287
5675,478
5676,502
5677,498
5678,37
5680,190
5681,645
5682,479
5683,258
5685,1
5686,634
5687,97
5688,508
5690,29
5691,216
5692,463
5693,436
5695,680
5696,755
5697,513
5698,202
5700,666
5701,723
5702,99
5703,585
5705,660
5706,154
5707,319
5708,330
5710,441
5711,173
5712,186
5713,722
5715,32
5716,65
5717,221
5718,699
5720,718
5721,76
5722,661
5723,63
5725,363
5726,336
5727,503
5728,367
5730,293
5731,254
5732,545
5733,329
5735,139
5736,401
5737,795
5738,486
5740,578
5741,710
5742,176
5743,143
5745,87
5746,313
5747,744
5748,575
5750,787
5751,426
5752,22
5753,226
5755,504
5756,222
5757,396
5758,419
5760,191
5761,758
5762,171
5763,105
5765,136
5766,45
5767,60
5768,17
5770,661
5771,476
5772,777
5773,55
5775,747
5776,514
5777,460
5778,597
5780,546
5781,149
5782,759
5783,586
5785,120
5786,538
5787,158
5788,304
5790,733
5791,97
5792,248
5793,795
5795,433
5796,483
5797,243
5798,791
5800,721
5801,418
5802,460
5803,294
5805,742
5806,298
5807,67
5808,317
5810,353
5811,520
5812,505
5813,31
5815,122
5816,80
5817,37
5818,368
5820,649
5821,652
5822,397
5823,721
5825,600
5826,428
5827,431
5828,229
5830,576
5831,81
5832,582
5833,202
5835,26
5836,164
5837,649
5838,503
5840,397
5841,384
5842,454
5843,34
5845,413
5846,368
5847,275
5848,12
5850,47
5851,133
5852,164
5853,648
5855,696
5856,716
5857,348
5858,281
5860,359
5861,220
5862,602
5863,571
5865,650
5866,669
5867,232
5868,33
5870,4
5871,99
5872,648
5873,240
5875,504
5876,685
5877,75
5878,696
5880,365
5881,612
5882,587
5883,714
5885,188
5886,417
5887,641
5888,151
5890,396
5891,458
5892,765
5893,610
5895,764
5896,675
5897,521
5898,131
5900,509
5901,771
5902,789
5903,365
5905,375
5906,89
5907,499
5908,88
5910,318
5911,482
5912,764
5913,761
5915,450
5916,78
5917,269
5918,137
5920,92
5921,516
5922,640
5923,401
5925,513
5926,653
5927,94
5928,707
5930,756
5931,706
5932,376
5933,278
5935,135
5936,245
5937,201
5938,296
5940,673
5941,671
5942,611
5943,530
5945,359
5946,112
5947,492
5948,168
5950,456
5951,144
5952,523
5953,320
5955,354
5956,494
5957,174
5958,181
5960,47
5961,796
5962,170
5963,730
5965,434
5966,681
5967,292
5968,587
5970,502
5971,639
5972,413
5973,410
5975,372
5976,161
5977,357
5978,1
5980,731
5981,261
5982,94
5983,281
5985,561
5986,611
5987,455
5988,770
5990,415
5991,363
5992,782
5993,213
5995,168
5996,698
5997,438
5998,340
6000,568
6001,665
6002,754
6003,393
6005,200
6006,655
6007,782
6008,254
6010,558
6011,47
6012,119
6013,303
6015,445
6016,200
6017,295
6018,585
6020,246
6021,386
6022,769
6023,413
6025,217
6026,764
6027,478
6028,626
6030,72
6031,760
6032,244
6033,722
6035,244
6036,782
6037,127
6038,446
6040,137
6041,82
6042,415
6043,36
6045,55
6046,237
6047,761
6048,540
6050,314
6051,27
6052,56
6053,132
6055,580
6056,392
6057,466
6058,167
6060,439
6061,325
6062,612
6063,694
6065,332
6066,103
6067,356
6068,21
6070,612
6071,281
6072,247
6073,753
6075,91
6076,664
6077,32
6078,623
6080,252
6081,580
6082,264
6083,145
6085,42
6086,148
6087,236
6088,64
6090,350
6091,464
6092,182
6093,296
6095,703
6096,19
6097,678
6098,514
6100,755
6101,721
6102,376
6103,652
6105,783
6106,577
6107,448
6108,313
6110,544
6111,768
6112,145
6113,81
6115,514
6116,394
6117,581
6118,647
6120,102
6121,691
6122,129
6123,743
6125,794
6126,723
6127,585
6128,47
6130,561
6131,107
6132,544
6133,155
6135,688
6136,23
6137,107
6138,507
6140,441
6141,305
6142,527
6143,573
6145,12
6146,794
6147,339
6148,443
6150,728
6151,346
6152,95
6153,189
6155,368
6156,655
6157,746
6158,318
6160,235
6161,381
6162,798
6163,473
6165,538
6166,661
6167,514
6168,532
6170,78
6171,51
6172,557
6173,174
6175,6
6176,7
6177,703
6178,203
6180,315
6181,31
6182,779
6183,287
6185,527
6186,85
6187,100
6188,55
6190,795
6191,598
6192,43
6193,508
6195,703
6196,270
6197,359
6198,23
6200,34
6201,73
6202,47
6203,700
6205,288
6206,787
6207,221
6208,795
6210,589
6211,211
6212,93
6213,265
6215,773
6216,240
6217,403
6218,311
6220,745
6221,200
6222,630
6223,561
6225,199
6226,354
6227,146
6228,414
6230,572
6231,344
6232,510
6233,464
6235,314
6236,304
6237,218
6238,702
6240,190
6241,679
6242,77
6243,193
6245,444
6246,796
6247,156
6248,766
6250,265
6251,6
6252,765
6253,724
6255,598
6256,659
6257,143
6258,246
6260,611
6261,194
6262,96
6263,692
6265,557
6266,130
6267,498
6268,717
6270,105
6271,22
6272,371
6273,112
6275,283
6276,371
6277,796
6278,17
6280,571
6281,630
6282,753
6283,422
6285,791
6286,215
6287,778
6288,242
6290,680
6291,37
6292,212
6293,178
6295,27
6296,78
6297,663
6298,408
6300,490
6301,798
6302,646
6303,296
6305,90
6306,24
6307,244
6308,217
6310,677
6311,663
6312,449
6313,184
6315,733
6316,733
6317,355
6318,719
6320,700
6321,301
6322,234
6323,649
6325,694
6326,354
6327,116
6328,706
6330,336
6331,763
6332,184
6333,122
6335,595
6336,386
6337,324
6338,638
6340,418
6341,337
6342,739
6343,501
6345,542
6346,381
6347,397
6348,531
6350,436
6351,675
6352,94
6353,725
6355,173
6356,608
6357,455
6358,9
6360,424
6361,245
6362,611
6363,414
6365,300
6366,57
6367,333
6368,142
6370,382
6371,582
6372,428
6373,64
6375,672
6376,554
6377,311
6378,491
6380,270
6381,597
6382,358
6383,537
6385,608
6386,737
6387,556
6388,164
6390,616
6391,17
6392,370
6393,740
6395,645
6396,670
6397,460
6398,710
6400,787
6401,418
6402,142
6403,636
6405,331
6406,461
6407,80
6408,52
6410,141
6411,511
6412,771
6413,65
6415,309
6416,438
6417,449
6418,499
6420,327
6421,159
6422,143
6423,128
6425,237
6426,267
6427,567
6428,420
6430,759
6431,581
6432,241
6433,431
6435,274
6436,160
6437,256
6438,230
6440,303
6441,407
6442,86
6443,94
6445,484
6446,347
6447,661
6448,673
6450,29
6451,262
6452,209
6453,276
6455,690
6456,785
6457,7
6458,439
6460,456
6461,729
6462,732
6463,487
6465,324
6466,45
6467,782
6468,321
6470,537
6471,371
6472,153
6473,437
6475,411
6476,579
6477,753
6478,533
6480,230
6481,665
6482,539
6483,128
6485,427
6486,495
6487,392
6488,392
6490,681
6491,123
6492,188
6493,690
6495,573
6496,232
6497,316
6498,199
6500,273
6501,60
6502,687
6503,700
6505,211
6506,695
6507,121
6508,524
6510,176
6511,679
6512,225
6513,484
6515,187
6516,4
6517,602
6518,698
6520,441
6521,733
6522,468
6523,722
6525,199
6526,235
6527,360
6528,161
6530,671
6531,637
6532,92
6533,270
6535,146
6536,517
6537,374
6538,46
6540,325
6541,289
6542,241
6543,723
6545,184
6546,245
6547,727
6548,233
6550,279
6551,667
6552,227
6553,615
6555,55
6556,382
6557,299
6558,93
6560,295
6561,72
6562,350
6563,800
6565,8
6566,606
6567,785
6568,120
6570,34
6571,79
6572,127
6573,304
6575,266
6576,675
6577,655
6578,287
6580,255
6581,460
6582,421
6583,572
6585,169
6586,181
6587,35
6588,722
6590,247
6591,144
6592,571
6593,240
6595,741
6596,640
6597,101
6598,135
6600,516
6601,694
6602,202
6603,319
6605,225
6606,505
6607,776
6608,405
6610,793
6611,139
6612,406
6613,733
6615,315
6616,249
6617,722
6618,343
6620,382
6621,456
6622,792
6623,516
6625,232
6626,501
6627,623
6628,246
6630,103
6631,147
6632,294
6633,575
6635,791
6636,386
6637,531
6638,661
6640,458
6641,385
6642,218
6643,155
6645,785
6646,245
6647,697
6648,569
6650,477
6651,594
6652,234
6653,706
6655,240
6656,289
6657,239
6658,409
6660,266
6661,328
6662,589
6663,663
6665,477
6666,569
6667,278
6668,362
6670,113
6671,518
6672,41
6673,79
6675,719
6676,614
6677,693
6678,495
6680,383
6681,541
6682,6
6683,600
6685,782
6686,506
6687,723
6688,798
6690,247
6691,593
6692,796
6693,108
6695,406
6696,558
6697,176
6698,125
6700,687
6701,622
6702,50
6703,758
6705,340
6706,170
6707,654
6708,439
6710,612
6711,83
6712,455
6713,505
6715,151
6716,608
6717,778
6718,607
6720,730
6721,592
6722,422
6723,48
6725,670
6726,689
6727,404
6728,129
6730,415
6731,136
6732,37
6733,513
6735,41
6736,137
6737,223
6738,638
6740,214
6741,509
6742,357
6743,171
6745,491
6746,762
6747,134
6748,382
6750,423
6751,231
6752,758
6753,330
6755,779
6756,643
6757,775
6758,289
6760,791
6761,631
6762,4
6763,292
6765,659
6766,672
6767,18
6768,460
6770,172
6771,148
6772,551
6773,717
6775,685
6776,625
6777,398
6778,474
6780,779
6781,113
6782,564
6783,489
6785,127
6786,530
6787,486
6788,341
6790,282
6791,694
6792,736
6793,405
6795,705
6796,96
6797,185
6798,716
6800,783
6801,247
6802,407
6803,10
6805,110
6806,363
6807,539
6808,376
6810,704
6811,360
6812,66
6813,485
6815,238
6816,747
6817,458
6818,398
6820,649
6821,642
6822,338
6823,306
6825,75
6826,42
6827,128
6828,636
6830,60
6831,325
6832,529
6833,193
6835,185
6836,542
6837,325
6838,712
6840,117
6841,749
6842,42
6843,462
6845,338
6846,252
6847,595
6848,356
6850,520
6851,593
6852,528
6853,488
6855,5
6856,757
6857,310
6858,487
6860,400
6861,716
6862,489
6863,617
6865,485
6866,101
6867,385
6868,263
6870,183
6871,478
6872,611
6873,612
6875,387
6876,262
6877,443
6878,719
6880,674
6881,398
6882,706
6883,176
6885,405
6886,568
6887,23
6888,196
6890,574
6891,627
6892,584
6893,49
6895,746
6896,639
6897,621
6898,589
6900,287
6901,94
6902,512
6903,8
6905,332
6906,599
6907,751
6908,420
6910,60
6911,584
6912,376
6913,672
6915,726
6916,146
6917,427
6918,563
6920,680
6921,234
6922,22
6923,243
6925,319
6926,631
6927,437
6928,623
6930,784
6931,291
6932,274
6933,680
6935,524
6936,115
6937,425
6938,196
6940,222
6941,404
6942,315
6943,448
6945,309
6946,371
6947,748
6948,217
6950,703
6951,334
6952,126
6953,724
6955,423
6956,198
6957,513
6958,617
6960,771
6961,508
6962,69
6963,206
6965,435
6966,5
6967,383
6968,311
6970,758
6971,531
6972,308
6973,226
6975,751
6976,446
6977,539
6978,109
6980,739
6981,476
6982,558
6983,478
6985,328
6986,451
6987,385
6988,595
6990,346
6991,454
6992,54
6993,292
6995,245
6996,238
6997,397
6998,774
7000,675
7001,507
7002,221
7003,556
7005,247
7006,655
7007,301
7008,298
7010,717
7011,698
7012,756
7013,6
7015,437
7016,38
7017,768
7018,300
7020,172
7021,662
7022,788
7023,608
7025,417
7026,323
7027,22
7028,444
7030,676
7031,487
7032,228
7033,124
7035,454
7036,7
7037,147
7038,406
7040,77
7041,185
7042,581
7043,615
7045,589
7046,499
7047,484
7048,602
7050,214
7051,22
7052,733
7053,154
7055,235
7056,644
7057,517
7058,384
7060,28
7061,174
7062,174
7063,100
7065,215
7066,776
7067,428
7068,116
7070,446
7071,770
7072,779
7073,427
7075,560
7076,272
7077,508
7078,135
7080,496
7081,391
7082,18
7083,638
7085,433
7086,760
7087,38
7088,237
7090,263
7091,92
7092,682
7093,761
7095,295
7096,168
7097,402
7098,283
7100,155
7101,209
7102,39
7103,369
7105,274
7106,559
7107,637
7108,342
7110,506
7111,614
7112,686
7113,111
7115,60
7116,127
7117,218
7118,598
7120,155
7121,101
7122,796
7123,94
7125,284
7126,724
7127,46
7128,634
7130,53
7131,336
7132,61
7133,15
7135,704
7136,72
7137,57
7138,292
7140,521
7141,74
7142,202
7143,565
7145,355
7146,431
7147,17
7148,550
7150,220
7151,682
7152,757
7153,227
7155,195
7156,100
7157,713
7158,615
7160,257
7161,240
7162,618
7163,165
7165,181
7166,692
7167,523
7168,448
7170,279
7171,96
7172,28
7173,543
7175,536
7176,175
7177,150
7178,544
7180,780
7181,724
7182,307
7183,574
7185,324
7186,222
7187,522
7188,583
7190,491
7191,768
7192,419
7193,415
7195,288
7196,654
7197,643
7198,353
7200,255
7201,520
7202,54
7203,34
7205,293
7206,333
7207,779
7208,184
7210,259
7211,113
7212,724
7213,756
7215,305
7216,61
7217,587
7218,682
7220,52
7221,483
7222,558
7223,200
7225,450
7226,79
7227,358
7228,210
7230,585
7231,178
7232,301
7233,339
7235,699
7236,95
7237,174
7238,694
7240,523
7241,462
7242,580
7243,578
7245,116
7246,437
7247,778
7248,607
7250,60
7251,201
7252,361
7253,783
7255,605
7256,681
7257,527
7258,520
7260,87
7261,576
7262,261
7263,163
7265,306
7266,326
7267,637
7268,447
7270,750
7271,704
7272,219
7273,531
7275,372
7276,669
7277,707
7278,400
7280,434
7281,627
7282,411
7283,257
7285,272
7286,73
7287,299
7288,563
7290,418
7291,328
7292,107
7293,620
7295,162
7296,558
7297,187
7298,109
7300,646
7301,457
7302,552
7303,88
7305,263
7306,714
7307,245
7308,271
7310,242
7311,209
7312,562
7313,235
7315,176
7316,475
7317,782
7318,680
7320,629
7321,45
7322,137
7323,8
7325,504
7326,340
7327,696
7328,590
7330,465
7331,295
7332,368
7333,65
7335,481
7336,189
7337,457
7338,9
7340,667
7341,540
7342,133
7343,695
7345,787
7346,678
7347,495
7348,740
7350,346
7351,2
7352,676
7353,241
7355,63
7356,762
7357,190
7358,359
7360,689
7361,244
7362,561
7363,335
7365,279
7366,320
7367,458
7368,342
7370,444
7371,414
7372,477
7373,466
7375,292
7376,249
7377,309
7378,150
7380,444
7381,325
7382,12
7383,596
7385,342
7386,587
7387,390
7388,503
7390,399
7391,418
7392,652
7393,336
7395,406
7396,634
7397,285
7398,40
7400,209
7401,680
7402,727
7403,200
7405,379
7406,435
7407,568
7408,196
7410,641
7411,786
7412,177
7413,255
7415,602
7416,800
7417,5
7418,500
7420,794
7421,729
7422,434
7423,477
7425,682
7426,3
7427,86
7428,323
7430,412
7431,595
7432,106
7433,136
7435,353
7436,756
7437,491
7438,74
7440,73
7441,763
7442,163
7443,116
7445,705
7446,399
7447,467
7448,677
7450,500
7451,784
7452,506
7453,296
7455,335
7456,687
7457,508
7458,333
7460,31
7461,215
7462,416
7463,300
7465,350
7466,130
7467,545
7468,589
7470,694
7471,58
7472,369
7473,137
7475,371
7476,57
7477,614
7478,323
7480,721
7481,489
7482,511
7483,639
7485,669
7486,570
7487,608
7488,469
7490,350
7491,327
7492,83
7493,623
7495,189
7496,348
7497,695
7498,94
7500,742
7501,718
7502,685
7503,686
7505,380
7506,71
7507,204
7508,635
7510,74
7511,492
7512,471
7513,546
7515,197
7516,635
7517,153
7518,130
7520,628
7521,467
7522,165
7523,254
7525,597
7526,309
7527,422
7528,234
7530,125
7531,562
7532,394
7533,581
7535,276
7536,14
7537,364
7538,264
7540,756
7541,178
7542,410
7543,511
7545,586
7546,480
7547,628
7548,655
7550,724
7551,524
7552,523
7553,332
7555,182
7556,57
7557,206
7558,83
7560,570
7561,549
7562,305
7563,674
7565,121
7566,528
7567,475
7568,228
7570,690
7571,742
7572,74
7573,770
7575,373
7576,516
7577,243
7578,429
7580,317
7581,465
7582,539
7583,294
7585,69
7586,219
7587,373
7588,620
7590,381
7591,302
7592,507
7593,461
7595,442
7596,667
7597,785
7598,783
7600,103
7601,258
7602,731
7603,326
7605,782
7606,50
7607,29
7608,516
7610,560
7611,103
7612,596
7613,384
7615,371
7616,288
7617,605
7618,146
7620,660
7621,313
7622,135
7623,194
7625,310
7626,407
7627,247
7628,194
7630,770
7631,673
7632,59
7633,140
7635,202
7636,688
7637,727
7638,208
7640,633
7641,216
7642,701
7643,45
7645,24
7646,156
7647,401
7648,589
7650,25
7651,747
7652,155
7653,353
7655,119
7656,568
7657,75
7658,8
7660,379
7661,441
7662,108
7663,596
7665,465
7666,678
7667,768
7668,449
7670,225
7671,163
7672,52
7673,459
7675,548
7676,727
7677,196
7678,83
7680,686
7681,576
7682,762
7683,165
7685,593
7686,545
7687,527
7688,782
7690,672
7691,318
7692,550
7693,285
7695,275
7696,408
7697,238
7698,511
7700,3
7701,92
7702,755
7703,503
7705,68
7706,434
7707,627
7708,187
7710,116
7711,153
7712,384
7713,228
7715,172
7716,79
7717,202
7718,442
7720,186
7721,449
7722,791
7723,207
7725,135
7726,286
7727,717
7728,689
7730,307
7731,82
7732,674
7733,408
7735,150
7736,670
7737,54
7738,321
7740,366
7741,152
7742,288
7743,130
7745,328
7746,299
7747,144
7748,449
7750,267
7751,662
7752,363
7753,27
7755,118
7756,429
7757,708
7758,799
7760,123
7761,733
7762,625
7763,377
7765,193
7766,569
7767,217
7768,179
7770,78
7771,404
7772,596
7773,509
7775,561
7776,237
7777,66
7778,339
7780,383
7781,86
7782,776
7783,495
7785,22
7786,569
7787,133
7788,436
7790,182
7791,323
7792,90
7793,37
7795,734
7796,156
7797,538
7798,711
7800,28
7801,739
7802,97
7803,52
7805,205
7806,464
7807,573
7808,614
7810,599
7811,430
7812,247
7813,677
7815,473
7816,414
7817,409
7818,771
7820,621
7821,664
7822,679
7823,8
7825,397
7826,674
7827,159
7828,23
7830,464
7831,564
7832,448
7833,491
7835,417
7836,41
7837,690
7838,545
7840,446
7841,628
7842,74
7843,474
7845,502
7846,71
7847,384
7848,663
7850,672
7851,364
7852,705
7853,646
7855,251
7856,731
7857,621
7858,789
7860,669
7861,490
7862,379
7863,65
7865,667
7866,424
7867,198
7868,80
7870,443
7871,384
7872,82
7873,708
7875,160
7876,365
7877,646
7878,47
7880,6
7881,31
7882,490
7883,440
7885,703
7886,675
7887,668
7888,322
7890,207
7891,746
7892,81
7893,132
7895,304
7896,549
7897,454
7898,1
7900,715
7901,730
7902,719
7903,437
7905,109
7906,666
7907,98
7908,581
7910,793
7911,134
7912,590
7913,739
7915,302
7916,617
7917,481
7918,305
7920,697
7921,82
7922,180
7923,194
7925,719
7926,300
7927,20
7928,326
7930,148
7931,333
7932,2
7933,181
7935,736
7936,60
7937,83
7938,116
7940,117
7941,445
7942,137
7943,464
7945,362
7946,141
7947,42
7948,527
7950,759
7951,698
7952,701
7953,5
7955,673
7956,199
7957,772
7958,316
7960,539
7961,47
7962,119
7963,719
7965,342
7966,663
7967,373
7968,169
7970,196
7971,577
7972,301
7973,702
7975,393
7976,698
7977,516
7978,414
7980,175
7981,114
7982,1
7983,444
7985,724
7986,531
7987,402
7988,458
7990,375
7991,466
7992,267
7993,143
7995,144
7996,123
7997,311
7998,155
8000,54
8001,553
8002,452
8003,26
8005,649
8006,728
8007,155
8008,318
8010,728
8011,705
8012,294
8013,615
8015,106
8016,134
8017,207
8018,605
8020,703
8021,568
8022,545
8023,27
8025,52
8026,520
8027,205
8028,374
8030,493
8031,518
8032,446
8033,42
8035,373
8036,123
8037,414
8038,338
8040,144
8041,617
8042,135
8043,51
8045,800
8046,61
8047,455
8048,632
8050,123
8051,194
8052,274
8053,592
8055,548
8056,289
8057,662
8058,704
8060,5
8061,515
8062,202
8063,3
8065,454
8066,443
8067,588
8068,246
8070,601
8071,402
8072,85
8073,688
8075,155
8076,755
8077,631
8078,592
8080,156
8081,471
8082,764
8083,138
8085,631
8086,781
8087,177
8088,576
8090,283
8091,655
8092,790
8093,395
8095,271
8096,329
8097,251
8098,289
8100,644
8101,672
8102,743
8103,297
8105,794
8106,742
8107,464
8108,737
8110,45
8111,510
8112,307
8113,606
8115,365
8116,100
8117,256
8118,418
8120,161
8121,598
8122,215
8123,339
8125,253
8126,115
8127,205
8128,438
8130,356
8131,710
8132,536
8133,418
8135,362
8136,277
8137,218
8138,376
8140,216
8141,92
8142,608
8143,558
8145,783
8146,620
8147,377
8148,115
8150,256
8151,662
8152,496
8153,297
8155,312
8156,271
8157,36
8158,659
8160,226
8161,155
8162,77
8163,98
8165,655
8166,755
8167,559
8168,347
8170,260
8171,668
8172,32
8173,232
8175,486
8176,12
8177,494
8178,678
8180,723
8181,694
8182,442
8183,151
8185,483
8186,93
8187,166
8188,171
8190,769
8191,480
8192,82
8193,484
8195,680
8196,513
8197,85
8198,466
8200,680
8201,404
8202,489
8203,350
8205,493
8206,607
8207,159
8208,285
8210,404
8211,210
8212,714
8213,522
8215,736
8216,72
8217,501
8218,275
8220,545
8221,791
8222,35
8223,750
8225,797
8226,647
8227,20
8228,337
8230,247
8231,769
8232,526
8233,552
8235,281
8236,112
8237,389
8238,65
8240,197
8241,341
8242,770
8243,204
8245,294
8246,349
8247,783
8248,310
8250,9
8251,260
8252,215
8253,432
8255,480
8256,264
8257,169
8258,81
8260,214
8261,20
8262,249
8263,325
8265,175
8266,491
8267,145
8268,798
8270,103
8271,297
8272,305
8273,387
8275,201
8276,693
8277,721
8278,523
8280,461
8281,526
8282,262
8283,241
8285,453
8286,783
8287,27
8288,168
8290,437
8291,273
8292,652
8293,704
8295,606
8296,60
8297,340
8298,708
8300,385
8301,470
8302,361
8303,140
8305,304
8306,407
8307,618
8308,214
8310,323
8311,770
8312,500
8313,23
8315,145
8316,728
8317,748
8318,516
8320,640
8321,708
8322,158
8323,404
8325,227
8326,387
8327,467
8328,709
8330,705
8331,505
8332,313
8333,619
8335,375
8336,8
8337,182
8338,534
8340,10
8341,9
8342,391
8343,738
8345,13
8346,209
8347,653
8348,32
8350,291
8351,18
8352,174
8353,275
8355,590
8356,641
8357,341
8358,490
8360,62
8361,60
8362,743
8363,485
8365,137
8366,274
8367,616
8368,705
8370,415
8371,500
8372,739
8373,742
8375,65
8376,130
8377,400
8378,370
8380,308
8381,219
8382,443
8383,536
8385,563
8386,196
8387,454
8388,203
8390,605
8391,565
8392,766
8393,391
8395,326
8396,105
8397,89
8398,635
8400,284
8401,3
8402,423
8403,23
8405,563
8406,541
8407,487
8408,268
8410,472
8411,160
8412,408
8413,259
8415,619
8416,131
8417,241
8418,324
8420,143
8421,118
8422,239
8423,215
8425,752
8426,403
8427,83
8428,702
8430,309
8431,15
8432,270
8433,682
8435,610
8436,356
8437,403
8438,647
8440,166
8441,34
8442,566
8443,792
8445,542
8446,26
8447,153
8448,462
8450,11
8451,234
8452,627
8453,121
8455,292
8456,600
8457,311
8458,70
8460,390
8461,493
8462,451
8463,115
8465,207
8466,58
8467,112
8468,39
8470,708
8471,29
8472,422
8473,574
8475,710
8476,287
8477,32
8478,493
8480,745
8481,162
8482,134
8483,691
8485,767
8486,259
8487,105
8488,724
8490,714
8491,589
8492,410
8493,785
8495,301
8496,414
8497,778
8498,113
8500,513
8501,427
8502,238
8503,220
8505,485
8506,434
8507,92
8508,379
8510,593
8511,300
8512,486
8513,41
8515,53
8516,759
8517,371
8518,582
8520,703
8521,328
8522,118
8523,638
8525,382
8526,19
8527,214
8528,478
8530,138
8531,292
8532,366
8533,155
8535,272
8536,741
8537,589
8538,54
8540,135
8541,430
8542,583
8543,353
8545,768
8546,703
8547,406
8548,58
8550,466
8551,739
8552,39
8553,451
8555,574
8556,302
8557,368
8558,527
8560,47
8561,41
8562,175
8563,462
8565,384
8566,488
8567,491
8568,149
8570,433
8571,289
8572,384
8573,525
8575,286
8576,448
8577,75
8578,262
8580,12
8581,165
8582,625
8583,569
8585,165
8586,393
8587,331
8588,699
8590,559
8591,647
8592,354
8593,8
8595,463
8596,618
8597,441
8598,514
8600,775
8601,602
8602,262
8603,590
8605,16
8606,200
8607,447
8608,787
8610,469
8611,684
8612,719
8613,516
8615,727
8616,501
8617,564
8618,533
8620,4
8621,380
8622,598
8623,144
8625,204
8626,437
8627,301
8628,129
8630,658
8631,499
8632,387
8633,589
8635,112
8636,287
8637,180
8638,469
8640,553
8641,337
8642,71
8643,743
8645,567
8646,601
8647,251
8648,674
8650,158
8651,615
8652,75
8653,23
8655,732
8656,569
8657,190
8658,561
8660,448
8661,235
8662,161
8663,766
8665,334
8666,429
8667,364
8668,692
8670,129
8671,720
8672,162
8673,390
8675,262
8676,671
8677,265
8678,221
8680,183
8681,421
8682,264
8683,427
8685,569
8686,599
8687,496
8688,148
8690,171
8691,739
8692,293
8693,553
8695,35
8696,631
8697,304
8698,604
8700,533
8701,429
8702,137
8703,330
8705,21
8706,81
8707,443
8708,172
8710,535
8711,664
8712,358
8713,365
8715,354
8716,15
8717,570
8718,672
8720,83
8721,513
8722,708
8723,420
8725,796
8726,120
8727,551
8728,215
8730,268
8731,305
8732,33
8733,167
8735,220
8736,376
8737,82
8738,748
8740,70
8741,135
8742,449
8743,523
8745,245
8746,71
8747,797
8748,502
8750,461
8751,195
8752,489
8753,468
8755,274
8756,554
8757,77
8758,361
8760,150
8761,180
8762,514
8763,470
8765,661
8766,661
8767,329
8768,567
8770,218
8771,34
8772,663
8773,622
8775,561
8776,411
8777,138
8778,377
8780,666
8781,522
8782,650
8783,222
8785,399
8786,703
8787,280
8788,686
8790,139
8791,665
8792,495
8793,94
8795,700
8796,615
8797,184
8798,232
8800,644
8801,527
8802,665
8803,380
8805,411
8806,443
8807,640
8808,198
8810,120
8811,402
8812,339
8813,312
8815,477
8816,460
8817,733
8818,238
8820,696
8821,490
8822,665
8823,282
8825,187
8826,755
8827,401
8828,314
8830,668
8831,491
8832,123
8833,320
8835,451
8836,524
8837,218
8838,599
8840,49
8841,427
8842,458
8843,503
8845,329
8846,167
8847,559
8848,622
8850,128
8851,115
8852,295
8853,210
8855,575
8856,173
8857,184
8858,704
8860,75
8861,593
8862,120
8863,529
8865,120
8866,538
8867,788
8868,77
8870,235
8871,536
8872,114
8873,750
8875,435
8876,704
8877,339
8878,714
8880,353
8881,150
8882,533
8883,35
8885,128
8886,167
8887,578
8888,486
8890,371
8891,386
8892,126
8893,407
8895,701
8896,126
8897,676
8898,245
8900,433
8901,771
8902,281
8903,148
8905,613
8906,347
8907,441
8908,82
8910,144
8911,87
8912,388
8913,550
8915,597
8916,785
8917,659
8918,133
8920,522
8921,390
8922,515
8923,302
8925,153
8926,161
8927,373
8928,788
8930,280
8931,621
8932,473
8933,57
8935,584
8936,628
8937,672
8938,495
8940,685
8941,682
8942,587
8943,680
8945,487
8946,715
8947,797
8948,774
8950,631
8951,235
8952,29
8953,496
8955,263
8956,506
8957,544
8958,280
8960,564
8961,697
8962,43
8963,254
8965,374
8966,12
8967,759
8968,698
8970,504
8971,692
8972,310
8973,716
8975,687
8976,721
8977,322
8978,311
8980,6
8981,225
8982,187
8983,407
8985,462
8986,469
8987,193
8988,47
8990,93
8991,253
8992,670
8993,411
8995,294
8996,15
8997,529
8998,617
9000,212
9001,503
9002,8
9003,155
9005,384
9006,674
9007,254
9008,765
9010,241
9011,215
9012,25
9013,285
9015,53
9016,589
9017,672
9018,450
9020,201
9021,271
9022,474
9023,149
9025,456
9026,582
9027,517
9028,164
9030,106
9031,574
9032,478
9033,7
9035,627
9036,379
9037,426
9038,608
9040,189
9041,352
9042,789
9043,678
9045,401
9046,552
9047,636
9048,742
9050,353
9051,436
9052,711
9053,750
9055,752
9056,157
9057,678
9058,427
9060,281
9061,393
9062,620
9063,453
9065,284
9066,226
9067,477
9068,471
9070,250
9071,372
9072,341
9073,728
9075,427
9076,284
9077,37
9078,286
9080,485
9081,129
9082,686
9083,592
9085,63
9086,50
9087,707
9088,797
9090,293
9091,703
9092,445
9093,122
9095,530
9096,298
9097,13
9098,385
9100,32
9101,797
9102,513
9103,584
9105,555
9106,230
9107,257
9108,713
9110,332
9111,139
9112,648
9113,592
9115,34
9116,141
9117,59
9118,222
9120,426
9121,688
9122,156
9123,254
9125,622
9126,732
9127,648
9128,533
9130,27
9131,746
9132,378
9133,584
9135,56
9136,235
9137,479
9138,760
9140,592
9141,444
9142,688
9143,115
9145,568
9146,327
9147,779
9148,553
9150,408
9151,465
9152,683
9153,428
9155,709
9156,788
9157,800
9158,85
9160,552
9161,84
9162,650
9163,505
9165,150
9166,669
9167,185
9168,603
9170,556
9171,761
9172,618
9173,25
9175,772
9176,748
9177,415
9178,550
9180,417
9181,186
9182,69
9183,724
9185,411
9186,618
9187,759
9188,88
9190,203
9191,218
9192,600
9193,724
9195,582
9196,795
9197,285
9198,616
9200,685
9201,397
9202,444
9203,155
9205,127
9206,399
9207,143
9208,524
9210,639
9211,80
9212,316
9213,588
9215,535
9216,374
9217,510
9218,578
9220,262
9221,491
9222,295
9223,179
9225,62
9226,14
9227,374
9228,561
9230,340
9231,520
9232,415
9233,261
9235,403
9236,368
9237,566
9238,188
9240,602
9241,365
9242,278
9243,79
9245,248
9246,276
9247,212
9248,698
9250,114
9251,60
9252,350
9253,607
9255,671
9256,612
9257,209
9258,561
9260,348
9261,174
9262,664
9263,134
9265,279
9266,499
9267,316
9268,486
9270,556
9271,128
9272,791
9273,560
9275,684
9276,652
9277,638
9278,377
9280,109
9281,211
9282,389
9283,306
9285,614
9286,425
9287,103
9288,625
9290,224
9291,754
9292,610
9293,350
9295,418
9296,131
9297,729
9298,374
9300,135
9301,123
9302,463
9303,516
9305,504
9306,382
9307,256
9308,754
9310,529
9311,611
9312,19
9313,124
9315,652
9316,36
9317,740
9318,526
9320,116
9321,273
9322,149
9323,512
9325,131
9326,99
9327,110
9328,522
9330,138
9331,193
9332,686
9333,760
9335,376
9336,366
9337,265
9338,719
9340,696
9341,33
9342,705
9343,522
9345,160
9346,547
9347,700
9348,358
9350,99
9351,533
9352,6
9353,72
9355,594
9356,257
9357,473
9358,512
9360,703
9361,631
9362,295
9363,709
9365,710
9366,430
9367,271
9368,734
9370,72
9371,265
9372,749
9373,799
9375,555
9376,130
9377,598
9378,791
9380,91
9381,128
9382,462
9383,604
9385,143
9386,511
9387,256
9388,306
9390,489
9391,227
9392,460
9393,391
9395,402
9396,702
9397,306
9398,513
9400,201
9401,138
9402,570
9403,540
9405,462
9406,183
9407,524
9408,558
9410,615
9411,796
9412,240
9413,584
9415,222
9416,13
9417,313
9418,142
9420,137
9421,695
9422,605
9423,667
9425,530
9426,276
9427,286
9428,535
9430,133
9431,377
9432,476
9433,366
9435,728
9436,115
9437,88
9438,173
9440,58
9441,449
9442,753
9443,368
9445,699
9446,511
9447,272
9448,456
9450,647
9451,222
9452,752
9453,733
9455,346
9456,586
9457,202
9458,750
9460,582
9461,213
9462,532
9463,56
9465,65
9466,785
9467,173
9468,232
9470,292
9471,796
9472,317
9473,33
9475,324
9476,97
9477,157
9478,370
9480,313
9481,647
9482,299
9483,167
9485,326
9486,307
9487,543
9488,467
9490,267
9491,476
9492,318
9493,306
9495,651
9496,9
9497,75
9498,484
9500,677
9501,80
9502,711
9503,146
9505,665
9506,571
9507,777
9508,749
9510,481
9511,204
9512,205
9513,211
9515,796
9516,15
9517,251
9518,381
9520,73
9521,75
9522,569
9523,215
9525,44
9526,563
9527,745
9528,432
9530,713
9531,63
9532,694
9533,543
9535,59
9536,628
9537,575
9538,371
9540,148
9541,739
9542,609
9543,740
9545,116
9546,618
9547,97
9548,716
9550,490
9551,209
9552,103
9553,347
9555,345
9556,100
9557,217
9558,49
9560,579
9561,564
9562,70
9563,385
9565,347
9566,115
9567,431
9568,404
9570,483
9571,137
9572,445
9573,11
9575,540
9576,587
9577,382
9578,62
9580,373
9581,415
9582,29
9583,655
9585,167
9586,609
9587,330
9588,162
9590,209
9591,684
9592,498
9593,560
9595,520
9596,756
9597,123
9598,551
9600,484
9601,60
9602,288
9603,435
9605,517
9606,407
9607,459
9608,465
9610,461
9611,384
9612,230
9613,338
9615,760
9616,26
9617,28
9618,699
9620,148
9621,436
9622,647
9623,113
9625,432
9626,183
9627,733
9628,30
9630,446
9631,148
9632,193
9633,678
9635,366
9636,460
9637,567
9638,560
9640,124
9641,58
9642,522
9643,500
9645,222
9646,36
9647,349
9648,747
9650,439
9651,699
9652,286
9653,163
9655,325
9656,287
9657,305
9658,781
9660,464
9661,367
9662,545
9663,136
9665,485
9666,387
9667,281
9668,292
9670,754
9671,340
9672,683
9673,281
9675,365
9676,270
9677,786
9678,616
9680,388
9681,423
9682,121
9683,187
9685,517
9686,713
9687,646
9688,41
9690,635
9691,665
9692,518
9693,469
9695,234
9696,116
9697,74
9698,231
9700,680
9701,534
9702,149
9703,535
9705,559
9706,531
9707,528
9708,665
9710,652
9711,606
9712,348
9713,544
9715,192
9716,524
9717,168
9718,493
9720,196
9721,27
9722,117
9723,260
9725,238
9726,613
9727,678
9728,221
9730,224
9731,31
9732,776
9733,531
9735,323
9736,71
9737,677
9738,660
9740,493
9741,760
9742,357
9743,503
9745,43
9746,44
9747,668
9748,731
9750,248
9751,470
9752,35
9753,677
9755,658
9756,148
9757,762
9758,758
9760,567
9761,774
9762,265
9763,535
9765,601
9766,728
9767,520
9768,456
9770,52
9771,193
9772,547
9773,455
9775,115
9776,723
9777,147
9778,239
9780,512
9781,87
9782,86
9783,204
9785,180
9786,523
9787,794
9788,251
9790,260
9791,18
9792,41
9793,164
9795,258
9796,159
9797,388
9798,546
9800,92
9801,627
9802,271
9803,374
9805,401
9806,225
9807,749
9808,426
9810,766
9811,271
9812,439
9813,716
9815,665
9816,260
9817,417
9818,757
9820,630
9821,707
9822,394
9823,166
9825,565
9826,790
9827,559
9828,480
9830,641
9831,474
9832,504
9833,411
9835,719
9836,167
9837,346
9838,323
9840,211
9841,440
9842,434
9843,171
9845,206
9846,796
9847,7
9848,541
9850,332
9851,588
9852,662
9853,307
9855,208
9856,290
9857,334
9858,496
9860,200
9861,94
9862,26
9863,72
9865,642
9866,146
9867,434
9868,86
9870,201
9871,181
9872,381
9873,181
9875,748
9876,681
9877,527
9878,50
9880,281
9881,588
9882,76
9883,645
9885,360
9886,14
9887,762
9888,756
9890,558
9891,751
9892,519
9893,674
9895,410
9896,648
9897,61
9898,91
9900,2
9901,130
9902,742
9903,154
9905,601
9906,226
9907,773
9908,64
9910,429
9911,378
9912,639
9913,36
9915,380
9916,12
9917,325
9918,754
9920,49
9921,192
9922,181
9923,735
9925,774
9926,87
9927,66
9928,388
9930,220
9931,327
9932,487
9933,257
9935,13
9936,798
9937,97
9938,600
9940,421
9941,432
9942,57
9943,378
9945,77
9946,648
9947,267
9948,57
9950,716
9951,781
9952,437
9953,584
9955,725
9956,177
9957,542
9958,691
9960,729
9961,550
9962,626
9963,488
9965,132
9966,10
9967,516
9968,531
9970,380
9971,524
9972,503
9973,438
9975,681
9976,636
9977,479
9978,169
9980,614
9981,686
9982,173
9983,644
9985,247
9986,473
9987,210
9988,466
9990,177
9991,159
9992,713
9993,115
9995,715
9996,202
9997,705
9998,514
10000,669
