Clientes sospechosos:


[1 1 59]
[8 2 6]
[28 6 6]
[132 27 4]
[412 83 3]
[537 108 3]
[550 111 2]
[49998 10000 107]
[49984 9998 13]
[49943 9989 9]
[49890 9979 9]
[49872 9975 3]
[49803 9961 3]
[48531 9707 3]
[48208 9642 1]
[47250 9451 1]
[46915 9384 1]
[45731 9147 1]
[44881 8977 1]
[42870 8575 1]
[41627 8326 1]
[41623 8325 1]
[40271 8055 1]
[40110 8023 1]
[39199 7840 1]
[37798 7560 1]
[37037 7408 1]
[35980 7197 1]
[35504 7101 1]
[33201 6641 1]
[33096 6620 1]
[32352 6471 1]
[32328 6466 1]
[31529 6306 1]
[31299 6260 1]
[31049 6210 1]
[28364 5673 1]
[27981 5597 1]
[27794 5559 1]
[24500 4901 1]
[23592 4719 1]
[21896 4380 1]
[21052 4211 1]
[20341 4069 1]
[18706 3742 1]
[17281 3457 1]
[14814 2963 1]
[14459 2892 1]
[13841 2769 1]
[12465 2494 1]
[12172 2435 1]
[11596 2320 1]
[10152 2031 1]
[9809 1963 1]
[8250 1651 1]
[7745 1550 1]
[7441 1489 1]
[6177 1236 1]
[5950 1191 1]
[5867 1174 1]
[5277 1056 1]
[5224 1046 1]
[4723 945 1]
[4086 818 1]
[3462 693 1]
[3437 688 1]
[2919 584 1]
[1396 280 1]
[1063 213 1]
[4 1 269]
[7 2 93]
[17 4 30]
[22 5 16]
[31 7 7]
[607 122 3]
[49997 10000 156]
[49992 9999 113]
[49981 9997 76]
[49978 9996 50]
[49942 9989 11]
[49712 9943 4]
[48992 9799 4]
[48787 9758 4]
[48195 9640 4]
[47957 9592 3]
[47659 9532 2]
[47404 9481 2]
[44012 8803 2]
[43434 8687 2]
[42485 8498 2]
[41188 8238 2]
[41080 8217 2]
[40042 8009 2]
[39922 7985 2]
[39829 7966 2]
[36274 7255 2]
[32720 6545 2]
[30685 6138 2]
[29028 5806 2]
[28563 5713 2]
[24786 4958 2]
[24148 4830 2]
[23856 4772 2]
[22072 4415 2]
[21971 4395 2]
[20737 4148 2]
[19901 3981 2]
[19295 3860 2]
[17796 3560 2]
[16499 3300 2]
[16322 3265 2]
[14897 2980 2]
[14797 2960 2]
[14434 2887 2]
[13865 2774 2]
[13242 2649 2]
[12553 2511 2]
[12344 2469 2]
[12180 2437 2]
[12144 2429 2]
[12038 2408 2]
[11914 2384 2]
[10954 2192 2]
[10690 2139 2]
[9343 1869 2]
[9077 1816 2]
[8267 1654 2]
[8115 1624 2]
[4735 948 2]
[3828 766 2]
[3232 647 2]
[2550 511 2]
[1386 278 2]
[0 1 463]
[5 2 171]
[25 6 64]
[53 11 31]
[97 20 29]
[153 31 22]
[265 54 13]
[342 69 10]
[357 72 10]
[500 101 8]
[1157 232 8]
[1371 275 5]
[1951 391 4]
[2105 422 4]
[49995 10000 366]
[49991 9999 131]
[49970 9995 117]
[49967 9994 83]
[49955 9992 51]
[49929 9987 43]
[49908 9982 20]
[49901 9981 14]
[49667 9934 9]
[49570 9915 5]
[49192 9839 5]
[48935 9788 5]
[48813 9763 5]
[47910 9583 4]
[47370 9475 3]
[46682 9337 3]
[46522 9305 3]
[46405 9282 3]
[46217 9244 3]
[45999 9200 3]
[45599 9120 3]
[45559 9112 3]
[44308 8862 3]
[44150 8831 3]
[39587 7918 3]
[37961 7593 3]
[37191 7439 3]
[37167 7434 3]
[36333 7267 3]
[36316 7264 3]
[36266 7254 3]
[36166 7234 3]
[34505 6902 3]
[33051 6611 3]
[32809 6562 3]
[32597 6520 3]
[32336 6468 3]
[31789 6358 3]
[31348 6270 3]
[30759 6152 3]
[30445 6090 3]
[30249 6050 3]
[30051 6011 3]
[29127 5826 3]
[28944 5789 3]
[27750 5551 3]
[26896 5380 3]
[22814 4563 3]
[22531 4507 3]
[19710 3943 3]
[19310 3863 3]
[18636 3728 3]
[17746 3550 3]
[16801 3361 3]
[16648 3330 3]
[16270 3255 3]
[15795 3160 3]
[15472 3095 3]
[14734 2947 3]
[14142 2829 3]
[11055 2212 3]
[9279 1857 3]
[8301 1661 3]
[8217 1644 3]
[7970 1595 3]
[7341 1469 3]
[7003 1401 3]
[6311 1263 3]
[6277 1256 3]
[5962 1193 3]
[4838 968 3]
[4661 933 3]
[4638 928 3]
[3671 735 3]
[3393 679 3]
[3 1 630]
[6 2 224]
[24 6 197]
[36 8 101]
[56 12 55]
[65 14 55]
[84 17 52]
[151 31 39]
[194 40 39]
[266 54 36]
[305 62 24]
[361 73 20]
[463 93 11]
[560 113 10]
[1197 240 9]
[1504 301 9]
[1769 354 6]
[2021 405 6]
[49996 10000 453]
[49990 9999 335]
[49974 9996 246]
[49966 9994 102]
[49948 9990 71]
[49941 9989 58]
[49938 9988 53]
[49915 9984 50]
[49909 9983 44]
[49881 9977 15]
[49805 9962 15]
[49421 9885 11]
[49278 9856 7]
[49116 9824 6]
[48410 9683 6]
[47081 9417 6]
[46997 9400 5]
[46332 9267 4]
[45432 9087 4]
[45387 9078 4]
[44016 8804 4]
[43027 8606 4]
[42456 8492 4]
[42294 8459 4]
[42212 8443 4]
[41983 8397 4]
[40658 8132 4]
[40492 8099 4]
[40423 8085 4]
[40265 8054 4]
[40003 8001 4]
[39920 7985 4]
[38822 7765 4]
[38578 7716 4]
[38547 7710 4]
[36190 7239 4]
[33525 6706 4]
[32871 6575 4]
[32457 6492 4]
[32415 6484 4]
[29956 5992 4]
[28685 5738 4]
[28201 5641 4]
[26391 5279 4]
[25472 5095 4]
[24754 4951 4]
[24343 4869 4]
[23545 4710 4]
[23090 4619 4]
[22249 4450 4]
[21832 4367 4]
[21596 4320 4]
[19043 3809 4]
[18984 3797 4]
[18912 3783 4]
[18667 3734 4]
[18574 3715 4]
[16946 3390 4]
[15922 3185 4]
[15871 3175 4]
[15391 3079 4]
[14541 2909 4]
[13787 2758 4]
[12872 2575 4]
[11551 2311 4]
[10847 2170 4]
[10424 2086 4]
[10329 2067 4]
[10151 2031 4]
[8882 1777 4]
[8200 1641 4]
[7708 1542 4]
[7608 1522 4]
[7097 1420 4]
[3646 730 4]
[2 1 714]
[9 2 595]
[10 3 260]
[16 4 235]
[47 10 115]
[57 12 101]
[100 21 63]
[146 30 53]
[174 35 44]
[288 58 38]
[330 67 31]
[391 79 28]
[409 83 21]
[538 108 21]
[556 112 15]
[916 184 15]
[1262 253 14]
[1509 302 14]
[1843 369 14]
[1925 386 10]
[2012 403 9]
[2083 417 8]
[2224 445 8]
[2568 514 7]
[2753 551 7]
[3710 743 7]
[3957 792 6]
[4443 889 6]
[4617 924 6]
[5299 1061 6]
[5454 1092 6]
[49994 10000 514]
[49993 9999 499]
[49987 9998 395]
[49973 9995 255]
[49964 9994 240]
[49960 9993 170]
[49944 9990 93]
[49903 9981 92]
[49893 9979 45]
[49878 9976 17]
[49315 9864 17]
[49279 9857 14]
[49236 9848 14]
[49136 9828 10]
[48994 9800 9]
[48986 9798 8]
[48064 9613 8]
[47964 9593 7]
[46246 9250 6]
[45393 9079 5]
[42673 8535 5]
[42457 8492 5]
[40040 8009 5]
[39962 7993 5]
[39734 7947 5]
[39147 7830 5]
[36845 7370 5]
[34651 6931 5]
[34230 6847 5]
[34054 6811 5]
[33332 6667 5]
[32822 6565 5]
[32129 6426 5]
[30040 6009 5]
[28109 5622 5]
[26568 5314 5]
[25967 5194 5]
[25478 5096 5]
[24935 4988 5]
[24927 4986 5]
[23309 4662 5]
[21523 4305 5]
[19815 3964 5]
[18856 3772 5]
[18598 3720 5]
[18375 3676 5]
[17327 3466 5]
[16097 3220 5]
[15583 3117 5]
[15528 3106 5]
[14956 2992 5]
[14773 2955 5]
[14232 2847 5]
[14127 2826 5]
[8454 1692 5]
[8190 1639 5]
[7884 1578 5]
[7547 1510 5]
[6281 1257 5]
[5969 1195 5]
[5618 1124 5]
[12 3 333]
[19 5 247]
[58 12 145]
[103 21 139]
[108 22 125]
[117 24 78]
[136 28 73]
[173 35 66]
[199 41 51]
[302 61 47]
[327 66 45]
[341 69 41]
[433 87 30]
[508 102 24]
[585 118 17]
[702 141 17]
[850 171 16]
[1511 303 16]
[1944 389 14]
[2026 406 12]
[2629 526 11]
[2800 561 9]
[3072 615 8]
[3789 759 8]
[4180 837 7]
[5384 1078 7]
[5494 1100 7]
[5838 1168 7]
[6004 1202 7]
[6191 1239 7]
[49999 10000 616]
[49989 9999 580]
[49988 9998 560]
[49980 9997 450]
[49969 9995 313]
[49965 9994 265]
[49962 9993 204]
[49958 9992 176]
[49940 9989 96]
[49863 9973 47]
[49852 9971 25]
[49781 9957 20]
[49451 9891 20]
[48959 9793 16]
[48817 9764 9]
[47284 9457 9]
[47127 9426 9]
[46981 9397 8]
[46167 9234 8]
[45743 9149 8]
[45365 9074 6]
[45128 9026 6]
[44764 8953 6]
[44154 8831 6]
[43567 8714 6]
[42889 8578 6]
[42788 8558 6]
[42778 8556 6]
[41788 8358 6]
[40498 8100 6]
[40351 8071 6]
[40229 8046 6]
[40176 8036 6]
[39786 7958 6]
[39738 7948 6]
[38165 7634 6]
[37609 7522 6]
[37085 7418 6]
[36998 7400 6]
[36846 7370 6]
[36605 7322 6]
[36258 7252 6]
[32938 6588 6]
[32127 6426 6]
[31346 6270 6]
[30549 6110 6]
[30137 6028 6]
[28744 5749 6]
[27835 5568 6]
[27019 5404 6]
[24536 4908 6]
[21712 4343 6]
[21532 4307 6]
[21462 4293 6]
[19853 3971 6]
[17293 3459 6]
[16052 3211 6]
[15782 3157 6]
[14887 2978 6]
[13732 2747 6]
[12731 2547 6]
[12658 2532 6]
[10907 2182 6]
[8889 1779 6]
[7786 1558 6]
[7356 1472 6]
[7212 1443 6]

Clientes con datos corruptos:


