Clientes sospechosos:


[0 5 635]
[2 15 417]
[6 35 144]
[7 40 134]
[8 45 38]
[17 90 38]
[23 120 14]
[200 1005 12]
[226 1135 8]
[579 2900 4]
[1107 5540 4]
[1330 6655 3]
[1999 10000 573]
[1998 9995 192]
[1992 9965 42]
[1980 9905 8]
[1935 9680 6]
[1673 8370 1]
[1 10 785]
[3 20 699]
[4 25 669]
[9 50 372]
[12 65 329]
[14 75 167]
[15 80 114]
[18 95 97]
[21 110 90]
[29 150 68]
[85 430 24]
[168 845 22]
[206 1035 17]
[381 1910 10]
[866 4335 6]
[987 4940 6]
[1997 9990 610]
[1995 9980 533]
[1991 9960 381]
[1989 9950 332]
[1985 9930 210]
[1981 9910 83]
[1979 9900 33]
[1805 9030 27]
[1791 8960 11]
[1550 7755 11]
[1534 7675 8]
[1416 7085 4]

Clientes con datos corruptos:


