Clientes sospechosos:


[0 1 180]
[1 3 159]
[2 5 83]
[14 25 7]
[15 26 3]
[96 161 2]
[245 410 2]
[5999 9999 509]
[5998 9998 103]
[5993 9989 17]
[5959 9933 2]
[5510 9185 2]
[5506 9178 1]
[5470 9118 1]
[4113 6856 1]
[2950 4918 1]
[2563 4273 1]
[693 1156 1]
[280 468 1]
[274 458 1]
[3 6 100]
[24 41 50]
[38 64 13]
[39 66 9]
[297 496 6]
[299 500 4]
[5997 9996 738]
[5996 9994 169]
[5981 9969 107]
[5973 9956 81]
[5970 9951 40]
[5967 9946 26]
[5949 9916 10]
[5933 9889 3]
[5761 9603 3]
[5354 8925 2]
[5167 8613 2]
[5084 8475 2]
[5056 8428 2]
[3448 5748 2]
[1609 2683 2]
[1529 2549 2]
[715 1193 2]
[588 981 2]
[336 561 2]
[4 8 463]
[5 10 140]
[40 68 41]
[68 115 19]
[237 396 11]
[310 518 10]
[313 523 8]
[417 696 5]
[5995 9993 723]
[5994 9991 275]
[5989 9983 210]
[5988 9981 177]
[5969 9949 158]
[5968 9948 55]
[5963 9939 55]
[5935 9893 49]
[5919 9866 28]
[5896 9828 6]
[5715 9526 4]
[4814 8025 4]
[4679 7800 3]
[4444 7408 3]
[3433 5723 3]
[3152 5255 3]
[2765 4609 3]
[1490 2484 3]
[1425 2376 3]
[1006 1678 3]
[1005 1676 3]
[985 1643 3]

Clientes con datos corruptos:


