Clientes sospechosos:


[1514 1515 1]
[1886 1887 1]
[2077 2078 1]
[2178 2179 1]
[3322 3323 1]
[3349 3350 1]
[4324 4325 1]
[4349 4350 1]
[5179 5180 1]
[5256 5257 1]
[5753 5754 1]
[7763 7764 1]
[7954 7955 1]
[8864 8865 1]
[9140 9141 1]
[16 17 3]
[429 430 3]
[1124 1125 3]
[9303 9304 4]
[9648 9649 5]
[9649 9650 5]
[9782 9783 10]
[9935 9936 16]
[9976 9977 25]
[9988 9989 35]
[11 12 37]
[1 2 59]
[9995 9996 59]
[9996 9997 202]
[0 1 332]
[9997 9998 476]
[9998 9999 758]
[9999 10000 772]
[1668 1669 2]
[1968 1969 2]
[4147 4148 2]
[4430 4431 2]
[5339 5340 2]
[6330 6331 2]
[6848 6849 2]
[8001 8002 2]
[1595 1596 3]
[8482 8483 3]
[8624 8625 3]
[9042 9043 3]
[147 148 5]
[1582 1583 5]
[49 50 6]
[9144 9145 8]
[9365 9366 8]
[9450 9451 8]
[9746 9747 15]
[9781 9782 17]
[9840 9841 19]
[9879 9880 31]
[9902 9903 34]
[9970 9971 43]
[20 21 48]
[9994 9995 90]
[12 13 186]
[9 10 265]
[8 9 349]
[2 3 352]
[4518 4519 3]
[5380 5381 3]
[6715 6716 3]
[6728 6729 3]
[6764 6765 3]
[7969 7970 3]
[1904 1905 4]
[3413 3414 4]
[4005 4006 4]
[4205 4206 4]
[8172 8173 4]
[8186 8187 4]
[8682 8683 4]
[1851 1852 6]
[52 53 7]
[8709 8710 7]
[9372 9373 9]
[9432 9433 12]
[9505 9506 16]
[9606 9607 16]
[9612 9613 17]
[9778 9779 20]
[9827 9828 21]
[9851 9852 32]
[9884 9885 38]
[29 30 62]
[9933 9934 66]
[9945 9946 77]
[9961 9962 109]
[9965 9966 147]
[9966 9967 184]
[9990 9991 201]
[23 24 208]
[19 20 211]
[9991 9992 218]
[15 16 349]
[9993 9994 372]
[4 5 448]
[3 4 514]

Clientes con datos corruptos:


