Clientes sospechosos:


[106 18 1]
[424 71 1]
[754 126 1]
[2243 375 1]
[3021 504 1]
[3223 538 1]
[4830 806 1]
[6232 1039 1]
[6353 1059 1]
[7579 1264 1]
[7634 1273 1]
[8772 1463 1]
[8776 1463 1]
[9348 1559 1]
[9412 1569 1]
[10040 1674 1]
[10639 1774 1]
[10664 1778 1]
[11820 1971 1]
[14016 2337 1]
[16982 2831 1]
[17995 3000 1]
[18404 3068 1]
[19777 3297 1]
[20598 3434 1]
[20966 3495 1]
[21340 3557 1]
[22082 3681 1]
[22143 3691 1]
[23894 3983 1]
[24100 4017 1]
[24554 4093 1]
[25364 4228 1]
[26699 4450 1]
[27176 4530 1]
[28178 4697 1]
[28781 4797 1]
[29553 4926 1]
[32133 5356 1]
[32812 5469 1]
[36040 6007 1]
[36915 6153 1]
[37246 6208 1]
[37500 6251 1]
[38177 6364 1]
[38586 6432 1]
[39653 6610 1]
[40445 6742 1]
[40928 6822 1]
[42120 7021 1]
[42365 7062 1]
[42996 7167 1]
[43706 7285 1]
[45160 7527 1]
[47529 7922 1]
[47736 7957 1]
[48630 8106 1]
[48696 8117 1]
[49154 8193 1]
[49841 8308 1]
[50533 8423 1]
[50919 8487 1]
[53161 8861 1]
[53937 8990 1]
[54245 9042 1]
[54399 9067 1]
[55417 9237 1]
[56489 9416 1]
[56932 9489 1]
[58981 9831 1]
[59699 9950 1]
[59801 9967 1]
[27 5 3]
[59893 9983 9]
[59994 10000 11]
[19 4 67]
[6 2 113]
[0 1 269]
[129 22 2]
[1989 332 2]
[3593 600 2]
[4157 693 2]
[5618 937 2]
[5995 1000 2]
[6860 1144 2]
[7098 1184 2]
[7364 1228 2]
[7612 1269 2]
[8623 1438 2]
[8733 1456 2]
[10927 1822 2]
[12381 2064 2]
[12524 2088 2]
[13223 2205 2]
[14258 2377 2]
[17341 2891 2]
[17692 2949 2]
[19641 3274 2]
[20592 3433 2]
[20844 3475 2]
[21295 3550 2]
[21448 3575 2]
[21467 3578 2]
[23242 3874 2]
[26281 4381 2]
[27382 4564 2]
[28105 4685 2]
[29602 4934 2]
[31570 5262 2]
[31992 5333 2]
[32873 5480 2]
[32880 5481 2]
[33490 5582 2]
[33889 5649 2]
[34815 5803 2]
[34934 5823 2]
[35426 5905 2]
[35605 5935 2]
[36023 6005 2]
[36531 6089 2]
[37269 6212 2]
[38230 6372 2]
[38582 6431 2]
[40061 6678 2]
[40435 6740 2]
[40589 6766 2]
[41289 6882 2]
[41602 6934 2]
[42334 7056 2]
[43974 7330 2]
[44107 7352 2]
[46996 7833 2]
[47274 7880 2]
[48004 8001 2]
[48690 8116 2]
[48760 8127 2]
[49672 8279 2]
[50029 8339 2]
[50170 8362 2]
[50321 8388 2]
[50754 8460 2]
[51289 8549 2]
[51591 8599 2]
[53699 8951 2]
[54910 9152 2]
[55291 9216 2]
[55580 9264 2]
[56984 9498 2]
[57531 9589 2]
[58558 9760 2]
[58923 9821 3]
[59262 9878 3]
[59691 9949 3]
[104 18 5]
[59793 9966 11]
[59980 9997 12]
[67 12 14]
[28 5 32]
[59991 9999 85]
[59999 10000 89]
[1 1 359]
[727 122 3]
[2946 492 3]
[4106 685 3]
[4489 749 3]
[6370 1062 3]
[7720 1287 3]
[7827 1305 3]
[7929 1322 3]
[9265 1545 3]
[9654 1610 3]
[9674 1613 3]
[9722 1621 3]
[10064 1678 3]
[10915 1820 3]
[11147 1859 3]
[11281 1881 3]
[12803 2135 3]
[16645 2775 3]
[16686 2782 3]
[17301 2884 3]
[17501 2917 3]
[17788 2965 3]
[18295 3050 3]
[22282 3714 3]
[24789 4132 3]
[25070 4179 3]
[26339 4390 3]
[26351 4392 3]
[26531 4422 3]
[26540 4424 3]
[26554 4426 3]
[30112 5019 3]
[30262 5044 3]
[30962 5161 3]
[31214 5203 3]
[31822 5304 3]
[33043 5508 3]
[33165 5528 3]
[34113 5686 3]
[34762 5794 3]
[34839 5807 3]
[35023 5838 3]
[36228 6039 3]
[36239 6041 3]
[36521 6088 3]
[37284 6215 3]
[38094 6350 3]
[38704 6451 3]
[38967 6495 3]
[39167 6529 3]
[41591 6933 3]
[42393 7066 3]
[43799 7301 3]
[44878 7480 3]
[44922 7488 3]
[45054 7510 3]
[46162 7694 3]
[46908 7819 3]
[48375 8063 3]
[48470 8079 3]
[48705 8118 3]
[49376 8230 3]
[49878 8314 3]
[50643 8441 3]
[50824 8471 3]
[51088 8515 3]
[53123 8855 3]
[53630 8939 3]
[55426 9238 3]
[57242 9541 3]
[57851 9643 3]
[58051 9676 3]
[58255 9710 3]
[58539 9757 3]
[58549 9759 3]
[58909 9819 4]
[59263 9878 5]
[277 47 8]
[498 84 8]
[707 119 8]
[59322 9888 8]
[242 41 9]
[59336 9890 9]
[215 37 10]
[59500 9917 11]
[59603 9934 11]
[59732 9956 12]
[59791 9966 13]
[105 18 14]
[59930 9989 19]
[100 17 35]
[59964 9995 48]
[79 14 67]
[43 8 80]
[38 7 129]
[59996 10000 138]
[30 6 169]
[29 5 193]
[2 1 374]
[772 129 4]
[1812 303 4]
[2087 349 4]
[2902 484 4]
[4162 694 4]
[4248 709 4]
[4327 722 4]
[4330 722 4]
[4457 743 4]
[7363 1228 4]
[7649 1276 4]
[7654 1276 4]
[8403 1401 4]
[8589 1432 4]
[9168 1529 4]
[9331 1556 4]
[9687 1615 4]
[10066 1678 4]
[11377 1897 4]
[12049 2009 4]
[12176 2030 4]
[12241 2041 4]
[12531 2089 4]
[13133 2190 4]
[13148 2192 4]
[14602 2434 4]
[14698 2450 4]
[15580 2597 4]
[17886 2982 4]
[18004 3001 4]
[18250 3042 4]
[18666 3112 4]
[20553 3426 4]
[21548 3592 4]
[23497 3917 4]
[25090 4182 4]
[28627 4772 4]
[28791 4799 4]
[28913 4819 4]
[29266 4878 4]
[29489 4915 4]
[30122 5021 4]
[30254 5043 4]
[30522 5088 4]
[30957 5160 4]
[33647 5609 4]
[33922 5654 4]
[34501 5751 4]
[34535 5757 4]
[35107 5852 4]
[37133 6190 4]
[37245 6208 4]
[37607 6269 4]
[37866 6312 4]
[38112 6353 4]
[38935 6490 4]
[39011 6503 4]
[39834 6640 4]
[41029 6839 4]
[42719 7121 4]
[43635 7273 4]
[44010 7336 4]
[44990 7499 4]
[45151 7526 4]
[45268 7545 4]
[46754 7793 4]
[47982 7998 4]
[48078 8014 4]
[50946 8492 4]
[50996 8500 4]
[51129 8522 4]
[51931 8656 4]
[52122 8688 4]
[52531 8756 4]
[54489 9082 4]
[55288 9215 4]
[55584 9265 4]
[56370 9396 4]
[743 125 5]
[56412 9403 5]
[56470 9412 5]
[56552 9426 5]
[58103 9685 5]
[58167 9695 5]
[58692 9783 5]
[58729 9789 6]
[58784 9798 8]
[59004 9835 8]
[59652 9943 13]
[473 80 14]
[59768 9962 16]
[276 47 18]
[145 25 20]
[59782 9964 24]
[59820 9971 26]
[59890 9982 28]
[97 17 40]
[59898 9984 72]
[57 10 83]
[59904 9985 90]
[59933 9989 94]
[59957 9993 102]
[59979 9997 147]
[46 8 149]
[59990 9999 163]
[40 7 208]
[59997 10000 272]
[5 1 382]
[1540 257 5]
[2924 488 5]
[4298 717 5]
[4562 761 5]
[4820 804 5]
[5856 977 5]
[7515 1253 5]
[8677 1447 5]
[10008 1669 5]
[10043 1675 5]
[11429 1906 5]
[11780 1964 5]
[12335 2057 5]
[13211 2203 5]
[13883 2315 5]
[14141 2358 5]
[15658 2610 5]
[15694 2616 5]
[17989 2999 5]
[20470 3412 5]
[21168 3529 5]
[22401 3734 5]
[22646 3775 5]
[24254 4043 5]
[25493 4249 5]
[25898 4317 5]
[26231 4372 5]
[26518 4420 5]
[27593 4599 5]
[28649 4775 5]
[30477 5080 5]
[31708 5285 5]
[31770 5296 5]
[32312 5386 5]
[33695 5617 5]
[34780 5797 5]
[34990 5832 5]
[36565 6095 5]
[36581 6098 5]
[37115 6187 5]
[38039 6341 5]
[40079 6681 5]
[40215 6703 5]
[40223 6705 5]
[42207 7035 5]
[42685 7115 5]
[43382 7231 5]
[45041 7508 5]
[45235 7540 5]
[47538 7924 5]
[47562 7928 5]
[47965 7995 5]
[48112 8019 5]
[48422 8071 5]
[49033 8173 5]
[50332 8389 5]
[51386 8565 5]
[51623 8605 5]
[52160 8694 5]
[52191 8699 5]
[52978 8830 5]
[53083 8848 5]
[53523 8921 5]
[53621 8938 5]
[54117 9020 5]
[54585 9098 5]
[56220 9371 5]
[900 151 6]
[1064 178 6]
[57403 9568 6]
[58427 9739 6]
[791 133 7]
[821 138 7]
[58488 9749 8]
[58534 9756 8]
[58831 9806 10]
[59457 9910 14]
[766 128 15]
[524 88 17]
[59514 9920 17]
[307 52 20]
[406 68 20]
[426 72 20]
[148 25 21]
[59588 9932 24]
[59717 9953 27]
[59739 9957 27]
[59778 9964 32]
[59862 9978 37]
[59874 9980 42]
[109 19 47]
[59885 9981 50]
[99 17 79]
[53 10 89]
[59900 9984 89]
[59915 9986 117]
[59948 9992 128]
[59956 9993 149]
[59989 9999 184]
[44 8 193]
[3 1 390]
[59998 10000 502]
[2384 398 6]
[2669 446 6]
[2862 478 6]
[4113 686 6]
[4780 797 6]
[5167 862 6]
[5358 894 6]
[6194 1033 6]
[6798 1134 6]
[7053 1176 6]
[7073 1179 6]
[8523 1421 6]
[9119 1521 6]
[9457 1577 6]
[10028 1672 6]
[10147 1692 6]
[10421 1738 6]
[10577 1764 6]
[10629 1772 6]
[11974 1996 6]
[13584 2265 6]
[13670 2279 6]
[14174 2363 6]
[14222 2371 6]
[14812 2469 6]
[15555 2593 6]
[16413 2736 6]
[18091 3016 6]
[18819 3137 6]
[18869 3145 6]
[20081 3347 6]
[20328 3389 6]
[20397 3400 6]
[20617 3437 6]
[20641 3441 6]
[22230 3706 6]
[22409 3735 6]
[22465 3745 6]
[22718 3787 6]
[23948 3992 6]
[28290 4716 6]
[28401 4734 6]
[28681 4781 6]
[31042 5174 6]
[31236 5207 6]
[32398 5400 6]
[32443 5408 6]
[32943 5491 6]
[33120 5521 6]
[33699 5617 6]
[33947 5659 6]
[34432 5739 6]
[34844 5808 6]
[35434 5906 6]
[36262 6044 6]
[36639 6107 6]
[36968 6162 6]
[38240 6374 6]
[38545 6425 6]
[38831 6473 6]
[39132 6523 6]
[39194 6533 6]
[39810 6636 6]
[41270 6879 6]
[41302 6884 6]
[41354 6893 6]
[41424 6905 6]
[41690 6949 6]
[42276 7047 6]
[42436 7073 6]
[42496 7083 6]
[42667 7112 6]
[44816 7470 6]
[44839 7474 6]
[45021 7504 6]
[45098 7517 6]
[45833 7640 6]
[47199 7867 6]
[49331 8223 6]
[49994 8333 6]
[52788 8799 6]
[52810 8802 6]
[54381 9064 6]
[54456 9077 6]
[55916 9320 6]
[1260 211 7]
[1544 258 7]
[2252 376 7]
[56100 9351 7]
[56287 9382 7]
[57927 9655 7]
[58140 9691 7]
[887 149 8]
[58193 9700 8]
[58280 9714 8]
[58590 9766 11]
[58690 9782 11]
[58776 9797 16]
[58929 9822 17]
[832 139 18]
[59345 9891 19]
[440 74 21]
[456 77 21]
[161 28 27]
[227 38 27]
[59364 9895 28]
[146 25 30]
[59675 9946 31]
[59788 9965 38]
[59868 9979 50]
[128 22 67]
[59887 9982 103]
[54 10 105]
[114 20 105]
[59901 9984 121]
[59925 9988 142]
[59953 9993 191]
[59960 9994 221]
[59966 9995 261]
[47 9 299]
[59973 9996 303]
[59984 9998 331]
[7 2 417]
[59992 9999 584]
[59995 10000 610]
[4 1 688]
[2630 439 7]
[3212 536 7]
[3724 621 7]
[4498 750 7]
[4567 762 7]
[5084 848 7]
[6296 1050 7]
[6825 1138 7]
[8039 1341 7]
[8862 1478 7]
[9973 1663 7]
[10127 1689 7]
[10531 1756 7]
[10544 1758 7]
[10727 1789 7]
[11077 1847 7]
[11264 1878 7]
[11502 1918 7]
[12343 2058 7]
[13123 2188 7]
[13348 2225 7]
[13398 2234 7]
[13626 2272 7]
[13961 2328 7]
[14380 2397 7]
[15111 2519 7]
[15910 2652 7]
[17664 2945 7]
[18734 3123 7]
[18928 3155 7]
[19204 3201 7]
[21305 3551 7]
[21615 3603 7]
[23471 3912 7]
[23517 3920 7]
[24028 4005 7]
[24818 4137 7]
[26409 4402 7]
[27041 4507 7]
[28159 4694 7]
[28446 4742 7]
[29488 4915 7]
[30300 5051 7]
[31132 5189 7]
[31481 5248 7]
[34117 5687 7]
[35286 5882 7]
[35472 5913 7]
[36112 6019 7]
[37583 6265 7]
[38032 6339 7]
[38340 6391 7]
[42512 7086 7]
[43558 7260 7]
[43760 7294 7]
[44432 7406 7]
[44772 7463 7]
[44814 7470 7]
[49431 8239 7]
[51845 8642 7]
[52752 8793 7]
[54253 9043 7]
[55139 9191 7]
[2562 428 8]
[55436 9240 8]
[55453 9243 8]
[55481 9248 8]
[55591 9266 8]
[57113 9520 8]
[57681 9614 8]
[57760 9627 8]
[57854 9643 8]
[57961 9661 8]
[58137 9690 8]
[1824 305 9]
[58195 9700 9]
[1011 169 10]
[1338 224 10]
[58497 9750 13]
[1003 168 15]
[58768 9795 19]
[58840 9807 20]
[59236 9873 20]
[889 149 22]
[630 106 23]
[455 76 25]
[340 57 28]
[59238 9874 29]
[59252 9876 30]
[59362 9894 33]
[201 34 35]
[59384 9898 36]
[59551 9926 38]
[59672 9946 41]
[59696 9950 42]
[59752 9959 50]
[59785 9965 51]
[186 32 52]
[182 31 72]
[59845 9975 76]
[167 29 88]
[147 25 95]
[59856 9977 96]
[59866 9978 98]
[93 16 107]
[55 10 133]
[59922 9988 146]
[59947 9992 280]
[59975 9996 309]
[59987 9998 414]
[49 9 423]
[8 2 433]
[59988 9999 587]

Clientes con datos corruptos:


