10000
1,752
2,339
3,267
4,406
5,405
6,612
7,277
8,572
9,295
10,468
11,683
12,115
13,324
14,257
15,350
16,585
17,34
18,618
19,129
20,449
21,300
22,208
23,583
24,88
25,161
26,340
27,671
28,271
29,370
30,165
31,711
32,162
33,613
34,788
35,530
36,15
37,560
38,350
39,441
40,505
41,526
42,315
43,113
44,429
45,603
46,682
47,587
48,756
49,149
50,309
51,346
52,211
53,96
54,271
55,17
56,515
57,601
58,477
59,562
60,13
61,562
62,159
63,144
64,446
65,274
66,612
67,184
68,474
69,730
70,399
71,105
72,609
73,460
74,428
75,637
76,550
77,513
78,418
79,372
80,398
81,199
82,513
83,134
84,204
85,574
86,552
87,723
88,655
89,535
90,390
91,580
92,527
93,570
94,489
95,335
96,712
97,178
98,311
99,430
100,144
101,178
102,123
103,716
104,131
105,756
106,3
107,337
108,590
109,767
110,542
111,435
112,723
113,45
114,577
115,641
116,697
117,240
118,658
119,381
120,583
121,576
122,12
123,338
124,283
125,105
126,408
127,94
128,135
129,407
130,41
131,159
132,786
133,87
134,21
135,309
136,335
137,245
138,41
139,611
140,326
141,563
142,292
143,653
144,599
145,514
146,158
147,418
148,51
149,514
150,153
151,36
152,236
153,562
154,64
155,198
156,434
157,476
158,76
159,279
160,129
161,387
162,778
163,422
164,792
165,196
166,18
167,114
168,49
169,686
170,361
171,493
172,280
173,71
174,12
175,501
176,759
177,411
178,94
179,387
180,447
181,462
182,544
183,799
184,274
185,16
186,368
187,95
188,792
189,382
190,5
191,744
192,244
193,402
194,88
195,305
196,614
197,435
198,353
199,149
200,224
201,532
202,17
203,775
204,598
205,716
206,290
207,498
208,198
209,127
210,268
211,217
212,215
213,536
214,277
215,744
216,727
217,408
218,766
219,159
220,5
221,695
222,696
223,685
224,674
225,102
226,91
227,203
228,394
229,359
230,275
231,618
232,685
233,84
234,318
235,330
236,125
237,62
238,502
239,654
240,784
241,648
242,78
243,493
244,764
245,105
246,327
247,5
248,654
249,411
250,635
251,738
252,738
253,647
254,84
255,788
256,160
257,416
258,425
259,488
260,189
261,385
262,133
263,307
264,286
265,454
266,39
267,636
268,491
269,504
270,752
271,721
272,57
273,371
274,698
275,294
276,108
277,791
278,388
279,471
280,394
281,166
282,205
283,221
284,651
285,612
286,778
287,780
288,492
289,57
290,219
291,384
292,403
293,26
294,464
295,786
296,466
297,325
298,442
299,97
300,783
301,543
302,15
303,636
304,234
305,108
306,348
307,560
308,200
309,406
310,66
311,91
312,20
313,140
314,471
315,257
316,379
317,293
318,703
319,372
320,17
321,238
322,253
323,242
324,17
325,326
326,491
327,404
328,196
329,113
330,88
331,567
332,427
333,680
334,75
335,371
336,615
337,296
338,163
339,468
340,54
341,686
342,270
343,163
344,394
345,184
346,116
347,783
348,511
349,308
350,741
351,411
352,138
353,779
354,528
355,10
356,614
357,94
358,7
359,485
360,743
361,723
362,257
363,470
364,668
365,695
366,71
367,782
368,584
369,14
370,652
371,404
372,279
373,25
374,2
375,39
376,422
377,398
378,623
379,44
380,367
381,772
382,570
383,222
384,21
385,415
386,430
387,304
388,212
389,345
390,671
391,531
392,215
393,111
394,165
395,127
396,646
397,337
398,35
399,655
400,415
401,187
402,770
403,336
404,609
405,11
406,551
407,16
408,106
409,587
410,392
411,416
412,177
413,87
414,311
415,761
416,299
417,512
418,701
419,485
420,90
421,127
422,300
423,13
424,319
425,446
426,376
427,74
428,77
429,206
430,634
431,352
432,676
433,595
434,383
435,784
436,26
437,164
438,283
439,441
440,596
441,723
442,256
443,29
444,262
445,323
446,765
447,762
448,574
449,173
450,799
451,129
452,616
453,560
454,157
455,374
456,515
457,269
458,23
459,390
460,534
461,438
462,714
463,62
464,230
465,290
466,536
467,798
468,294
469,67
470,33
471,202
472,449
473,4
474,400
475,587
476,414
477,5
478,655
479,281
480,323
481,347
482,468
483,700
484,482
485,274
486,444
487,22
488,369
489,451
490,619
491,213
492,518
493,392
494,636
495,649
496,42
497,601
498,715
499,126
500,86
501,100
502,694
503,229
504,80
505,117
506,675
507,194
508,268
509,697
510,469
511,448
512,800
513,145
514,705
515,223
516,126
517,639
518,796
519,734
520,507
521,757
522,482
523,668
524,346
525,135
526,224
527,694
528,782
529,344
530,319
531,786
532,514
533,783
534,211
535,792
536,14
537,693
538,315
539,778
540,690
541,188
542,100
543,212
544,741
545,543
546,126
547,157
548,564
549,4
550,168
551,646
552,569
553,603
554,543
555,788
556,27
557,525
558,100
559,149
560,629
561,34
562,320
563,45
564,454
565,703
566,374
567,594
568,145
569,573
570,253
571,508
572,550
573,279
574,686
575,488
576,269
577,296
578,330
579,465
580,18
581,128
582,128
583,258
584,564
585,17
586,765
587,37
588,536
589,299
590,31
591,182
592,474
593,695
594,336
595,384
596,83
597,251
598,205
599,78
600,784
601,63
602,38
603,22
604,101
605,363
606,257
607,507
608,196
609,51
610,268
611,491
612,347
613,20
614,350
615,625
616,21
617,1
618,763
619,231
620,500
621,557
622,668
623,25
624,525
625,471
626,695
627,476
628,598
629,762
630,750
631,115
632,717
633,200
634,552
635,44
636,562
637,17
638,770
639,764
640,726
641,249
642,409
643,30
644,73
645,371
646,704
647,159
648,546
649,689
650,614
651,461
652,273
653,645
654,685
655,420
656,311
657,232
658,698
659,756
660,154
661,644
662,476
663,107
664,259
665,605
666,524
667,16
668,693
669,180
670,153
671,563
672,362
673,44
674,705
675,600
676,412
677,192
678,347
679,427
680,575
681,506
682,280
683,219
684,616
685,644
686,525
687,70
688,484
689,589
690,289
691,394
692,385
693,515
694,455
695,283
696,505
697,748
698,451
699,109
700,774
701,545
702,548
703,565
704,608
705,406
706,361
707,517
708,301
709,44
710,217
711,145
712,726
713,332
714,20
715,318
716,775
717,53
718,739
719,283
720,26
721,702
722,323
723,69
724,338
725,542
726,159
727,197
728,386
729,609
730,309
731,256
732,387
733,338
734,749
735,739
736,473
737,237
738,194
739,565
740,430
741,679
742,120
743,579
744,557
745,660
746,206
747,12
748,761
749,674
750,524
751,224
752,49
753,490
754,627
755,140
756,203
757,369
758,654
759,626
760,323
761,734
762,672
763,166
764,392
765,108
766,47
767,106
768,776
769,677
770,410
771,273
772,267
773,272
774,25
775,740
776,314
777,556
778,544
779,723
780,628
781,97
782,474
783,357
784,604
785,642
786,671
787,621
788,435
789,60
790,785
791,66
792,478
793,98
794,29
795,355
796,308
797,509
798,668
799,687
800,649
801,15
802,160
803,780
804,90
805,655
806,753
807,787
808,492
809,18
810,286
811,364
812,753
813,587
814,710
815,498
816,80
817,427
818,433
819,549
820,291
821,426
822,774
823,233
824,15
825,564
826,301
827,161
828,689
829,487
830,17
831,453
832,639
833,2
834,514
835,717
836,16
837,156
838,73
839,15
840,782
841,140
842,249
843,658
844,714
845,568
846,31
847,459
848,410
849,503
850,664
851,762
852,553
853,369
854,405
855,557
856,543
857,345
858,553
859,773
860,106
861,464
862,718
863,71
864,417
865,356
866,423
867,272
868,25
869,231
870,187
871,663
872,31
873,268
874,228
875,261
876,769
877,706
878,47
879,100
880,476
881,329
882,158
883,470
884,59
885,9
886,623
887,82
888,182
889,461
890,516
891,448
892,324
893,123
894,58
895,251
896,676
897,679
898,88
899,667
900,196
901,301
902,224
903,705
904,391
905,162
906,616
907,89
908,335
909,599
910,727
911,369
912,110
913,572
914,413
915,424
916,435
917,26
918,516
919,362
920,607
921,202
922,300
923,338
924,482
925,397
926,422
927,97
928,439
929,159
930,523
931,630
932,331
933,785
934,135
935,450
936,474
937,758
938,221
939,36
940,668
941,457
942,139
943,558
944,302
945,122
946,102
947,695
948,618
949,388
950,117
951,561
952,707
953,787
954,312
955,111
956,272
957,47
958,743
959,449
960,163
961,687
962,126
963,264
964,586
965,738
966,779
967,540
968,711
969,322
970,677
971,699
972,539
973,590
974,789
975,546
976,400
977,499
978,140
979,241
980,389
981,93
982,187
983,748
984,39
985,426
986,571
987,174
988,115
989,453
990,137
991,235
992,238
993,564
994,242
995,327
996,700
997,483
998,217
999,147
1000,97
1001,419
1002,667
1003,500
1004,117
1005,295
1006,162
1007,48
1008,315
1009,61
1010,144
1011,682
1012,101
1013,300
1014,609
1015,596
1016,79
1017,774
1018,224
1019,94
1020,746
1021,196
1022,147
1023,220
1024,497
1025,412
1026,531
1027,96
1028,220
1029,449
1030,604
1031,169
1032,352
1033,66
1034,735
1035,208
1036,243
1037,136
1038,669
1039,462
1040,527
1041,421
1042,707
1043,675
1044,605
1045,466
1046,581
1047,680
1048,78
1049,800
1050,467
1051,424
1052,585
1053,247
1054,783
1055,548
1056,718
1057,483
1058,134
1059,247
1060,537
1061,204
1062,77
1063,232
1064,673
1065,495
1066,302
1067,464
1068,315
1069,433
1070,582
1071,517
1072,686
1073,250
1074,260
1075,82
1076,187
1077,281
1078,605
1079,775
1080,316
1081,440
1082,455
1083,721
1084,523
1085,548
1086,765
1087,93
1088,524
1089,570
1090,639
1091,324
1092,710
1093,93
1094,53
1095,683
1096,687
1097,513
1098,489
1099,300
1100,360
1101,746
1102,379
1103,120
1104,17
1105,490
1106,139
1107,346
1108,486
1109,201
1110,683
1111,750
1112,755
1113,462
1114,622
1115,175
1116,97
1117,797
1118,364
1119,9
1120,294
1121,119
1122,447
1123,411
1124,694
1125,670
1126,714
1127,791
1128,404
1129,61
1130,723
1131,666
1132,119
1133,361
1134,483
1135,406
1136,326
1137,166
1138,253
1139,261
1140,631
1141,586
1142,300
1143,72
1144,694
1145,123
1146,597
1147,26
1148,269
1149,638
1150,443
1151,273
1152,660
1153,135
1154,540
1155,608
1156,773
1157,733
1158,699
1159,343
1160,374
1161,778
1162,363
1163,148
1164,722
1165,574
1166,8
1167,784
1168,399
1169,393
1170,549
1171,749
1172,368
1173,234
1174,225
1175,697
1176,222
1177,629
1178,521
1179,587
1180,8
1181,41
1182,99
1183,436
1184,616
1185,497
1186,46
1187,699
1188,385
1189,363
1190,200
1191,640
1192,438
1193,355
1194,510
1195,494
1196,169
1197,776
1198,493
1199,182
1200,212
1201,589
1202,277
1203,228
1204,187
1205,716
1206,494
1207,574
1208,270
1209,798
1210,160
1211,72
1212,264
1213,690
1214,103
1215,568
1216,618
1217,663
1218,8
1219,29
1220,355
1221,155
1222,250
1223,100
1224,284
1225,700
1226,428
1227,337
1228,208
1229,340
1230,252
1231,99
1232,530
1233,483
1234,661
1235,587
1236,51
1237,511
1238,208
1239,136
1240,471
1241,119
1242,628
1243,11
1244,153
1245,368
1246,142
1247,9
1248,291
1249,584
1250,145
1251,775
1252,520
1253,657
1254,613
1255,449
1256,200
1257,297
1258,555
1259,314
1260,613
1261,704
1262,107
1263,653
1264,313
1265,724
1266,562
1267,558
1268,729
1269,542
1270,720
1271,204
1272,407
1273,409
1274,695
1275,481
1276,528
1277,339
1278,262
1279,314
1280,332
1281,213
1282,623
1283,218
1284,759
1285,400
1286,281
1287,326
1288,427
1289,364
1290,126
1291,392
1292,65
1293,457
1294,537
1295,23
1296,719
1297,497
1298,342
1299,489
1300,520
1301,311
1302,230
1303,80
1304,267
1305,480
1306,511
1307,320
1308,566
1309,138
1310,108
1311,400
1312,613
1313,16
1314,22
1315,15
1316,623
1317,539
1318,558
1319,272
1320,715
1321,18
1322,583
1323,590
1324,430
1325,225
1326,613
1327,502
1328,510
1329,126
1330,336
1331,117
1332,183
1333,632
1334,573
1335,649
1336,98
1337,590
1338,718
1339,757
1340,142
1341,554
1342,764
1343,697
1344,85
1345,80
1346,698
1347,476
1348,764
1349,85
1350,357
1351,735
1352,74
1353,428
1354,398
1355,300
1356,37
1357,556
1358,344
1359,344
1360,454
1361,688
1362,317
1363,540
1364,68
1365,170
1366,611
1367,469
1368,64
1369,713
1370,168
1371,431
1372,9
1373,414
1374,399
1375,294
1376,83
1377,225
1378,753
1379,632
1380,562
1381,138
1382,489
1383,264
1384,731
1385,382
1386,482
1387,214
1388,758
1389,1
1390,17
1391,208
1392,729
1393,623
1394,757
1395,789
1396,645
1397,173
1398,227
1399,80
1400,94
1401,590
1402,238
1403,212
1404,578
1405,769
1406,502
1407,685
1408,629
1409,313
1410,601
1411,107
1412,756
1413,327
1414,157
1415,310
1416,283
1417,44
1418,207
1419,439
1420,87
1421,608
1422,536
1423,210
1424,127
1425,544
1426,302
1427,203
1428,28
1429,608
1430,515
1431,90
1432,538
1433,797
1434,549
1435,230
1436,95
1437,479
1438,329
1439,118
1440,137
1441,760
1442,133
1443,395
1444,672
1445,243
1446,41
1447,617
1448,48
1449,115
1450,22
1451,429
1452,217
1453,798
1454,767
1455,369
1456,258
1457,246
1458,630
1459,198
1460,511
1461,498
1462,168
1463,282
1464,625
1465,800
1466,480
1467,290
1468,222
1469,800
1470,341
1471,144
1472,115
1473,43
1474,84
1475,731
1476,451
1477,273
1478,799
1479,426
1480,24
1481,391
1482,264
1483,698
1484,523
1485,455
1486,678
1487,454
1488,355
1489,718
1490,325
1491,645
1492,91
1493,53
1494,77
1495,505
1496,308
1497,417
1498,84
1499,500
1500,614
1501,565
1502,248
1503,363
1504,470
1505,413
1506,400
1507,563
1508,279
1509,235
1510,149
1511,672
1512,440
1513,126
1514,184
1515,753
1516,637
1517,611
1518,679
1519,32
1520,276
1521,751
1522,137
1523,437
1524,201
1525,610
1526,114
1527,177
1528,728
1529,676
1530,408
1531,491
1532,99
1533,376
1534,448
1535,572
1536,614
1537,206
1538,403
1539,623
1540,617
1541,618
1542,567
1543,778
1544,308
1545,191
1546,352
1547,406
1548,526
1549,130
1550,368
1551,317
1552,510
1553,150
1554,453
1555,665
1556,35
1557,765
1558,130
1559,377
1560,61
1561,81
1562,6
1563,442
1564,456
1565,580
1566,469
1567,711
1568,763
1569,749
1570,762
1571,203
1572,227
1573,10
1574,375
1575,456
1576,180
1577,634
1578,485
1579,506
1580,776
1581,591
1582,664
1583,614
1584,779
1585,742
1586,560
1587,789
1588,682
1589,710
1590,341
1591,547
1592,773
1593,665
1594,456
1595,699
1596,796
1597,263
1598,11
1599,216
1600,245
1601,673
1602,50
1603,225
1604,3
1605,738
1606,235
1607,103
1608,303
1609,40
1610,652
1611,655
1612,668
1613,181
1614,558
1615,573
1616,442
1617,391
1618,515
1619,612
1620,648
1621,364
1622,326
1623,190
1624,276
1625,656
1626,77
1627,2
1628,139
1629,429
1630,189
1631,758
1632,2
1633,23
1634,321
1635,117
1636,601
1637,301
1638,235
1639,599
1640,567
1641,693
1642,300
1643,334
1644,454
1645,569
1646,448
1647,229
1648,702
1649,2
1650,8
1651,53
1652,394
1653,116
1654,610
1655,764
1656,182
1657,131
1658,645
1659,304
1660,192
1661,188
1662,170
1663,401
1664,497
1665,568
1666,70
1667,481
1668,264
1669,607
1670,389
1671,106
1672,667
1673,332
1674,666
1675,226
1676,643
1677,402
1678,83
1679,256
1680,604
1681,334
1682,630
1683,717
1684,654
1685,151
1686,463
1687,582
1688,555
1689,483
1690,712
1691,596
1692,331
1693,340
1694,418
1695,741
1696,612
1697,711
1698,201
1699,369
1700,54
1701,607
1702,521
1703,662
1704,450
1705,115
1706,192
1707,534
1708,672
1709,181
1710,702
1711,11
1712,446
1713,610
1714,340
1715,472
1716,176
1717,793
1718,688
1719,310
1720,763
1721,77
1722,317
1723,529
1724,777
1725,762
1726,536
1727,658
1728,758
1729,199
1730,592
1731,355
1732,481
1733,329
1734,359
1735,585
1736,472
1737,780
1738,545
1739,311
1740,192
1741,152
1742,178
1743,583
1744,576
1745,530
1746,129
1747,215
1748,39
1749,636
1750,212
1751,662
1752,538
1753,510
1754,307
1755,236
1756,378
1757,391
1758,504
1759,662
1760,575
1761,233
1762,66
1763,207
1764,730
1765,315
1766,626
1767,663
1768,352
1769,600
1770,31
1771,178
1772,539
1773,791
1774,362
1775,41
1776,402
1777,74
1778,489
1779,452
1780,191
1781,479
1782,78
1783,303
1784,426
1785,273
1786,251
1787,354
1788,182
1789,610
1790,522
1791,242
1792,37
1793,579
1794,552
1795,761
1796,493
1797,457
1798,335
1799,158
1800,525
1801,748
1802,12
1803,446
1804,22
1805,285
1806,215
1807,81
1808,792
1809,320
1810,479
1811,468
1812,172
1813,263
1814,437
1815,341
1816,39
1817,611
1818,559
1819,650
1820,25
1821,33
1822,254
1823,212
1824,757
1825,77
1826,253
1827,391
1828,392
1829,628
1830,673
1831,199
1832,196
1833,454
1834,323
1835,240
1836,596
1837,221
1838,359
1839,74
1840,278
1841,450
1842,191
1843,96
1844,49
1845,204
1846,140
1847,226
1848,514
1849,380
1850,795
1851,441
1852,101
1853,692
1854,664
1855,461
1856,288
1857,552
1858,616
1859,484
1860,216
1861,723
1862,300
1863,184
1864,295
1865,369
1866,488
1867,24
1868,340
1869,269
1870,615
1871,111
1872,263
1873,559
1874,215
1875,94
1876,736
1877,531
1878,526
1879,251
1880,762
1881,713
1882,596
1883,16
1884,347
1885,17
1886,462
1887,299
1888,233
1889,525
1890,692
1891,714
1892,543
1893,87
1894,435
1895,774
1896,230
1897,520
1898,336
1899,320
1900,541
1901,270
1902,142
1903,256
1904,22
1905,669
1906,507
1907,318
1908,533
1909,620
1910,618
1911,246
1912,325
1913,275
1914,787
1915,660
1916,17
1917,628
1918,746
1919,603
1920,140
1921,320
1922,508
1923,110
1924,573
1925,359
1926,551
1927,692
1928,440
1929,74
1930,17
1931,632
1932,169
1933,117
1934,183
1935,790
1936,705
1937,736
1938,256
1939,490
1940,648
1941,727
1942,510
1943,77
1944,30
1945,324
1946,698
1947,78
1948,666
1949,316
1950,236
1951,568
1952,413
1953,179
1954,632
1955,732
1956,154
1957,498
1958,663
1959,122
1960,352
1961,499
1962,219
1963,169
1964,157
1965,644
1966,602
1967,259
1968,745
1969,63
1970,348
1971,377
1972,527
1973,725
1974,163
1975,343
1976,441
1977,374
1978,481
1979,13
1980,526
1981,627
1982,327
1983,255
1984,614
1985,167
1986,336
1987,344
1988,414
1989,25
1990,624
1991,303
1992,530
1993,118
1994,188
1995,367
1996,680
1997,709
1998,629
1999,122
2000,259
2001,107
2002,435
2003,157
2004,586
2005,641
2006,793
2007,77
2008,512
2009,452
2010,425
2011,475
2012,285
2013,451
2014,719
2015,133
2016,367
2017,285
2018,767
2019,485
2020,588
2021,56
2022,411
2023,133
2024,235
2025,77
2026,735
2027,414
2028,234
2029,79
2030,599
2031,800
2032,51
2033,291
2034,200
2035,198
2036,335
2037,587
2038,62
2039,236
2040,446
2041,361
2042,474
2043,559
2044,265
2045,206
2046,65
2047,34
2048,459
2049,781
2050,311
2051,342
2052,646
2053,534
2054,620
2055,158
2056,772
2057,100
2058,264
2059,167
2060,513
2061,117
2062,693
2063,319
2064,21
2065,414
2066,24
2067,225
2068,713
2069,99
2070,274
2071,207
2072,743
2073,737
2074,741
2075,268
2076,205
2077,620
2078,13
2079,696
2080,147
2081,257
2082,559
2083,423
2084,124
2085,69
2086,757
2087,377
2088,251
2089,51
2090,580
2091,81
2092,292
2093,664
2094,683
2095,365
2096,160
2097,59
2098,252
2099,297
2100,212
2101,69
2102,759
2103,102
2104,658
2105,311
2106,627
2107,139
2108,33
2109,121
2110,643
2111,710
2112,264
2113,383
2114,478
2115,31
2116,353
2117,772
2118,129
2119,637
2120,535
2121,93
2122,108
2123,530
2124,703
2125,330
2126,669
2127,526
2128,164
2129,609
2130,659
2131,378
2132,6
2133,84
2134,73
2135,51
2136,52
2137,569
2138,537
2139,261
2140,54
2141,417
2142,111
2143,73
2144,117
2145,404
2146,368
2147,533
2148,485
2149,487
2150,536
2151,431
2152,798
2153,251
2154,110
2155,527
2156,313
2157,170
2158,425
2159,740
2160,30
2161,251
2162,117
2163,108
2164,483
2165,756
2166,781
2167,508
2168,650
2169,213
2170,594
2171,302
2172,520
2173,287
2174,91
2175,729
2176,195
2177,651
2178,439
2179,36
2180,126
2181,431
2182,358
2183,494
2184,76
2185,168
2186,701
2187,647
2188,5
2189,380
2190,534
2191,747
2192,65
2193,387
2194,461
2195,380
2196,373
2197,662
2198,56
2199,340
2200,288
2201,219
2202,359
2203,528
2204,613
2205,760
2206,216
2207,122
2208,273
2209,653
2210,369
2211,260
2212,560
2213,223
2214,56
2215,603
2216,24
2217,668
2218,266
2219,555
2220,58
2221,372
2222,536
2223,531
2224,287
2225,248
2226,158
2227,306
2228,75
2229,677
2230,465
2231,732
2232,176
2233,298
2234,344
2235,629
2236,26
2237,106
2238,716
2239,140
2240,113
2241,643
2242,677
2243,7
2244,583
2245,326
2246,652
2247,772
2248,665
2249,715
2250,675
2251,720
2252,621
2253,667
2254,467
2255,171
2256,29
2257,502
2258,168
2259,797
2260,387
2261,509
2262,162
2263,479
2264,343
2265,359
2266,531
2267,339
2268,738
2269,216
2270,465
2271,266
2272,371
2273,75
2274,285
2275,38
2276,529
2277,678
2278,29
2279,254
2280,349
2281,176
2282,700
2283,346
2284,797
2285,174
2286,199
2287,688
2288,146
2289,661
2290,415
2291,331
2292,635
2293,234
2294,79
2295,288
2296,97
2297,563
2298,688
2299,259
2300,195
2301,391
2302,20
2303,521
2304,499
2305,326
2306,684
2307,140
2308,99
2309,328
2310,619
2311,733
2312,706
2313,375
2314,32
2315,289
2316,320
2317,82
2318,581
2319,294
2320,613
2321,696
2322,453
2323,527
2324,204
2325,431
2326,121
2327,74
2328,276
2329,791
2330,83
2331,481
2332,688
2333,126
2334,60
2335,617
2336,50
2337,411
2338,705
2339,407
2340,390
2341,470
2342,495
2343,128
2344,597
2345,59
2346,297
2347,582
2348,633
2349,737
2350,784
2351,436
2352,736
2353,446
2354,328
2355,717
2356,261
2357,121
2358,352
2359,455
2360,104
2361,296
2362,604
2363,211
2364,532
2365,493
2366,33
2367,100
2368,183
2369,95
2370,281
2371,304
2372,527
2373,481
2374,661
2375,184
2376,670
2377,357
2378,673
2379,558
2380,569
2381,335
2382,641
2383,47
2384,352
2385,26
2386,53
2387,720
2388,92
2389,495
2390,790
2391,454
2392,642
2393,771
2394,472
2395,789
2396,645
2397,130
2398,189
2399,302
2400,562
2401,796
2402,415
2403,345
2404,85
2405,553
2406,545
2407,675
2408,115
2409,338
2410,105
2411,772
2412,227
2413,201
2414,784
2415,394
2416,431
2417,438
2418,64
2419,614
2420,23
2421,55
2422,596
2423,195
2424,445
2425,1
2426,159
2427,114
2428,130
2429,222
2430,631
2431,85
2432,466
2433,304
2434,147
2435,765
2436,125
2437,533
2438,91
2439,198
2440,13
2441,771
2442,522
2443,321
2444,253
2445,677
2446,594
2447,521
2448,685
2449,384
2450,294
2451,707
2452,555
2453,348
2454,667
2455,600
2456,214
2457,131
2458,507
2459,66
2460,47
2461,90
2462,550
2463,590
2464,89
2465,483
2466,120
2467,391
2468,419
2469,549
2470,447
2471,374
2472,498
2473,90
2474,655
2475,774
2476,521
2477,409
2478,333
2479,103
2480,566
2481,471
2482,237
2483,112
2484,90
2485,698
2486,28
2487,86
2488,449
2489,120
2490,239
2491,528
2492,198
2493,173
2494,67
2495,585
2496,445
2497,788
2498,744
2499,515
2500,81
2501,257
2502,62
2503,643
2504,503
2505,147
2506,450
2507,685
2508,605
2509,628
2510,292
2511,88
2512,477
2513,426
2514,14
2515,321
2516,58
2517,347
2518,423
2519,264
2520,106
2521,408
2522,79
2523,9
2524,104
2525,418
2526,678
2527,13
2528,273
2529,770
2530,568
2531,168
2532,792
2533,667
2534,572
2535,461
2536,119
2537,179
2538,88
2539,723
2540,466
2541,38
2542,131
2543,350
2544,769
2545,504
2546,41
2547,171
2548,652
2549,783
2550,705
2551,638
2552,250
2553,566
2554,669
2555,469
2556,184
2557,457
2558,291
2559,537
2560,340
2561,389
2562,440
2563,391
2564,636
2565,581
2566,94
2567,103
2568,746
2569,562
2570,799
2571,193
2572,526
2573,299
2574,18
2575,731
2576,149
2577,697
2578,91
2579,625
2580,750
2581,282
2582,226
2583,700
2584,705
2585,367
2586,682
2587,337
2588,731
2589,799
2590,471
2591,693
2592,743
2593,523
2594,678
2595,710
2596,121
2597,430
2598,318
2599,53
2600,648
2601,377
2602,280
2603,156
2604,346
2605,516
2606,374
2607,694
2608,683
2609,147
2610,168
2611,140
2612,450
2613,638
2614,35
2615,628
2616,114
2617,239
2618,741
2619,538
2620,298
2621,215
2622,278
2623,32
2624,17
2625,478
2626,34
2627,604
2628,413
2629,707
2630,196
2631,608
2632,310
2633,766
2634,310
2635,355
2636,711
2637,719
2638,210
2639,767
2640,198
2641,753
2642,764
2643,638
2644,593
2645,501
2646,263
2647,585
2648,189
2649,327
2650,336
2651,313
2652,668
2653,519
2654,712
2655,270
2656,35
2657,501
2658,462
2659,385
2660,163
2661,602
2662,235
2663,71
2664,783
2665,493
2666,168
2667,335
2668,302
2669,753
2670,473
2671,191
2672,90
2673,584
2674,136
2675,84
2676,98
2677,112
2678,116
2679,217
2680,564
2681,555
2682,539
2683,442
2684,40
2685,355
2686,551
2687,236
2688,714
2689,486
2690,83
2691,663
2692,537
2693,38
2694,589
2695,354
2696,650
2697,506
2698,647
2699,767
2700,579
2701,160
2702,385
2703,370
2704,524
2705,287
2706,561
2707,455
2708,684
2709,635
2710,468
2711,748
2712,254
2713,84
2714,519
2715,269
2716,5
2717,384
2718,396
2719,621
2720,519
2721,486
2722,752
2723,424
2724,44
2725,309
2726,150
2727,769
2728,370
2729,693
2730,273
2731,172
2732,457
2733,664
2734,384
2735,516
2736,639
2737,100
2738,414
2739,713
2740,606
2741,498
2742,251
2743,79
2744,103
2745,174
2746,663
2747,520
2748,725
2749,667
2750,509
2751,120
2752,365
2753,624
2754,626
2755,100
2756,765
2757,108
2758,637
2759,31
2760,436
2761,50
2762,520
2763,640
2764,790
2765,59
2766,467
2767,698
2768,555
2769,258
2770,24
2771,378
2772,580
2773,722
2774,246
2775,88
2776,641
2777,39
2778,286
2779,731
2780,311
2781,651
2782,455
2783,588
2784,524
2785,400
2786,525
2787,42
2788,381
2789,569
2790,492
2791,54
2792,529
2793,230
2794,27
2795,157
2796,243
2797,693
2798,329
2799,292
2800,370
2801,6
2802,547
2803,100
2804,310
2805,61
2806,676
2807,524
2808,139
2809,117
2810,353
2811,68
2812,4
2813,154
2814,547
2815,381
2816,127
2817,608
2818,108
2819,794
2820,405
2821,98
2822,168
2823,348
2824,471
2825,514
2826,213
2827,324
2828,177
2829,550
2830,509
2831,621
2832,172
2833,9
2834,630
2835,35
2836,24
2837,734
2838,596
2839,308
2840,59
2841,721
2842,793
2843,748
2844,754
2845,550
2846,283
2847,706
2848,66
2849,636
2850,627
2851,364
2852,209
2853,612
2854,419
2855,616
2856,581
2857,164
2858,696
2859,681
2860,124
2861,539
2862,525
2863,613
2864,237
2865,161
2866,480
2867,13
2868,594
2869,762
2870,687
2871,626
2872,313
2873,101
2874,416
2875,464
2876,796
2877,555
2878,188
2879,169
2880,503
2881,787
2882,706
2883,497
2884,49
2885,370
2886,797
2887,355
2888,624
2889,187
2890,506
2891,430
2892,667
2893,780
2894,421
2895,639
2896,635
2897,798
2898,524
2899,712
2900,671
2901,102
2902,642
2903,232
2904,312
2905,710
2906,229
2907,210
2908,631
2909,210
2910,659
2911,723
2912,167
2913,780
2914,298
2915,350
2916,303
2917,609
2918,739
2919,250
2920,572
2921,492
2922,306
2923,359
2924,121
2925,283
2926,105
2927,169
2928,235
2929,103
2930,283
2931,233
2932,412
2933,582
2934,763
2935,543
2936,222
2937,456
2938,552
2939,296
2940,205
2941,270
2942,201
2943,212
2944,666
2945,67
2946,56
2947,761
2948,91
2949,384
2950,58
2951,573
2952,750
2953,454
2954,3
2955,160
2956,208
2957,40
2958,491
2959,413
2960,706
2961,520
2962,635
2963,471
2964,610
2965,438
2966,550
2967,536
2968,19
2969,168
2970,735
2971,579
2972,288
2973,184
2974,274
2975,326
2976,585
2977,738
2978,97
2979,723
2980,108
2981,395
2982,438
2983,582
2984,598
2985,470
2986,569
2987,758
2988,740
2989,707
2990,44
2991,773
2992,325
2993,166
2994,680
2995,87
2996,421
2997,248
2998,691
2999,648
3000,343
3001,53
3002,675
3003,81
3004,51
3005,285
3006,730
3007,341
3008,190
3009,234
3010,573
3011,458
3012,54
3013,629
3014,722
3015,515
3016,16
3017,522
3018,455
3019,429
3020,93
3021,489
3022,315
3023,287
3024,776
3025,434
3026,407
3027,480
3028,93
3029,264
3030,458
3031,470
3032,347
3033,357
3034,130
3035,12
3036,448
3037,172
3038,257
3039,670
3040,736
3041,258
3042,29
3043,688
3044,259
3045,593
3046,405
3047,592
3048,128
3049,537
3050,207
3051,723
3052,691
3053,426
3054,488
3055,82
3056,557
3057,212
3058,365
3059,764
3060,698
3061,355
3062,93
3063,649
3064,559
3065,628
3066,640
3067,595
3068,593
3069,498
3070,218
3071,212
3072,767
3073,683
3074,379
3075,509
3076,317
3077,546
3078,124
3079,211
3080,227
3081,146
3082,84
3083,589
3084,283
3085,278
3086,118
3087,415
3088,586
3089,685
3090,722
3091,135
3092,56
3093,134
3094,202
3095,182
3096,329
3097,771
3098,438
3099,485
3100,738
3101,150
3102,697
3103,298
3104,622
3105,61
3106,67
3107,263
3108,309
3109,541
3110,754
3111,543
3112,534
3113,244
3114,275
3115,296
3116,220
3117,209
3118,474
3119,325
3120,399
3121,752
3122,538
3123,447
3124,70
3125,97
3126,547
3127,316
3128,286
3129,711
3130,770
3131,395
3132,653
3133,42
3134,734
3135,37
3136,737
3137,337
3138,231
3139,609
3140,637
3141,452
3142,292
3143,135
3144,350
3145,751
3146,512
3147,757
3148,337
3149,276
3150,479
3151,682
3152,159
3153,631
3154,425
3155,186
3156,647
3157,559
3158,636
3159,645
3160,192
3161,254
3162,411
3163,518
3164,606
3165,692
3166,370
3167,668
3168,152
3169,556
3170,678
3171,200
3172,451
3173,217
3174,554
3175,303
3176,410
3177,174
3178,690
3179,649
3180,429
3181,106
3182,55
3183,229
3184,458
3185,73
3186,621
3187,637
3188,235
3189,787
3190,516
3191,207
3192,195
3193,745
3194,779
3195,547
3196,142
3197,12
3198,492
3199,504
3200,12
3201,377
3202,40
3203,750
3204,278
3205,267
3206,465
3207,331
3208,638
3209,163
3210,82
3211,139
3212,333
3213,392
3214,460
3215,635
3216,719
3217,769
3218,49
3219,264
3220,548
3221,736
3222,163
3223,382
3224,682
3225,531
3226,55
3227,702
3228,258
3229,94
3230,465
3231,480
3232,71
3233,578
3234,149
3235,311
3236,49
3237,563
3238,749
3239,70
3240,501
3241,673
3242,755
3243,3
3244,203
3245,570
3246,31
3247,540
3248,205
3249,162
3250,388
3251,475
3252,293
3253,583
3254,672
3255,791
3256,736
3257,216
3258,296
3259,548
3260,186
3261,590
3262,783
3263,303
3264,199
3265,568
3266,200
3267,346
3268,531
3269,635
3270,23
3271,334
3272,360
3273,126
3274,785
3275,153
3276,194
3277,707
3278,526
3279,203
3280,17
3281,657
3282,740
3283,402
3284,304
3285,467
3286,53
3287,191
3288,788
3289,127
3290,354
3291,422
3292,771
3293,302
3294,305
3295,397
3296,483
3297,99
3298,713
3299,196
3300,154
3301,610
3302,686
3303,298
3304,628
3305,569
3306,479
3307,755
3308,335
3309,385
3310,65
3311,752
3312,504
3313,631
3314,490
3315,668
3316,65
3317,415
3318,419
3319,776
3320,670
3321,372
3322,192
3323,653
3324,48
3325,566
3326,97
3327,53
3328,730
3329,377
3330,510
3331,560
3332,42
3333,54
3334,613
3335,697
3336,319
3337,234
3338,784
3339,356
3340,614
3341,190
3342,673
3343,426
3344,459
3345,42
3346,782
3347,163
3348,43
3349,489
3350,176
3351,669
3352,269
3353,299
3354,598
3355,185
3356,225
3357,37
3358,276
3359,573
3360,175
3361,566
3362,270
3363,763
3364,439
3365,204
3366,241
3367,23
3368,609
3369,700
3370,310
3371,604
3372,451
3373,191
3374,18
3375,629
3376,533
3377,642
3378,576
3379,215
3380,219
3381,308
3382,20
3383,228
3384,383
3385,557
3386,705
3387,199
3388,458
3389,71
3390,248
3391,624
3392,581
3393,106
3394,704
3395,229
3396,539
3397,800
3398,267
3399,519
3400,582
3401,652
3402,541
3403,770
3404,781
3405,229
3406,154
3407,174
3408,428
3409,784
3410,123
3411,165
3412,408
3413,396
3414,321
3415,536
3416,575
3417,556
3418,504
3419,738
3420,229
3421,715
3422,751
3423,578
3424,745
3425,417
3426,116
3427,155
3428,115
3429,328
3430,338
3431,784
3432,389
3433,239
3434,54
3435,473
3436,732
3437,404
3438,464
3439,132
3440,311
3441,34
3442,623
3443,334
3444,798
3445,507
3446,321
3447,504
3448,423
3449,128
3450,363
3451,729
3452,531
3453,92
3454,497
3455,665
3456,1
3457,412
3458,171
3459,585
3460,551
3461,448
3462,337
3463,564
3464,602
3465,41
3466,138
3467,203
3468,104
3469,156
3470,399
3471,79
3472,10
3473,780
3474,99
3475,403
3476,274
3477,566
3478,722
3479,564
3480,177
3481,585
3482,742
3483,603
3484,440
3485,381
3486,214
3487,119
3488,324
3489,208
3490,665
3491,78
3492,464
3493,233
3494,282
3495,153
3496,163
3497,220
3498,203
3499,439
3500,446
3501,751
3502,23
3503,145
3504,23
3505,444
3506,657
3507,382
3508,545
3509,202
3510,78
3511,170
3512,15
3513,383
3514,511
3515,321
3516,299
3517,406
3518,483
3519,527
3520,634
3521,233
3522,83
3523,385
3524,339
3525,201
3526,411
3527,791
3528,145
3529,686
3530,606
3531,178
3532,737
3533,767
3534,747
3535,57
3536,319
3537,690
3538,757
3539,179
3540,77
3541,84
3542,186
3543,296
3544,290
3545,577
3546,263
3547,794
3548,293
3549,423
3550,585
3551,572
3552,102
3553,541
3554,375
3555,120
3556,155
3557,156
3558,678
3559,458
3560,501
3561,658
3562,58
3563,453
3564,465
3565,583
3566,681
3567,795
3568,143
3569,35
3570,479
3571,182
3572,222
3573,256
3574,479
3575,532
3576,391
3577,85
3578,234
3579,708
3580,31
3581,700
3582,739
3583,588
3584,49
3585,316
3586,717
3587,633
3588,417
3589,415
3590,443
3591,276
3592,216
3593,19
3594,449
3595,58
3596,504
3597,655
3598,565
3599,31
3600,421
3601,261
3602,586
3603,423
3604,342
3605,270
3606,615
3607,379
3608,194
3609,749
3610,19
3611,745
3612,724
3613,306
3614,546
3615,101
3616,454
3617,787
3618,276
3619,83
3620,179
3621,50
3622,760
3623,705
3624,70
3625,81
3626,656
3627,268
3628,195
3629,9
3630,318
3631,582
3632,762
3633,221
3634,194
3635,752
3636,343
3637,325
3638,71
3639,755
3640,116
3641,591
3642,86
3643,6
3644,362
3645,96
3646,27
3647,380
3648,658
3649,336
3650,383
3651,508
3652,80
3653,120
3654,475
3655,340
3656,780
3657,543
3658,167
3659,166
3660,225
3661,525
3662,576
3663,658
3664,663
3665,253
3666,235
3667,416
3668,202
3669,199
3670,332
3671,82
3672,567
3673,76
3674,294
3675,635
3676,296
3677,294
3678,67
3679,785
3680,265
3681,209
3682,491
3683,701
3684,766
3685,707
3686,513
3687,509
3688,565
3689,651
3690,493
3691,161
3692,101
3693,219
3694,432
3695,304
3696,111
3697,390
3698,729
3699,225
3700,494
3701,786
3702,84
3703,192
3704,9
3705,571
3706,210
3707,639
3708,14
3709,680
3710,655
3711,112
3712,247
3713,27
3714,748
3715,483
3716,726
3717,551
3718,368
3719,471
3720,90
3721,559
3722,385
3723,116
3724,638
3725,330
3726,182
3727,55
3728,391
3729,366
3730,643
3731,124
3732,726
3733,232
3734,205
3735,421
3736,403
3737,607
3738,423
3739,513
3740,122
3741,173
3742,127
3743,543
3744,252
3745,692
3746,761
3747,372
3748,715
3749,84
3750,399
3751,14
3752,429
3753,488
3754,51
3755,63
3756,228
3757,605
3758,262
3759,577
3760,286
3761,631
3762,363
3763,173
3764,259
3765,664
3766,156
3767,708
3768,70
3769,337
3770,65
3771,462
3772,723
3773,620
3774,206
3775,594
3776,99
3777,304
3778,162
3779,658
3780,385
3781,668
3782,318
3783,651
3784,413
3785,89
3786,773
3787,335
3788,128
3789,386
3790,393
3791,122
3792,482
3793,359
3794,360
3795,113
3796,244
3797,735
3798,174
3799,92
3800,340
3801,596
3802,122
3803,223
3804,794
3805,379
3806,43
3807,260
3808,692
3809,663
3810,174
3811,676
3812,715
3813,26
3814,282
3815,619
3816,583
3817,399
3818,722
3819,279
3820,331
3821,691
3822,518
3823,167
3824,174
3825,458
3826,52
3827,740
3828,145
3829,352
3830,461
3831,207
3832,407
3833,566
3834,553
3835,688
3836,166
3837,100
3838,62
3839,766
3840,317
3841,387
3842,579
3843,677
3844,238
3845,682
3846,587
3847,478
3848,150
3849,403
3850,574
3851,388
3852,450
3853,104
3854,347
3855,69
3856,265
3857,381
3858,76
3859,679
3860,73
3861,11
3862,576
3863,185
3864,385
3865,427
3866,8
3867,127
3868,103
3869,720
3870,395
3871,511
3872,749
3873,217
3874,85
3875,704
3876,273
3877,192
3878,755
3879,105
3880,543
3881,198
3882,531
3883,616
3884,796
3885,455
3886,698
3887,708
3888,376
3889,736
3890,750
3891,556
3892,109
3893,338
3894,628
3895,551
3896,558
3897,227
3898,542
3899,211
3900,81
3901,37
3902,329
3903,19
3904,753
3905,530
3906,88
3907,461
3908,748
3909,783
3910,429
3911,696
3912,367
3913,344
3914,730
3915,505
3916,454
3917,711
3918,238
3919,338
3920,46
3921,495
3922,743
3923,172
3924,639
3925,218
3926,267
3927,119
3928,38
3929,534
3930,530
3931,234
3932,366
3933,704
3934,346
3935,685
3936,192
3937,646
3938,644
3939,185
3940,238
3941,783
3942,462
3943,559
3944,153
3945,635
3946,266
3947,306
3948,367
3949,655
3950,423
3951,232
3952,137
3953,4
3954,739
3955,672
3956,479
3957,733
3958,273
3959,292
3960,417
3961,104
3962,588
3963,336
3964,796
3965,9
3966,363
3967,523
3968,327
3969,742
3970,632
3971,125
3972,183
3973,661
3974,210
3975,716
3976,117
3977,651
3978,404
3979,703
3980,210
3981,777
3982,242
3983,131
3984,436
3985,198
3986,103
3987,522
3988,5
3989,497
3990,349
3991,759
3992,19
3993,133
3994,88
3995,123
3996,555
3997,663
3998,574
3999,513
4000,326
4001,759
4002,521
4003,207
4004,527
4005,461
4006,624
4007,297
4008,507
4009,520
4010,798
4011,333
4012,272
4013,755
4014,754
4015,292
4016,663
4017,403
4018,150
4019,479
4020,483
4021,792
4022,316
4023,192
4024,358
4025,723
4026,269
4027,695
4028,555
4029,182
4030,92
4031,749
4032,361
4033,313
4034,538
4035,710
4036,339
4037,635
4038,338
4039,141
4040,565
4041,284
4042,706
4043,713
4044,334
4045,540
4046,237
4047,534
4048,72
4049,353
4050,409
4051,764
4052,395
4053,500
4054,697
4055,346
4056,790
4057,740
4058,362
4059,465
4060,414
4061,477
4062,591
4063,788
4064,117
4065,408
4066,631
4067,741
4068,247
4069,680
4070,764
4071,192
4072,73
4073,248
4074,408
4075,157
4076,346
4077,47
4078,720
4079,287
4080,454
4081,796
4082,690
4083,34
4084,772
4085,41
4086,315
4087,752
4088,564
4089,274
4090,299
4091,782
4092,438
4093,33
4094,546
4095,196
4096,694
4097,541
4098,640
4099,103
4100,266
4101,373
4102,182
4103,296
4104,313
4105,752
4106,421
4107,704
4108,510
4109,631
4110,334
4111,441
4112,545
4113,309
4114,152
4115,158
4116,318
4117,708
4118,480
4119,21
4120,282
4121,101
4122,435
4123,553
4124,592
4125,699
4126,73
4127,96
4128,312
4129,17
4130,657
4131,571
4132,224
4133,406
4134,32
4135,398
4136,418
4137,522
4138,114
4139,38
4140,755
4141,379
4142,244
4143,589
4144,224
4145,301
4146,568
4147,787
4148,344
4149,201
4150,584
4151,534
4152,347
4153,540
4154,661
4155,670
4156,490
4157,273
4158,376
4159,117
4160,613
4161,254
4162,1
4163,164
4164,395
4165,21
4166,205
4167,144
4168,326
4169,35
4170,529
4171,410
4172,419
4173,795
4174,598
4175,481
4176,124
4177,629
4178,189
4179,524
4180,293
4181,363
4182,288
4183,548
4184,420
4185,517
4186,521
4187,625
4188,362
4189,483
4190,181
4191,338
4192,369
4193,101
4194,377
4195,417
4196,725
4197,445
4198,132
4199,274
4200,735
4201,280
4202,192
4203,163
4204,526
4205,80
4206,665
4207,65
4208,628
4209,206
4210,617
4211,703
4212,672
4213,715
4214,320
4215,86
4216,675
4217,19
4218,329
4219,141
4220,645
4221,777
4222,383
4223,240
4224,580
4225,138
4226,446
4227,252
4228,262
4229,527
4230,82
4231,221
4232,56
4233,112
4234,734
4235,652
4236,663
4237,223
4238,775
4239,540
4240,280
4241,212
4242,263
4243,556
4244,577
4245,190
4246,258
4247,642
4248,48
4249,363
4250,86
4251,187
4252,150
4253,304
4254,87
4255,252
4256,181
4257,796
4258,188
4259,457
4260,785
4261,570
4262,244
4263,710
4264,367
4265,220
4266,704
4267,570
4268,64
4269,682
4270,465
4271,2
4272,786
4273,303
4274,20
4275,590
4276,226
4277,670
4278,530
4279,270
4280,297
4281,649
4282,193
4283,208
4284,51
4285,104
4286,44
4287,298
4288,748
4289,659
4290,676
4291,349
4292,232
4293,767
4294,28
4295,153
4296,767
4297,82
4298,787
4299,66
4300,486
4301,272
4302,17
4303,491
4304,214
4305,622
4306,328
4307,556
4308,486
4309,320
4310,598
4311,91
4312,653
4313,22
4314,773
4315,342
4316,57
4317,687
4318,701
4319,145
4320,199
4321,581
4322,32
4323,256
4324,729
4325,639
4326,750
4327,50
4328,531
4329,725
4330,420
4331,272
4332,487
4333,48
4334,597
4335,37
4336,7
4337,9
4338,39
4339,23
4340,201
4341,724
4342,554
4343,583
4344,671
4345,135
4346,384
4347,644
4348,395
4349,625
4350,434
4351,751
4352,297
4353,791
4354,3
4355,183
4356,22
4357,266
4358,525
4359,185
4360,62
4361,491
4362,211
4363,624
4364,305
4365,792
4366,604
4367,112
4368,179
4369,10
4370,281
4371,752
4372,122
4373,619
4374,510
4375,483
4376,89
4377,603
4378,533
4379,510
4380,787
4381,131
4382,394
4383,212
4384,758
4385,605
4386,720
4387,289
4388,701
4389,127
4390,559
4391,423
4392,445
4393,588
4394,549
4395,385
4396,541
4397,696
4398,203
4399,474
4400,320
4401,289
4402,532
4403,467
4404,638
4405,231
4406,189
4407,684
4408,481
4409,272
4410,798
4411,700
4412,428
4413,48
4414,750
4415,311
4416,751
4417,737
4418,469
4419,757
4420,433
4421,329
4422,441
4423,307
4424,4
4425,459
4426,427
4427,365
4428,232
4429,450
4430,473
4431,617
4432,4
4433,638
4434,479
4435,428
4436,499
4437,210
4438,319
4439,332
4440,708
4441,269
4442,542
4443,758
4444,568
4445,233
4446,324
4447,463
4448,603
4449,209
4450,457
4451,267
4452,787
4453,48
4454,32
4455,459
4456,651
4457,535
4458,456
4459,49
4460,733
4461,524
4462,344
4463,616
4464,189
4465,785
4466,487
4467,405
4468,553
4469,765
4470,219
4471,322
4472,572
4473,71
4474,26
4475,638
4476,89
4477,541
4478,440
4479,667
4480,505
4481,660
4482,175
4483,270
4484,267
4485,360
4486,761
4487,175
4488,45
4489,402
4490,480
4491,514
4492,197
4493,255
4494,142
4495,579
4496,24
4497,407
4498,668
4499,248
4500,466
4501,199
4502,395
4503,599
4504,675
4505,160
4506,131
4507,123
4508,83
4509,413
4510,160
4511,649
4512,213
4513,456
4514,168
4515,660
4516,339
4517,79
4518,710
4519,22
4520,741
4521,353
4522,593
4523,356
4524,251
4525,333
4526,525
4527,288
4528,248
4529,139
4530,141
4531,61
4532,459
4533,46
4534,532
4535,53
4536,67
4537,86
4538,672
4539,51
4540,632
4541,259
4542,527
4543,12
4544,554
4545,202
4546,201
4547,446
4548,458
4549,591
4550,310
4551,638
4552,348
4553,757
4554,759
4555,610
4556,78
4557,684
4558,32
4559,654
4560,400
4561,382
4562,505
4563,577
4564,32
4565,2
4566,80
4567,620
4568,504
4569,722
4570,512
4571,535
4572,188
4573,642
4574,207
4575,185
4576,327
4577,450
4578,23
4579,225
4580,501
4581,488
4582,231
4583,129
4584,281
4585,13
4586,622
4587,274
4588,291
4589,157
4590,18
4591,559
4592,218
4593,317
4594,704
4595,526
4596,95
4597,264
4598,652
4599,375
4600,497
4601,333
4602,282
4603,188
4604,750
4605,67
4606,131
4607,166
4608,611
4609,411
4610,336
4611,55
4612,192
4613,5
4614,276
4615,465
4616,316
4617,711
4618,329
4619,31
4620,620
4621,407
4622,197
4623,307
4624,447
4625,314
4626,90
4627,612
4628,494
4629,65
4630,611
4631,432
4632,773
4633,427
4634,496
4635,345
4636,443
4637,163
4638,333
4639,477
4640,466
4641,65
4642,760
4643,728
4644,335
4645,56
4646,66
4647,480
4648,540
4649,795
4650,740
4651,572
4652,182
4653,383
4654,787
4655,470
4656,638
4657,538
4658,91
4659,482
4660,144
4661,405
4662,262
4663,44
4664,323
4665,622
4666,668
4667,683
4668,698
4669,668
4670,197
4671,102
4672,38
4673,70
4674,400
4675,441
4676,237
4677,665
4678,738
4679,268
4680,310
4681,121
4682,650
4683,318
4684,366
4685,611
4686,45
4687,138
4688,357
4689,567
4690,481
4691,703
4692,556
4693,594
4694,45
4695,696
4696,657
4697,101
4698,227
4699,648
4700,32
4701,217
4702,492
4703,45
4704,662
4705,271
4706,211
4707,471
4708,144
4709,405
4710,433
4711,181
4712,607
4713,16
4714,603
4715,545
4716,710
4717,479
4718,14
4719,161
4720,586
4721,794
4722,640
4723,129
4724,766
4725,577
4726,526
4727,6
4728,661
4729,77
4730,435
4731,275
4732,22
4733,524
4734,19
4735,670
4736,368
4737,14
4738,769
4739,645
4740,665
4741,31
4742,390
4743,26
4744,184
4745,641
4746,507
4747,302
4748,578
4749,524
4750,463
4751,203
4752,527
4753,43
4754,227
4755,680
4756,462
4757,277
4758,188
4759,221
4760,448
4761,49
4762,101
4763,410
4764,292
4765,370
4766,450
4767,51
4768,781
4769,253
4770,230
4771,616
4772,800
4773,719
4774,32
4775,65
4776,725
4777,149
4778,653
4779,338
4780,244
4781,116
4782,226
4783,789
4784,206
4785,577
4786,40
4787,308
4788,117
4789,730
4790,620
4791,116
4792,611
4793,665
4794,302
4795,735
4796,82
4797,185
4798,166
4799,522
4800,631
4801,263
4802,504
4803,533
4804,175
4805,94
4806,264
4807,611
4808,198
4809,447
4810,530
4811,24
4812,564
4813,143
4814,346
4815,746
4816,79
4817,507
4818,689
4819,575
4820,515
4821,613
4822,713
4823,691
4824,81
4825,380
4826,493
4827,390
4828,36
4829,436
4830,307
4831,221
4832,649
4833,144
4834,14
4835,313
4836,664
4837,473
4838,560
4839,226
4840,10
4841,355
4842,241
4843,74
4844,460
4845,297
4846,215
4847,460
4848,33
4849,5
4850,657
4851,25
4852,79
4853,187
4854,649
4855,668
4856,577
4857,317
4858,430
4859,394
4860,175
4861,211
4862,605
4863,39
4864,679
4865,341
4866,269
4867,716
4868,224
4869,494
4870,258
4871,516
4872,355
4873,165
4874,522
4875,668
4876,200
4877,557
4878,317
4879,516
4880,191
4881,512
4882,168
4883,553
4884,402
4885,629
4886,492
4887,191
4888,62
4889,528
4890,682
4891,669
4892,479
4893,4
4894,229
4895,370
4896,175
4897,544
4898,627
4899,618
4900,517
4901,555
4902,47
4903,734
4904,577
4905,3
4906,555
4907,576
4908,69
4909,479
4910,368
4911,551
4912,316
4913,148
4914,455
4915,380
4916,778
4917,367
4918,580
4919,718
4920,795
4921,455
4922,148
4923,462
4924,64
4925,700
4926,426
4927,454
4928,509
4929,405
4930,462
4931,80
4932,346
4933,449
4934,460
4935,573
4936,517
4937,789
4938,786
4939,479
4940,59
4941,274
4942,57
4943,698
4944,217
4945,523
4946,25
4947,28
4948,124
4949,414
4950,516
4951,328
4952,788
4953,385
4954,175
4955,570
4956,562
4957,360
4958,164
4959,329
4960,276
4961,447
4962,731
4963,425
4964,480
4965,395
4966,569
4967,768
4968,469
4969,596
4970,341
4971,93
4972,537
4973,499
4974,788
4975,35
4976,347
4977,148
4978,725
4979,489
4980,717
4981,307
4982,762
4983,409
4984,657
4985,717
4986,73
4987,159
4988,99
4989,8
4990,771
4991,577
4992,393
4993,769
4994,139
4995,508
4996,683
4997,678
4998,72
4999,687
5000,535
5001,13
5002,244
5003,290
5004,734
5005,341
5006,423
5007,35
5008,214
5009,43
5010,411
5011,799
5012,116
5013,639
5014,424
5015,561
5016,276
5017,618
5018,33
5019,189
5020,276
5021,14
5022,376
5023,671
5024,607
5025,765
5026,306
5027,389
5028,142
5029,684
5030,785
5031,135
5032,176
5033,499
5034,431
5035,624
5036,614
5037,100
5038,222
5039,208
5040,180
5041,748
5042,211
5043,609
5044,97
5045,194
5046,52
5047,94
5048,434
5049,83
5050,241
5051,636
5052,545
5053,681
5054,553
5055,722
5056,197
5057,627
5058,735
5059,406
5060,501
5061,529
5062,335
5063,551
5064,371
5065,551
5066,168
5067,250
5068,563
5069,676
5070,783
5071,354
5072,268
5073,337
5074,791
5075,563
5076,575
5077,483
5078,625
5079,522
5080,686
5081,598
5082,197
5083,314
5084,791
5085,626
5086,362
5087,230
5088,479
5089,657
5090,375
5091,448
5092,284
5093,503
5094,452
5095,1
5096,364
5097,59
5098,267
5099,647
5100,458
5101,53
5102,585
5103,608
5104,762
5105,620
5106,428
5107,465
5108,139
5109,80
5110,343
5111,264
5112,607
5113,398
5114,629
5115,100
5116,107
5117,173
5118,187
5119,229
5120,309
5121,780
5122,193
5123,228
5124,726
5125,699
5126,257
5127,381
5128,224
5129,67
5130,701
5131,543
5132,553
5133,386
5134,330
5135,90
5136,617
5137,759
5138,467
5139,52
5140,780
5141,357
5142,422
5143,742
5144,448
5145,326
5146,10
5147,754
5148,577
5149,128
5150,181
5151,34
5152,588
5153,249
5154,334
5155,553
5156,603
5157,50
5158,157
5159,410
5160,398
5161,334
5162,25
5163,637
5164,157
5165,85
5166,283
5167,550
5168,56
5169,680
5170,595
5171,771
5172,17
5173,218
5174,683
5175,674
5176,386
5177,297
5178,78
5179,143
5180,52
5181,775
5182,509
5183,592
5184,164
5185,760
5186,690
5187,1
5188,61
5189,363
5190,333
5191,32
5192,659
5193,294
5194,585
5195,520
5196,509
5197,499
5198,215
5199,615
5200,178
5201,676
5202,704
5203,548
5204,27
5205,632
5206,142
5207,178
5208,783
5209,755
5210,346
5211,264
5212,330
5213,252
5214,182
5215,24
5216,739
5217,160
5218,69
5219,589
5220,640
5221,159
5222,236
5223,212
5224,68
5225,216
5226,342
5227,598
5228,661
5229,3
5230,342
5231,641
5232,362
5233,424
5234,556
5235,760
5236,175
5237,576
5238,206
5239,264
5240,236
5241,333
5242,22
5243,63
5244,336
5245,341
5246,106
5247,581
5248,770
5249,757
5250,357
5251,50
5252,712
5253,699
5254,675
5255,532
5256,324
5257,164
5258,83
5259,218
5260,754
5261,283
5262,69
5263,556
5264,670
5265,592
5266,455
5267,613
5268,142
5269,361
5270,57
5271,136
5272,233
5273,115
5274,129
5275,465
5276,698
5277,452
5278,720
5279,582
5280,774
5281,231
5282,488
5283,302
5284,702
5285,229
5286,506
5287,189
5288,516
5289,757
5290,440
5291,785
5292,699
5293,19
5294,130
5295,310
5296,450
5297,647
5298,505
5299,507
5300,56
5301,373
5302,252
5303,285
5304,405
5305,97
5306,213
5307,790
5308,530
5309,609
5310,639
5311,170
5312,30
5313,342
5314,208
5315,122
5316,519
5317,409
5318,732
5319,797
5320,81
5321,130
5322,706
5323,289
5324,655
5325,774
5326,130
5327,525
5328,342
5329,72
5330,86
5331,15
5332,16
5333,5
5334,109
5335,194
5336,382
5337,643
5338,66
5339,177
5340,7
5341,633
5342,292
5343,53
5344,689
5345,644
5346,43
5347,22
5348,387
5349,151
5350,784
5351,578
5352,355
5353,694
5354,250
5355,27
5356,109
5357,275
5358,283
5359,136
5360,478
5361,569
5362,712
5363,52
5364,627
5365,795
5366,98
5367,228
5368,246
5369,149
5370,40
5371,10
5372,744
5373,329
5374,168
5375,459
5376,70
5377,391
5378,664
5379,114
5380,272
5381,50
5382,621
5383,765
5384,730
5385,94
5386,138
5387,324
5388,353
5389,300
5390,162
5391,644
5392,492
5393,472
5394,303
5395,450
5396,523
5397,158
5398,436
5399,534
5400,384
5401,102
5402,764
5403,138
5404,780
5405,671
5406,54
5407,276
5408,770
5409,651
5410,55
5411,591
5412,311
5413,626
5414,614
5415,197
5416,602
5417,773
5418,141
5419,456
5420,763
5421,366
5422,30
5423,164
5424,518
5425,559
5426,448
5427,127
5428,502
5429,525
5430,676
5431,142
5432,744
5433,738
5434,661
5435,95
5436,151
5437,387
5438,77
5439,404
5440,162
5441,213
5442,479
5443,793
5444,643
5445,754
5446,45
5447,516
5448,732
5449,528
5450,760
5451,375
5452,80
5453,408
5454,788
5455,468
5456,799
5457,459
5458,274
5459,666
5460,649
5461,273
5462,298
5463,259
5464,286
5465,107
5466,63
5467,529
5468,272
5469,743
5470,347
5471,101
5472,107
5473,498
5474,441
5475,85
5476,633
5477,298
5478,593
5479,368
5480,795
5481,74
5482,637
5483,229
5484,287
5485,470
5486,116
5487,638
5488,687
5489,64
5490,109
5491,482
5492,70
5493,65
5494,303
5495,567
5496,639
5497,529
5498,726
5499,21
5500,313
5501,131
5502,798
5503,734
5504,50
5505,273
5506,460
5507,526
5508,708
5509,554
5510,426
5511,198
5512,337
5513,402
5514,576
5515,85
5516,291
5517,587
5518,10
5519,511
5520,246
5521,338
5522,553
5523,395
5524,17
5525,584
5526,201
5527,523
5528,353
5529,55
5530,752
5531,105
5532,184
5533,49
5534,428
5535,121
5536,728
5537,152
5538,234
5539,143
5540,378
5541,74
5542,495
5543,47
5544,726
5545,339
5546,552
5547,654
5548,195
5549,69
5550,131
5551,325
5552,462
5553,329
5554,141
5555,606
5556,17
5557,465
5558,4
5559,53
5560,553
5561,128
5562,100
5563,97
5564,507
5565,93
5566,739
5567,684
5568,74
5569,117
5570,1
5571,3
5572,472
5573,311
5574,623
5575,752
5576,107
5577,709
5578,137
5579,210
5580,184
5581,191
5582,137
5583,570
5584,441
5585,777
5586,411
5587,268
5588,607
5589,35
5590,20
5591,453
5592,394
5593,643
5594,703
5595,112
5596,398
5597,337
5598,585
5599,192
5600,518
5601,421
5602,514
5603,287
5604,763
5605,249
5606,596
5607,542
5608,557
5609,692
5610,707
5611,515
5612,403
5613,673
5614,632
5615,435
5616,414
5617,725
5618,768
5619,457
5620,653
5621,444
5622,39
5623,685
5624,714
5625,7
5626,388
5627,290
5628,248
5629,720
5630,6
5631,315
5632,496
5633,299
5634,799
5635,560
5636,196
5637,39
5638,659
5639,638
5640,239
5641,787
5642,666
5643,143
5644,231
5645,369
5646,304
5647,453
5648,146
5649,730
5650,753
5651,148
5652,488
5653,603
5654,328
5655,277
5656,687
5657,199
5658,588
5659,217
5660,695
5661,630
5662,272
5663,163
5664,549
5665,83
5666,130
5667,249
5668,521
5669,35
5670,600
5671,645
5672,154
5673,368
5674,459
5675,798
5676,164
5677,549
5678,469
5679,551
5680,730
5681,673
5682,111
5683,384
5684,436
5685,717
5686,423
5687,15
5688,280
5689,29
5690,663
5691,148
5692,214
5693,291
5694,128
5695,441
5696,27
5697,304
5698,186
5699,108
5700,519
5701,27
5702,648
5703,558
5704,696
5705,248
5706,586
5707,243
5708,694
5709,386
5710,207
5711,699
5712,201
5713,167
5714,652
5715,652
5716,340
5717,422
5718,519
5719,446
5720,504
5721,602
5722,412
5723,32
5724,83
5725,747
5726,228
5727,594
5728,398
5729,210
5730,225
5731,698
5732,30
5733,280
5734,162
5735,552
5736,6
5737,636
5738,624
5739,615
5740,586
5741,643
5742,510
5743,153
5744,535
5745,770
5746,321
5747,253
5748,96
5749,318
5750,659
5751,576
5752,667
5753,573
5754,390
5755,329
5756,773
5757,48
5758,585
5759,153
5760,746
5761,471
5762,447
5763,255
5764,185
5765,366
5766,519
5767,185
5768,525
5769,100
5770,39
5771,155
5772,159
5773,352
5774,618
5775,108
5776,451
5777,393
5778,265
5779,676
5780,378
5781,509
5782,131
5783,763
5784,634
5785,411
5786,29
5787,638
5788,121
5789,34
5790,604
5791,288
5792,679
5793,493
5794,761
5795,763
5796,632
5797,599
5798,214
5799,190
5800,551
5801,325
5802,5
5803,327
5804,762
5805,107
5806,165
5807,142
5808,421
5809,712
5810,97
5811,171
5812,365
5813,130
5814,255
5815,219
5816,71
5817,458
5818,749
5819,120
5820,509
5821,521
5822,130
5823,747
5824,231
5825,725
5826,552
5827,631
5828,168
5829,474
5830,541
5831,481
5832,389
5833,674
5834,618
5835,339
5836,456
5837,742
5838,716
5839,463
5840,666
5841,376
5842,564
5843,520
5844,475
5845,290
5846,175
5847,303
5848,310
5849,788
5850,476
5851,513
5852,245
5853,85
5854,686
5855,212
5856,766
5857,369
5858,246
5859,358
5860,763
5861,496
5862,292
5863,741
5864,705
5865,148
5866,713
5867,672
5868,290
5869,621
5870,312
5871,363
5872,169
5873,421
5874,13
5875,412
5876,493
5877,3
5878,53
5879,26
5880,794
5881,470
5882,360
5883,566
5884,341
5885,248
5886,516
5887,43
5888,481
5889,93
5890,678
5891,415
5892,596
5893,221
5894,245
5895,429
5896,284
5897,347
5898,285
5899,395
5900,384
5901,322
5902,210
5903,56
5904,671
5905,275
5906,658
5907,212
5908,296
5909,324
5910,457
5911,542
5912,536
5913,224
5914,490
5915,252
5916,291
5917,265
5918,224
5919,224
5920,515
5921,140
5922,256
5923,109
5924,76
5925,488
5926,657
5927,570
5928,380
5929,629
5930,696
5931,291
5932,203
5933,322
5934,624
5935,335
5936,479
5937,370
5938,645
5939,540
5940,783
5941,685
5942,355
5943,246
5944,570
5945,484
5946,612
5947,397
5948,454
5949,105
5950,619
5951,316
5952,43
5953,237
5954,331
5955,660
5956,77
5957,254
5958,555
5959,156
5960,472
5961,670
5962,302
5963,582
5964,639
5965,480
5966,665
5967,13
5968,467
5969,156
5970,720
5971,237
5972,210
5973,228
5974,104
5975,478
5976,206
5977,461
5978,241
5979,97
5980,625
5981,440
5982,753
5983,597
5984,392
5985,505
5986,361
5987,474
5988,364
5989,31
5990,425
5991,744
5992,616
5993,25
5994,660
5995,449
5996,690
5997,526
5998,88
5999,774
6000,686
6001,306
6002,694
6003,139
6004,310
6005,143
6006,644
6007,212
6008,687
6009,594
6010,583
6011,746
6012,421
6013,428
6014,165
6015,218
6016,534
6017,173
6018,478
6019,214
6020,622
6021,721
6022,307
6023,54
6024,1
6025,289
6026,152
6027,153
6028,737
6029,743
6030,426
6031,218
6032,361
6033,328
6034,112
6035,655
6036,627
6037,601
6038,488
6039,561
6040,236
6041,422
6042,248
6043,657
6044,659
6045,500
6046,519
6047,343
6048,798
6049,482
6050,252
6051,74
6052,88
6053,249
6054,486
6055,164
6056,501
6057,255
6058,597
6059,161
6060,424
6061,454
6062,737
6063,314
6064,496
6065,377
6066,714
6067,332
6068,245
6069,290
6070,114
6071,670
6072,516
6073,632
6074,769
6075,282
6076,131
6077,541
6078,252
6079,303
6080,369
6081,600
6082,63
6083,451
6084,575
6085,798
6086,780
6087,711
6088,30
6089,74
6090,468
6091,469
6092,737
6093,705
6094,743
6095,40
6096,284
6097,60
6098,307
6099,234
6100,514
6101,151
6102,155
6103,215
6104,482
6105,532
6106,313
6107,439
6108,587
6109,682
6110,607
6111,339
6112,593
6113,131
6114,263
6115,416
6116,104
6117,250
6118,35
6119,286
6120,498
6121,19
6122,309
6123,122
6124,684
6125,756
6126,170
6127,238
6128,102
6129,655
6130,430
6131,510
6132,784
6133,110
6134,591
6135,502
6136,34
6137,498
6138,406
6139,730
6140,710
6141,678
6142,680
6143,553
6144,483
6145,223
6146,542
6147,390
6148,331
6149,612
6150,614
6151,433
6152,758
6153,240
6154,352
6155,135
6156,571
6157,356
6158,695
6159,656
6160,723
6161,310
6162,618
6163,370
6164,728
6165,18
6166,143
6167,163
6168,672
6169,645
6170,40
6171,567
6172,700
6173,299
6174,661
6175,54
6176,420
6177,82
6178,298
6179,214
6180,580
6181,660
6182,291
6183,246
6184,170
6185,729
6186,733
6187,223
6188,684
6189,638
6190,80
6191,399
6192,314
6193,663
6194,71
6195,655
6196,473
6197,783
6198,660
6199,654
6200,749
6201,480
6202,396
6203,396
6204,648
6205,709
6206,472
6207,304
6208,460
6209,78
6210,799
6211,625
6212,66
6213,767
6214,341
6215,767
6216,745
6217,676
6218,307
6219,516
6220,165
6221,399
6222,120
6223,177
6224,443
6225,47
6226,320
6227,212
6228,132
6229,103
6230,514
6231,753
6232,525
6233,368
6234,160
6235,713
6236,717
6237,460
6238,213
6239,670
6240,433
6241,259
6242,354
6243,122
6244,330
6245,743
6246,230
6247,785
6248,706
6249,432
6250,466
6251,285
6252,93
6253,587
6254,378
6255,749
6256,281
6257,501
6258,92
6259,465
6260,328
6261,408
6262,189
6263,57
6264,224
6265,785
6266,635
6267,494
6268,724
6269,466
6270,799
6271,568
6272,254
6273,659
6274,76
6275,47
6276,661
6277,268
6278,507
6279,30
6280,238
6281,467
6282,355
6283,66
6284,364
6285,183
6286,132
6287,773
6288,610
6289,580
6290,777
6291,589
6292,528
6293,187
6294,74
6295,282
6296,681
6297,186
6298,661
6299,615
6300,711
6301,399
6302,5
6303,211
6304,419
6305,207
6306,250
6307,251
6308,133
6309,328
6310,299
6311,176
6312,244
6313,533
6314,290
6315,779
6316,765
6317,292
6318,515
6319,457
6320,20
6321,367
6322,96
6323,81
6324,766
6325,730
6326,54
6327,355
6328,204
6329,259
6330,531
6331,272
6332,132
6333,66
6334,707
6335,759
6336,316
6337,640
6338,99
6339,571
6340,626
6341,48
6342,598
6343,433
6344,497
6345,621
6346,569
6347,653
6348,660
6349,423
6350,454
6351,598
6352,119
6353,280
6354,365
6355,734
6356,378
6357,259
6358,101
6359,520
6360,422
6361,189
6362,508
6363,8
6364,427
6365,200
6366,119
6367,664
6368,725
6369,211
6370,148
6371,99
6372,461
6373,132
6374,553
6375,549
6376,396
6377,523
6378,496
6379,350
6380,461
6381,575
6382,13
6383,241
6384,535
6385,84
6386,164
6387,10
6388,126
6389,266
6390,266
6391,228
6392,341
6393,715
6394,337
6395,133
6396,603
6397,239
6398,41
6399,219
6400,121
6401,401
6402,797
6403,658
6404,225
6405,92
6406,364
6407,4
6408,718
6409,393
6410,792
6411,284
6412,114
6413,325
6414,737
6415,115
6416,519
6417,503
6418,599
6419,610
6420,530
6421,44
6422,69
6423,240
6424,198
6425,393
6426,569
6427,148
6428,214
6429,317
6430,495
6431,707
6432,781
6433,28
6434,279
6435,72
6436,2
6437,488
6438,371
6439,611
6440,775
6441,703
6442,612
6443,547
6444,173
6445,511
6446,587
6447,691
6448,749
6449,227
6450,576
6451,251
6452,395
6453,227
6454,493
6455,119
6456,716
6457,56
6458,71
6459,764
6460,135
6461,248
6462,770
6463,545
6464,686
6465,756
6466,33
6467,43
6468,2
6469,561
6470,346
6471,513
6472,562
6473,8
6474,365
6475,229
6476,682
6477,316
6478,288
6479,420
6480,536
6481,323
6482,258
6483,34
6484,341
6485,121
6486,573
6487,736
6488,155
6489,270
6490,143
6491,532
6492,347
6493,308
6494,661
6495,434
6496,27
6497,8
6498,668
6499,616
6500,587
6501,67
6502,585
6503,379
6504,718
6505,106
6506,725
6507,143
6508,253
6509,155
6510,267
6511,591
6512,24
6513,45
6514,739
6515,219
6516,134
6517,45
6518,587
6519,558
6520,368
6521,600
6522,40
6523,657
6524,311
6525,621
6526,312
6527,708
6528,705
6529,73
6530,529
6531,459
6532,105
6533,517
6534,798
6535,201
6536,275
6537,192
6538,252
6539,146
6540,143
6541,761
6542,195
6543,769
6544,198
6545,47
6546,707
6547,199
6548,208
6549,656
6550,652
6551,153
6552,256
6553,668
6554,681
6555,429
6556,352
6557,749
6558,257
6559,479
6560,439
6561,620
6562,62
6563,532
6564,115
6565,205
6566,3
6567,296
6568,213
6569,26
6570,407
6571,663
6572,534
6573,68
6574,328
6575,48
6576,686
6577,188
6578,510
6579,271
6580,201
6581,97
6582,309
6583,485
6584,617
6585,609
6586,571
6587,39
6588,31
6589,270
6590,59
6591,184
6592,665
6593,203
6594,784
6595,762
6596,414
6597,650
6598,615
6599,100
6600,16
6601,90
6602,365
6603,407
6604,216
6605,697
6606,649
6607,100
6608,162
6609,748
6610,25
6611,407
6612,83
6613,121
6614,719
6615,612
6616,406
6617,139
6618,713
6619,405
6620,731
6621,369
6622,358
6623,338
6624,248
6625,377
6626,449
6627,111
6628,674
6629,427
6630,738
6631,366
6632,23
6633,344
6634,39
6635,707
6636,459
6637,41
6638,212
6639,416
6640,153
6641,631
6642,721
6643,31
6644,681
6645,433
6646,653
6647,380
6648,386
6649,207
6650,130
6651,793
6652,432
6653,19
6654,303
6655,476
6656,577
6657,403
6658,409
6659,55
6660,661
6661,403
6662,256
6663,761
6664,782
6665,795
6666,88
6667,424
6668,295
6669,550
6670,676
6671,161
6672,239
6673,584
6674,729
6675,387
6676,409
6677,421
6678,681
6679,130
6680,582
6681,64
6682,374
6683,641
6684,690
6685,369
6686,2
6687,702
6688,474
6689,162
6690,388
6691,251
6692,671
6693,372
6694,727
6695,68
6696,208
6697,648
6698,539
6699,677
6700,800
6701,217
6702,454
6703,218
6704,660
6705,199
6706,506
6707,714
6708,202
6709,295
6710,370
6711,583
6712,334
6713,112
6714,649
6715,783
6716,217
6717,527
6718,759
6719,238
6720,96
6721,62
6722,643
6723,15
6724,557
6725,693
6726,670
6727,579
6728,532
6729,72
6730,401
6731,169
6732,766
6733,64
6734,251
6735,635
6736,317
6737,728
6738,702
6739,220
6740,637
6741,19
6742,467
6743,551
6744,153
6745,177
6746,325
6747,67
6748,659
6749,747
6750,714
6751,173
6752,242
6753,350
6754,333
6755,788
6756,557
6757,120
6758,661
6759,693
6760,257
6761,560
6762,683
6763,302
6764,589
6765,624
6766,7
6767,675
6768,579
6769,91
6770,224
6771,252
6772,69
6773,48
6774,496
6775,422
6776,573
6777,357
6778,54
6779,182
6780,575
6781,215
6782,290
6783,5
6784,252
6785,623
6786,83
6787,16
6788,721
6789,241
6790,621
6791,515
6792,711
6793,685
6794,409
6795,105
6796,738
6797,227
6798,36
6799,662
6800,486
6801,89
6802,109
6803,270
6804,154
6805,662
6806,550
6807,267
6808,406
6809,491
6810,685
6811,280
6812,19
6813,629
6814,630
6815,795
6816,115
6817,336
6818,756
6819,417
6820,545
6821,512
6822,509
6823,456
6824,5
6825,64
6826,35
6827,158
6828,441
6829,690
6830,767
6831,29
6832,150
6833,210
6834,384
6835,419
6836,384
6837,702
6838,77
6839,535
6840,796
6841,614
6842,783
6843,595
6844,512
6845,390
6846,637
6847,511
6848,370
6849,314
6850,10
6851,256
6852,397
6853,693
6854,412
6855,26
6856,779
6857,316
6858,263
6859,310
6860,562
6861,394
6862,292
6863,367
6864,365
6865,441
6866,335
6867,302
6868,9
6869,504
6870,76
6871,547
6872,673
6873,21
6874,747
6875,673
6876,429
6877,185
6878,620
6879,777
6880,613
6881,460
6882,274
6883,618
6884,745
6885,282
6886,40
6887,34
6888,565
6889,626
6890,265
6891,3
6892,278
6893,376
6894,98
6895,669
6896,3
6897,279
6898,572
6899,355
6900,173
6901,237
6902,689
6903,398
6904,404
6905,523
6906,720
6907,185
6908,171
6909,771
6910,535
6911,220
6912,597
6913,68
6914,109
6915,80
6916,787
6917,549
6918,12
6919,185
6920,732
6921,699
6922,88
6923,397
6924,361
6925,210
6926,615
6927,782
6928,26
6929,343
6930,498
6931,213
6932,636
6933,34
6934,587
6935,656
6936,52
6937,311
6938,311
6939,758
6940,348
6941,162
6942,21
6943,18
6944,739
6945,729
6946,174
6947,782
6948,481
6949,375
6950,152
6951,80
6952,447
6953,725
6954,80
6955,291
6956,255
6957,496
6958,155
6959,253
6960,483
6961,177
6962,773
6963,491
6964,709
6965,329
6966,568
6967,652
6968,227
6969,15
6970,110
6971,795
6972,158
6973,613
6974,247
6975,47
6976,425
6977,648
6978,597
6979,305
6980,372
6981,284
6982,377
6983,410
6984,427
6985,736
6986,503
6987,245
6988,154
6989,741
6990,454
6991,576
6992,119
6993,269
6994,381
6995,752
6996,379
6997,795
6998,144
6999,185
7000,739
7001,160
7002,205
7003,94
7004,764
7005,605
7006,351
7007,31
7008,509
7009,346
7010,137
7011,537
7012,21
7013,279
7014,193
7015,356
7016,489
7017,171
7018,549
7019,504
7020,83
7021,647
7022,413
7023,439
7024,176
7025,254
7026,298
7027,78
7028,40
7029,275
7030,735
7031,619
7032,252
7033,434
7034,495
7035,677
7036,71
7037,630
7038,483
7039,87
7040,422
7041,577
7042,351
7043,749
7044,636
7045,276
7046,781
7047,785
7048,510
7049,29
7050,755
7051,720
7052,777
7053,794
7054,439
7055,774
7056,397
7057,529
7058,156
7059,247
7060,419
7061,118
7062,256
7063,576
7064,143
7065,743
7066,410
7067,607
7068,513
7069,380
7070,244
7071,671
7072,271
7073,432
7074,363
7075,468
7076,698
7077,742
7078,92
7079,451
7080,776
7081,436
7082,22
7083,674
7084,759
7085,327
7086,589
7087,402
7088,33
7089,61
7090,711
7091,304
7092,311
7093,517
7094,716
7095,639
7096,549
7097,70
7098,428
7099,15
7100,220
7101,125
7102,528
7103,334
7104,748
7105,456
7106,627
7107,149
7108,594
7109,329
7110,136
7111,389
7112,139
7113,800
7114,32
7115,402
7116,16
7117,441
7118,506
7119,685
7120,641
7121,797
7122,108
7123,131
7124,98
7125,239
7126,2
7127,244
7128,622
7129,339
7130,587
7131,120
7132,409
7133,706
7134,767
7135,57
7136,30
7137,351
7138,496
7139,448
7140,239
7141,105
7142,76
7143,515
7144,770
7145,176
7146,262
7147,512
7148,683
7149,66
7150,367
7151,768
7152,295
7153,276
7154,748
7155,226
7156,690
7157,567
7158,674
7159,384
7160,590
7161,73
7162,7
7163,51
7164,154
7165,511
7166,367
7167,612
7168,487
7169,94
7170,788
7171,93
7172,114
7173,798
7174,717
7175,420
7176,310
7177,220
7178,401
7179,311
7180,722
7181,551
7182,420
7183,230
7184,784
7185,435
7186,357
7187,68
7188,243
7189,628
7190,557
7191,102
7192,800
7193,256
7194,600
7195,273
7196,169
7197,672
7198,351
7199,98
7200,380
7201,439
7202,151
7203,360
7204,87
7205,222
7206,401
7207,373
7208,230
7209,356
7210,567
7211,127
7212,593
7213,150
7214,726
7215,331
7216,620
7217,625
7218,48
7219,694
7220,695
7221,133
7222,329
7223,391
7224,181
7225,788
7226,594
7227,607
7228,385
7229,38
7230,405
7231,498
7232,171
7233,432
7234,430
7235,141
7236,46
7237,517
7238,693
7239,115
7240,780
7241,331
7242,122
7243,629
7244,544
7245,707
7246,301
7247,660
7248,239
7249,416
7250,590
7251,272
7252,91
7253,712
7254,117
7255,291
7256,493
7257,354
7258,242
7259,53
7260,133
7261,768
7262,113
7263,18
7264,221
7265,721
7266,235
7267,21
7268,727
7269,385
7270,277
7271,259
7272,144
7273,576
7274,692
7275,754
7276,481
7277,142
7278,460
7279,782
7280,206
7281,211
7282,475
7283,271
7284,315
7285,245
7286,284
7287,384
7288,384
7289,475
7290,544
7291,14
7292,117
7293,514
7294,402
7295,45
7296,301
7297,666
7298,706
7299,149
7300,742
7301,320
7302,244
7303,685
7304,195
7305,371
7306,579
7307,627
7308,51
7309,336
7310,352
7311,486
7312,419
7313,453
7314,581
7315,639
7316,617
7317,202
7318,23
7319,97
7320,39
7321,174
7322,559
7323,517
7324,596
7325,6
7326,381
7327,282
7328,89
7329,447
7330,277
7331,711
7332,211
7333,51
7334,788
7335,739
7336,447
7337,197
7338,581
7339,681
7340,522
7341,13
7342,708
7343,234
7344,315
7345,236
7346,244
7347,766
7348,140
7349,376
7350,150
7351,797
7352,441
7353,434
7354,526
7355,636
7356,563
7357,438
7358,787
7359,509
7360,677
7361,176
7362,49
7363,199
7364,586
7365,170
7366,492
7367,430
7368,211
7369,303
7370,404
7371,188
7372,457
7373,631
7374,579
7375,204
7376,68
7377,119
7378,717
7379,669
7380,655
7381,218
7382,489
7383,285
7384,418
7385,58
7386,377
7387,716
7388,326
7389,249
7390,420
7391,119
7392,676
7393,7
7394,549
7395,292
7396,684
7397,769
7398,622
7399,230
7400,148
7401,263
7402,85
7403,771
7404,400
7405,462
7406,677
7407,345
7408,401
7409,329
7410,44
7411,752
7412,682
7413,372
7414,673
7415,302
7416,302
7417,531
7418,54
7419,793
7420,281
7421,116
7422,791
7423,274
7424,518
7425,445
7426,302
7427,519
7428,113
7429,278
7430,21
7431,269
7432,24
7433,335
7434,1
7435,536
7436,547
7437,79
7438,518
7439,618
7440,182
7441,777
7442,122
7443,190
7444,225
7445,411
7446,324
7447,617
7448,178
7449,677
7450,25
7451,20
7452,696
7453,132
7454,557
7455,649
7456,562
7457,460
7458,192
7459,339
7460,506
7461,98
7462,594
7463,535
7464,659
7465,626
7466,291
7467,388
7468,231
7469,42
7470,564
7471,647
7472,633
7473,467
7474,367
7475,293
7476,99
7477,773
7478,256
7479,533
7480,745
7481,323
7482,403
7483,287
7484,87
7485,394
7486,567
7487,378
7488,194
7489,591
7490,36
7491,611
7492,542
7493,636
7494,207
7495,467
7496,490
7497,448
7498,470
7499,157
7500,798
7501,384
7502,562
7503,366
7504,133
7505,303
7506,384
7507,85
7508,659
7509,92
7510,658
7511,579
7512,362
7513,156
7514,260
7515,445
7516,202
7517,188
7518,304
7519,5
7520,335
7521,661
7522,143
7523,463
7524,782
7525,740
7526,171
7527,358
7528,315
7529,277
7530,47
7531,521
7532,688
7533,290
7534,487
7535,66
7536,421
7537,503
7538,430
7539,72
7540,726
7541,739
7542,287
7543,411
7544,307
7545,184
7546,344
7547,328
7548,791
7549,575
7550,120
7551,433
7552,542
7553,86
7554,683
7555,772
7556,693
7557,535
7558,140
7559,552
7560,254
7561,719
7562,137
7563,327
7564,311
7565,391
7566,84
7567,645
7568,200
7569,608
7570,480
7571,617
7572,723
7573,153
7574,665
7575,108
7576,630
7577,797
7578,395
7579,176
7580,193
7581,775
7582,486
7583,464
7584,316
7585,783
7586,455
7587,632
7588,682
7589,458
7590,397
7591,38
7592,100
7593,64
7594,484
7595,513
7596,729
7597,443
7598,206
7599,51
7600,140
7601,491
7602,299
7603,512
7604,395
7605,778
7606,62
7607,70
7608,205
7609,27
7610,662
7611,258
7612,112
7613,352
7614,627
7615,156
7616,599
7617,685
7618,653
7619,427
7620,318
7621,494
7622,350
7623,50
7624,673
7625,49
7626,672
7627,233
7628,131
7629,415
7630,361
7631,334
7632,85
7633,769
7634,500
7635,551
7636,745
7637,196
7638,493
7639,314
7640,186
7641,607
7642,420
7643,694
7644,195
7645,799
7646,565
7647,365
7648,686
7649,243
7650,30
7651,303
7652,767
7653,407
7654,419
7655,666
7656,575
7657,619
7658,745
7659,379
7660,116
7661,172
7662,447
7663,494
7664,455
7665,210
7666,617
7667,102
7668,560
7669,666
7670,509
7671,778
7672,461
7673,432
7674,684
7675,677
7676,13
7677,126
7678,163
7679,92
7680,123
7681,347
7682,667
7683,444
7684,220
7685,183
7686,132
7687,3
7688,341
7689,484
7690,421
7691,103
7692,171
7693,162
7694,301
7695,724
7696,648
7697,548
7698,570
7699,282
7700,339
7701,455
7702,185
7703,209
7704,304
7705,20
7706,729
7707,298
7708,436
7709,441
7710,763
7711,437
7712,12
7713,427
7714,337
7715,741
7716,719
7717,655
7718,411
7719,17
7720,398
7721,284
7722,108
7723,738
7724,347
7725,700
7726,232
7727,462
7728,47
7729,289
7730,728
7731,126
7732,25
7733,576
7734,715
7735,68
7736,31
7737,570
7738,403
7739,166
7740,416
7741,537
7742,629
7743,738
7744,517
7745,767
7746,273
7747,666
7748,786
7749,349
7750,469
7751,497
7752,15
7753,344
7754,523
7755,327
7756,142
7757,655
7758,168
7759,638
7760,24
7761,723
7762,581
7763,161
7764,130
7765,523
7766,203
7767,626
7768,451
7769,625
7770,245
7771,433
7772,366
7773,678
7774,189
7775,525
7776,167
7777,215
7778,337
7779,147
7780,257
7781,510
7782,497
7783,469
7784,456
7785,237
7786,108
7787,335
7788,776
7789,332
7790,597
7791,518
7792,539
7793,132
7794,1
7795,580
7796,666
7797,602
7798,52
7799,459
7800,124
7801,128
7802,202
7803,14
7804,136
7805,384
7806,276
7807,67
7808,158
7809,492
7810,781
7811,635
7812,505
7813,743
7814,560
7815,586
7816,338
7817,145
7818,644
7819,583
7820,473
7821,560
7822,506
7823,357
7824,150
7825,206
7826,712
7827,415
7828,276
7829,474
7830,358
7831,149
7832,12
7833,687
7834,145
7835,13
7836,393
7837,414
7838,566
7839,316
7840,61
7841,305
7842,216
7843,783
7844,72
7845,444
7846,482
7847,131
7848,781
7849,15
7850,269
7851,764
7852,340
7853,376
7854,324
7855,244
7856,215
7857,644
7858,755
7859,106
7860,358
7861,282
7862,300
7863,581
7864,332
7865,432
7866,583
7867,143
7868,200
7869,154
7870,625
7871,657
7872,119
7873,54
7874,179
7875,314
7876,96
7877,439
7878,744
7879,616
7880,366
7881,525
7882,294
7883,566
7884,41
7885,510
7886,263
7887,748
7888,495
7889,373
7890,355
7891,277
7892,599
7893,392
7894,330
7895,638
7896,14
7897,276
7898,383
7899,148
7900,395
7901,800
7902,349
7903,58
7904,561
7905,342
7906,299
7907,96
7908,343
7909,17
7910,370
7911,771
7912,684
7913,239
7914,222
7915,797
7916,83
7917,672
7918,461
7919,570
7920,555
7921,554
7922,787
7923,709
7924,300
7925,525
7926,570
7927,702
7928,352
7929,776
7930,286
7931,630
7932,773
7933,743
7934,601
7935,13
7936,295
7937,688
7938,63
7939,15
7940,232
7941,565
7942,624
7943,552
7944,94
7945,169
7946,159
7947,706
7948,290
7949,232
7950,521
7951,786
7952,576
7953,591
7954,240
7955,310
7956,707
7957,693
7958,196
7959,750
7960,57
7961,791
7962,221
7963,67
7964,657
7965,759
7966,58
7967,493
7968,620
7969,36
7970,783
7971,244
7972,68
7973,605
7974,94
7975,533
7976,474
7977,539
7978,235
7979,305
7980,83
7981,713
7982,51
7983,497
7984,751
7985,742
7986,291
7987,489
7988,338
7989,736
7990,234
7991,252
7992,113
7993,344
7994,21
7995,37
7996,486
7997,586
7998,249
7999,91
8000,326
8001,663
8002,562
8003,322
8004,66
8005,626
8006,392
8007,704
8008,577
8009,137
8010,219
8011,496
8012,561
8013,469
8014,212
8015,678
8016,93
8017,134
8018,561
8019,729
8020,115
8021,53
8022,152
8023,669
8024,31
8025,482
8026,344
8027,243
8028,387
8029,515
8030,399
8031,375
8032,599
8033,293
8034,660
8035,19
8036,386
8037,123
8038,39
8039,270
8040,784
8041,682
8042,135
8043,188
8044,375
8045,773
8046,652
8047,223
8048,237
8049,564
8050,789
8051,759
8052,691
8053,741
8054,247
8055,148
8056,700
8057,136
8058,586
8059,132
8060,558
8061,776
8062,466
8063,27
8064,526
8065,404
8066,61
8067,417
8068,557
8069,429
8070,558
8071,48
8072,58
8073,181
8074,278
8075,22
8076,614
8077,105
8078,652
8079,193
8080,645
8081,118
8082,697
8083,529
8084,778
8085,528
8086,242
8087,425
8088,245
8089,380
8090,196
8091,720
8092,244
8093,317
8094,389
8095,399
8096,795
8097,340
8098,640
8099,375
8100,706
8101,551
8102,766
8103,264
8104,298
8105,92
8106,633
8107,694
8108,277
8109,632
8110,466
8111,266
8112,410
8113,576
8114,55
8115,378
8116,477
8117,310
8118,473
8119,317
8120,478
8121,93
8122,196
8123,215
8124,121
8125,594
8126,322
8127,57
8128,404
8129,418
8130,527
8131,407
8132,590
8133,406
8134,67
8135,153
8136,493
8137,679
8138,489
8139,678
8140,756
8141,495
8142,462
8143,182
8144,260
8145,621
8146,545
8147,610
8148,9
8149,685
8150,81
8151,625
8152,753
8153,618
8154,96
8155,237
8156,67
8157,758
8158,281
8159,727
8160,762
8161,444
8162,477
8163,351
8164,424
8165,256
8166,339
8167,154
8168,675
8169,579
8170,654
8171,549
8172,114
8173,697
8174,464
8175,592
8176,761
8177,457
8178,635
8179,467
8180,239
8181,286
8182,207
8183,427
8184,20
8185,222
8186,609
8187,243
8188,347
8189,233
8190,785
8191,647
8192,392
8193,17
8194,33
8195,444
8196,308
8197,343
8198,32
8199,309
8200,475
8201,556
8202,275
8203,301
8204,363
8205,183
8206,93
8207,105
8208,721
8209,208
8210,236
8211,500
8212,209
8213,721
8214,178
8215,776
8216,677
8217,758
8218,169
8219,151
8220,592
8221,709
8222,492
8223,109
8224,239
8225,643
8226,295
8227,194
8228,658
8229,722
8230,450
8231,459
8232,274
8233,263
8234,252
8235,78
8236,543
8237,732
8238,108
8239,536
8240,595
8241,138
8242,778
8243,342
8244,465
8245,505
8246,304
8247,603
8248,628
8249,121
8250,448
8251,757
8252,573
8253,320
8254,448
8255,14
8256,369
8257,45
8258,486
8259,654
8260,432
8261,501
8262,254
8263,646
8264,160
8265,6
8266,457
8267,289
8268,405
8269,34
8270,750
8271,355
8272,487
8273,256
8274,667
8275,682
8276,188
8277,394
8278,65
8279,8
8280,733
8281,113
8282,68
8283,365
8284,385
8285,37
8286,523
8287,611
8288,75
8289,271
8290,314
8291,491
8292,365
8293,470
8294,543
8295,104
8296,678
8297,299
8298,347
8299,335
8300,281
8301,181
8302,279
8303,332
8304,756
8305,127
8306,558
8307,635
8308,119
8309,124
8310,504
8311,561
8312,462
8313,102
8314,526
8315,403
8316,22
8317,646
8318,54
8319,453
8320,583
8321,4
8322,147
8323,261
8324,789
8325,343
8326,550
8327,463
8328,589
8329,24
8330,581
8331,730
8332,374
8333,351
8334,120
8335,587
8336,419
8337,482
8338,20
8339,118
8340,92
8341,144
8342,419
8343,200
8344,153
8345,478
8346,300
8347,52
8348,761
8349,735
8350,287
8351,338
8352,753
8353,676
8354,571
8355,485
8356,469
8357,187
8358,736
8359,343
8360,420
8361,398
8362,40
8363,623
8364,227
8365,93
8366,600
8367,234
8368,555
8369,229
8370,1
8371,19
8372,761
8373,348
8374,753
8375,328
8376,262
8377,720
8378,374
8379,662
8380,334
8381,484
8382,619
8383,262
8384,182
8385,775
8386,562
8387,713
8388,432
8389,460
8390,477
8391,554
8392,619
8393,325
8394,238
8395,323
8396,7
8397,409
8398,94
8399,435
8400,709
8401,64
8402,694
8403,173
8404,729
8405,618
8406,388
8407,308
8408,17
8409,49
8410,350
8411,779
8412,313
8413,44
8414,635
8415,562
8416,114
8417,755
8418,648
8419,407
8420,789
8421,648
8422,755
8423,690
8424,709
8425,760
8426,343
8427,21
8428,385
8429,245
8430,763
8431,441
8432,295
8433,677
8434,406
8435,733
8436,277
8437,750
8438,132
8439,165
8440,274
8441,695
8442,365
8443,169
8444,85
8445,523
8446,757
8447,66
8448,535
8449,148
8450,681
8451,4
8452,172
8453,495
8454,654
8455,729
8456,242
8457,471
8458,391
8459,309
8460,210
8461,372
8462,96
8463,246
8464,200
8465,367
8466,222
8467,543
8468,492
8469,597
8470,515
8471,284
8472,169
8473,152
8474,8
8475,35
8476,634
8477,376
8478,679
8479,43
8480,684
8481,471
8482,198
8483,597
8484,157
8485,644
8486,448
8487,434
8488,752
8489,793
8490,703
8491,509
8492,794
8493,272
8494,251
8495,227
8496,590
8497,51
8498,74
8499,509
8500,198
8501,399
8502,579
8503,500
8504,375
8505,439
8506,636
8507,244
8508,517
8509,784
8510,409
8511,344
8512,555
8513,342
8514,589
8515,602
8516,298
8517,266
8518,92
8519,543
8520,711
8521,196
8522,702
8523,390
8524,786
8525,23
8526,1
8527,199
8528,513
8529,472
8530,605
8531,776
8532,284
8533,520
8534,67
8535,207
8536,151
8537,764
8538,691
8539,749
8540,45
8541,45
8542,716
8543,557
8544,200
8545,383
8546,265
8547,632
8548,551
8549,503
8550,317
8551,174
8552,282
8553,239
8554,329
8555,494
8556,52
8557,786
8558,467
8559,258
8560,100
8561,410
8562,433
8563,496
8564,231
8565,585
8566,217
8567,245
8568,200
8569,779
8570,16
8571,12
8572,60
8573,153
8574,563
8575,549
8576,31
8577,335
8578,424
8579,572
8580,705
8581,95
8582,717
8583,18
8584,670
8585,533
8586,56
8587,258
8588,555
8589,687
8590,668
8591,232
8592,572
8593,694
8594,27
8595,202
8596,445
8597,410
8598,753
8599,204
8600,121
8601,42
8602,372
8603,25
8604,117
8605,788
8606,356
8607,420
8608,530
8609,366
8610,616
8611,48
8612,12
8613,19
8614,443
8615,139
8616,481
8617,300
8618,311
8619,334
8620,236
8621,505
8622,455
8623,124
8624,446
8625,411
8626,160
8627,383
8628,781
8629,343
8630,276
8631,722
8632,63
8633,81
8634,551
8635,333
8636,59
8637,698
8638,581
8639,642
8640,546
8641,184
8642,110
8643,703
8644,215
8645,327
8646,693
8647,370
8648,273
8649,135
8650,285
8651,317
8652,686
8653,757
8654,459
8655,767
8656,731
8657,514
8658,588
8659,253
8660,76
8661,196
8662,56
8663,379
8664,180
8665,247
8666,500
8667,259
8668,199
8669,89
8670,646
8671,14
8672,603
8673,743
8674,261
8675,667
8676,776
8677,376
8678,206
8679,112
8680,108
8681,764
8682,153
8683,662
8684,634
8685,579
8686,628
8687,662
8688,741
8689,436
8690,507
8691,727
8692,675
8693,780
8694,21
8695,795
8696,284
8697,181
8698,29
8699,522
8700,97
8701,3
8702,324
8703,206
8704,5
8705,555
8706,675
8707,432
8708,707
8709,64
8710,550
8711,732
8712,511
8713,404
8714,292
8715,11
8716,16
8717,17
8718,569
8719,234
8720,493
8721,498
8722,26
8723,390
8724,362
8725,42
8726,553
8727,732
8728,499
8729,67
8730,131
8731,267
8732,739
8733,308
8734,594
8735,110
8736,533
8737,202
8738,378
8739,121
8740,596
8741,470
8742,416
8743,158
8744,420
8745,325
8746,692
8747,712
8748,264
8749,109
8750,91
8751,677
8752,114
8753,519
8754,229
8755,475
8756,489
8757,597
8758,474
8759,786
8760,516
8761,302
8762,501
8763,678
8764,520
8765,283
8766,679
8767,781
8768,759
8769,644
8770,779
8771,167
8772,39
8773,682
8774,508
8775,481
8776,140
8777,211
8778,579
8779,146
8780,778
8781,770
8782,746
8783,600
8784,243
8785,226
8786,242
8787,430
8788,701
8789,668
8790,43
8791,290
8792,643
8793,544
8794,447
8795,10
8796,214
8797,202
8798,93
8799,194
8800,142
8801,129
8802,41
8803,578
8804,65
8805,437
8806,634
8807,548
8808,499
8809,116
8810,625
8811,646
8812,405
8813,479
8814,368
8815,75
8816,235
8817,667
8818,103
8819,93
8820,272
8821,417
8822,142
8823,6
8824,666
8825,584
8826,12
8827,5
8828,164
8829,718
8830,80
8831,183
8832,134
8833,104
8834,441
8835,416
8836,171
8837,557
8838,199
8839,763
8840,600
8841,228
8842,570
8843,419
8844,723
8845,162
8846,618
8847,86
8848,566
8849,216
8850,625
8851,467
8852,426
8853,480
8854,70
8855,228
8856,495
8857,598
8858,486
8859,519
8860,51
8861,52
8862,451
8863,793
8864,686
8865,125
8866,744
8867,666
8868,345
8869,380
8870,497
8871,83
8872,576
8873,28
8874,234
8875,674
8876,715
8877,77
8878,324
8879,578
8880,637
8881,389
8882,261
8883,687
8884,471
8885,706
8886,338
8887,676
8888,224
8889,10
8890,324
8891,741
8892,480
8893,174
8894,635
8895,428
8896,149
8897,168
8898,761
8899,110
8900,97
8901,196
8902,799
8903,416
8904,545
8905,47
8906,737
8907,138
8908,450
8909,103
8910,220
8911,301
8912,777
8913,649
8914,177
8915,800
8916,529
8917,688
8918,52
8919,596
8920,381
8921,553
8922,62
8923,620
8924,754
8925,389
8926,110
8927,198
8928,181
8929,738
8930,523
8931,198
8932,89
8933,687
8934,246
8935,20
8936,560
8937,634
8938,312
8939,184
8940,162
8941,221
8942,693
8943,59
8944,446
8945,619
8946,708
8947,730
8948,459
8949,502
8950,111
8951,656
8952,784
8953,727
8954,237
8955,82
8956,56
8957,725
8958,653
8959,465
8960,447
8961,778
8962,443
8963,525
8964,762
8965,155
8966,744
8967,697
8968,766
8969,107
8970,725
8971,550
8972,328
8973,400
8974,517
8975,560
8976,643
8977,92
8978,437
8979,258
8980,591
8981,39
8982,198
8983,244
8984,396
8985,60
8986,296
8987,58
8988,427
8989,715
8990,775
8991,791
8992,726
8993,583
8994,85
8995,99
8996,367
8997,763
8998,450
8999,796
9000,156
9001,320
9002,287
9003,65
9004,346
9005,683
9006,601
9007,460
9008,103
9009,40
9010,250
9011,787
9012,253
9013,141
9014,768
9015,566
9016,574
9017,372
9018,120
9019,504
9020,345
9021,785
9022,765
9023,90
9024,16
9025,106
9026,328
9027,414
9028,392
9029,567
9030,264
9031,405
9032,318
9033,420
9034,674
9035,768
9036,618
9037,673
9038,728
9039,214
9040,509
9041,626
9042,410
9043,123
9044,501
9045,737
9046,441
9047,745
9048,529
9049,26
9050,135
9051,223
9052,502
9053,634
9054,735
9055,169
9056,632
9057,670
9058,133
9059,727
9060,792
9061,152
9062,126
9063,355
9064,596
9065,406
9066,344
9067,232
9068,24
9069,16
9070,495
9071,520
9072,689
9073,212
9074,219
9075,239
9076,646
9077,776
9078,797
9079,516
9080,175
9081,399
9082,33
9083,91
9084,188
9085,226
9086,453
9087,681
9088,517
9089,480
9090,710
9091,724
9092,217
9093,667
9094,301
9095,609
9096,641
9097,94
9098,150
9099,89
9100,5
9101,688
9102,454
9103,170
9104,623
9105,170
9106,287
9107,57
9108,585
9109,767
9110,161
9111,724
9112,787
9113,533
9114,82
9115,76
9116,263
9117,171
9118,193
9119,669
9120,142
9121,729
9122,285
9123,201
9124,443
9125,461
9126,474
9127,470
9128,762
9129,671
9130,358
9131,350
9132,37
9133,679
9134,259
9135,498
9136,49
9137,294
9138,197
9139,410
9140,129
9141,707
9142,398
9143,24
9144,251
9145,3
9146,250
9147,461
9148,741
9149,709
9150,171
9151,316
9152,9
9153,711
9154,265
9155,529
9156,597
9157,718
9158,638
9159,571
9160,88
9161,60
9162,264
9163,327
9164,517
9165,677
9166,201
9167,423
9168,462
9169,6
9170,372
9171,425
9172,130
9173,623
9174,306
9175,577
9176,521
9177,369
9178,317
9179,70
9180,168
9181,100
9182,189
9183,492
9184,758
9185,331
9186,407
9187,728
9188,391
9189,89
9190,590
9191,273
9192,511
9193,478
9194,410
9195,560
9196,233
9197,557
9198,551
9199,502
9200,121
9201,571
9202,141
9203,488
9204,615
9205,504
9206,403
9207,348
9208,71
9209,445
9210,190
9211,287
9212,799
9213,405
9214,274
9215,101
9216,269
9217,416
9218,579
9219,146
9220,346
9221,733
9222,421
9223,68
9224,450
9225,196
9226,200
9227,135
9228,452
9229,64
9230,304
9231,774
9232,454
9233,303
9234,8
9235,622
9236,709
9237,435
9238,722
9239,3
9240,151
9241,550
9242,424
9243,481
9244,378
9245,671
9246,723
9247,30
9248,566
9249,20
9250,333
9251,523
9252,625
9253,147
9254,403
9255,172
9256,798
9257,701
9258,517
9259,607
9260,393
9261,495
9262,117
9263,409
9264,658
9265,377
9266,112
9267,656
9268,368
9269,134
9270,401
9271,407
9272,37
9273,576
9274,534
9275,26
9276,119
9277,720
9278,740
9279,96
9280,523
9281,342
9282,267
9283,269
9284,59
9285,4
9286,288
9287,125
9288,679
9289,452
9290,140
9291,526
9292,106
9293,191
9294,654
9295,757
9296,507
9297,441
9298,501
9299,598
9300,705
9301,287
9302,674
9303,323
9304,489
9305,643
9306,716
9307,528
9308,81
9309,330
9310,481
9311,191
9312,764
9313,30
9314,393
9315,136
9316,176
9317,786
9318,391
9319,185
9320,604
9321,47
9322,358
9323,558
9324,354
9325,615
9326,324
9327,593
9328,153
9329,23
9330,793
9331,411
9332,522
9333,83
9334,66
9335,707
9336,204
9337,363
9338,558
9339,242
9340,350
9341,222
9342,95
9343,36
9344,770
9345,295
9346,302
9347,288
9348,633
9349,622
9350,490
9351,532
9352,218
9353,376
9354,188
9355,5
9356,290
9357,642
9358,424
9359,367
9360,131
9361,142
9362,45
9363,781
9364,237
9365,548
9366,176
9367,408
9368,468
9369,697
9370,361
9371,699
9372,15
9373,47
9374,563
9375,722
9376,182
9377,617
9378,333
9379,779
9380,441
9381,720
9382,509
9383,659
9384,260
9385,184
9386,593
9387,733
9388,138
9389,643
9390,80
9391,250
9392,763
9393,320
9394,19
9395,93
9396,412
9397,83
9398,480
9399,65
9400,411
9401,416
9402,253
9403,729
9404,351
9405,567
9406,742
9407,61
9408,304
9409,260
9410,538
9411,617
9412,197
9413,607
9414,618
9415,573
9416,717
9417,235
9418,96
9419,89
9420,66
9421,369
9422,189
9423,783
9424,163
9425,588
9426,647
9427,402
9428,485
9429,595
9430,511
9431,605
9432,463
9433,762
9434,304
9435,279
9436,195
9437,443
9438,204
9439,135
9440,208
9441,780
9442,648
9443,248
9444,510
9445,756
9446,716
9447,595
9448,773
9449,465
9450,197
9451,28
9452,73
9453,237
9454,361
9455,522
9456,438
9457,502
9458,501
9459,8
9460,94
9461,237
9462,659
9463,337
9464,403
9465,707
9466,49
9467,441
9468,324
9469,420
9470,680
9471,638
9472,240
9473,731
9474,237
9475,217
9476,632
9477,629
9478,128
9479,551
9480,567
9481,548
9482,589
9483,433
9484,62
9485,416
9486,58
9487,290
9488,495
9489,748
9490,653
9491,624
9492,614
9493,738
9494,757
9495,257
9496,17
9497,416
9498,595
9499,472
9500,37
9501,510
9502,500
9503,432
9504,118
9505,185
9506,697
9507,50
9508,489
9509,110
9510,696
9511,777
9512,747
9513,651
9514,176
9515,640
9516,121
9517,110
9518,737
9519,421
9520,242
9521,155
9522,749
9523,354
9524,475
9525,542
9526,477
9527,740
9528,753
9529,103
9530,546
9531,614
9532,332
9533,582
9534,435
9535,86
9536,442
9537,632
9538,193
9539,521
9540,502
9541,338
9542,467
9543,111
9544,621
9545,2
9546,688
9547,357
9548,203
9549,245
9550,193
9551,610
9552,196
9553,105
9554,71
9555,462
9556,301
9557,144
9558,715
9559,36
9560,369
9561,693
9562,112
9563,325
9564,85
9565,340
9566,136
9567,631
9568,393
9569,296
9570,38
9571,528
9572,27
9573,743
9574,387
9575,495
9576,514
9577,439
9578,98
9579,792
9580,1
9581,754
9582,695
9583,758
9584,480
9585,341
9586,402
9587,346
9588,232
9589,419
9590,391
9591,176
9592,593
9593,683
9594,632
9595,691
9596,429
9597,316
9598,379
9599,102
9600,443
9601,43
9602,55
9603,563
9604,773
9605,282
9606,793
9607,567
9608,319
9609,582
9610,638
9611,369
9612,632
9613,460
9614,536
9615,422
9616,37
9617,580
9618,297
9619,711
9620,658
9621,364
9622,631
9623,260
9624,574
9625,402
9626,287
9627,657
9628,532
9629,649
9630,705
9631,689
9632,452
9633,692
9634,546
9635,785
9636,39
9637,475
9638,504
9639,667
9640,653
9641,585
9642,215
9643,257
9644,114
9645,365
9646,165
9647,62
9648,23
9649,722
9650,746
9651,540
9652,743
9653,630
9654,367
9655,362
9656,136
9657,70
9658,415
9659,645
9660,780
9661,72
9662,461
9663,84
9664,376
9665,526
9666,456
9667,96
9668,140
9669,638
9670,108
9671,27
9672,211
9673,697
9674,29
9675,489
9676,242
9677,732
9678,535
9679,89
9680,219
9681,457
9682,641
9683,669
9684,358
9685,58
9686,122
9687,22
9688,32
9689,459
9690,30
9691,780
9692,550
9693,700
9694,40
9695,629
9696,370
9697,200
9698,541
9699,209
9700,435
9701,520
9702,663
9703,570
9704,520
9705,28
9706,389
9707,285
9708,70
9709,772
9710,44
9711,112
9712,431
9713,682
9714,444
9715,359
9716,608
9717,412
9718,404
9719,150
9720,800
9721,551
9722,139
9723,110
9724,193
9725,210
9726,727
9727,261
9728,293
9729,651
9730,335
9731,324
9732,755
9733,735
9734,177
9735,514
9736,489
9737,302
9738,728
9739,177
9740,790
9741,126
9742,470
9743,785
9744,495
9745,306
9746,451
9747,466
9748,561
9749,118
9750,300
9751,317
9752,212
9753,204
9754,257
9755,28
9756,10
9757,231
9758,734
9759,464
9760,209
9761,411
9762,113
9763,799
9764,237
9765,202
9766,708
9767,160
9768,769
9769,220
9770,619
9771,329
9772,410
9773,555
9774,322
9775,256
9776,480
9777,461
9778,60
9779,417
9780,576
9781,194
9782,261
9783,256
9784,534
9785,605
9786,720
9787,699
9788,235
9789,526
9790,247
9791,12
9792,294
9793,317
9794,662
9795,623
9796,348
9797,177
9798,452
9799,698
9800,303
9801,423
9802,195
9803,658
9804,633
9805,621
9806,374
9807,414
9808,295
9809,112
9810,437
9811,182
9812,235
9813,793
9814,300
9815,760
9816,775
9817,135
9818,409
9819,78
9820,411
9821,579
9822,266
9823,121
9824,138
9825,415
9826,45
9827,688
9828,114
9829,488
9830,435
9831,799
9832,281
9833,646
9834,761
9835,363
9836,335
9837,176
9838,609
9839,538
9840,288
9841,669
9842,184
9843,46
9844,469
9845,328
9846,778
9847,780
9848,344
9849,26
9850,261
9851,335
9852,567
9853,578
9854,42
9855,194
9856,650
9857,281
9858,167
9859,65
9860,353
9861,772
9862,204
9863,615
9864,293
9865,285
9866,14
9867,42
9868,446
9869,243
9870,561
9871,742
9872,453
9873,395
9874,800
9875,580
9876,287
9877,416
9878,201
9879,320
9880,503
9881,624
9882,586
9883,77
9884,203
9885,204
9886,327
9887,169
9888,562
9889,319
9890,741
9891,472
9892,99
9893,307
9894,119
9895,379
9896,285
9897,750
9898,258
9899,17
9900,226
9901,704
9902,656
9903,25
9904,636
9905,218
9906,355
9907,418
9908,106
9909,610
9910,406
9911,336
9912,418
9913,249
9914,183
9915,372
9916,661
9917,10
9918,406
9919,666
9920,330
9921,81
9922,657
9923,549
9924,434
9925,452
9926,642
9927,796
9928,311
9929,33
9930,19
9931,455
9932,149
9933,583
9934,551
9935,117
9936,132
9937,140
9938,151
9939,625
9940,481
9941,530
9942,755
9943,437
9944,618
9945,651
9946,461
9947,568
9948,512
9949,614
9950,145
9951,139
9952,643
9953,772
9954,348
9955,730
9956,518
9957,78
9958,233
9959,448
9960,486
9961,261
9962,263
9963,94
9964,174
9965,134
9966,81
9967,729
9968,697
9969,647
9970,389
9971,473
9972,232
9973,607
9974,527
9975,776
9976,246
9977,675
9978,148
9979,720
9980,728
9981,477
9982,631
9983,217
9984,323
9985,761
9986,351
9987,317
9988,212
9989,5
9990,639
9991,587
9992,345
9993,261
9994,413
9995,762
9996,633
9997,723
9998,393
9999,597
10000,146
