5000
2,163
4,455
6,639
8,42
10,730
12,391
14,549
16,157
18,529
20,228
22,297
24,70
26,391
28,147
30,398
32,605
34,388
36,408
38,586
40,778
42,237
44,427
46,662
48,174
50,395
52,101
54,562
56,507
58,293
60,216
62,3
64,351
66,703
68,418
70,556
72,704
74,618
76,761
78,651
80,187
82,26
84,578
86,589
88,437
90,202
92,386
94,733
96,615
98,593
100,730
102,255
104,549
106,438
108,267
110,382
112,488
114,10
116,49
118,336
120,39
122,657
124,217
126,369
128,598
130,5
132,409
134,198
136,239
138,650
140,493
142,224
144,164
146,690
148,585
150,425
152,586
154,463
156,264
158,595
160,64
162,323
164,492
166,331
168,335
170,775
172,358
174,388
176,90
178,777
180,798
182,229
184,21
186,165
188,524
190,260
192,105
194,722
196,246
198,79
200,633
202,161
204,39
206,200
208,777
210,332
212,394
214,791
216,277
218,389
220,277
222,760
224,570
226,691
228,524
230,229
232,316
234,712
236,77
238,97
240,274
242,541
244,33
246,163
248,355
250,269
252,539
254,751
256,140
258,341
260,233
262,634
264,54
266,311
268,70
270,356
272,519
274,658
276,99
278,776
280,352
282,349
284,712
286,588
288,258
290,492
292,691
294,549
296,63
298,504
300,581
302,147
304,152
306,529
308,362
310,444
312,47
314,766
316,241
318,95
320,516
322,535
324,705
326,397
328,112
330,74
332,645
334,518
336,569
338,292
340,148
342,188
344,436
346,706
348,71
350,463
352,290
354,72
356,335
358,555
360,289
362,489
364,76
366,502
368,41
370,62
372,215
374,492
376,621
378,341
380,307
382,274
384,628
386,736
388,174
390,778
392,513
394,427
396,582
398,360
400,276
402,783
404,328
406,788
408,50
410,50
412,83
414,452
416,399
418,587
420,522
422,646
424,7
426,579
428,482
430,347
432,242
434,270
436,139
438,165
440,119
442,503
444,28
446,149
448,681
450,691
452,71
454,637
456,318
458,734
460,225
462,206
464,39
466,19
468,566
470,512
472,713
474,42
476,533
478,750
480,220
482,269
484,85
486,235
488,291
490,740
492,710
494,592
496,24
498,5
500,487
502,483
504,115
506,122
508,232
510,14
512,725
514,30
516,91
518,660
520,200
522,140
524,416
526,427
528,391
530,245
532,320
534,697
536,253
538,47
540,673
542,736
544,25
546,485
548,668
550,626
552,228
554,91
556,525
558,174
560,2
562,754
564,120
566,558
568,116
570,570
572,2
574,744
576,682
578,429
580,140
582,735
584,102
586,757
588,61
590,248
592,477
594,268
596,574
598,709
600,109
602,779
604,45
606,619
608,50
610,8
612,774
614,87
616,278
618,183
620,619
622,552
624,725
626,552
628,96
630,314
632,173
634,659
636,796
638,746
640,587
642,768
644,77
646,730
648,289
650,648
652,305
654,742
656,742
658,680
660,434
662,765
664,45
666,131
668,303
670,92
672,30
674,672
676,404
678,327
680,230
682,492
684,479
686,17
688,653
690,97
692,368
694,219
696,487
698,575
700,366
702,311
704,210
706,502
708,459
710,663
712,212
714,624
716,97
718,39
720,209
722,462
724,322
726,162
728,252
730,420
732,28
734,381
736,532
738,439
740,308
742,370
744,559
746,508
748,459
750,184
752,741
754,260
756,674
758,405
760,415
762,424
764,478
766,564
768,496
770,19
772,286
774,284
776,762
778,25
780,760
782,717
784,361
786,204
788,569
790,502
792,453
794,622
796,150
798,97
800,484
802,264
804,622
806,234
808,784
810,418
812,45
814,697
816,421
818,602
820,37
822,800
824,78
826,562
828,430
830,213
832,391
834,404
836,546
838,449
840,323
842,710
844,364
846,611
848,425
850,715
852,213
854,317
856,19
858,11
860,766
862,85
864,510
866,756
868,520
870,5
872,422
874,402
876,330
878,531
880,186
882,484
884,457
886,647
888,567
890,541
892,376
894,504
896,278
898,204
900,757
902,693
904,637
906,49
908,290
910,609
912,52
914,238
916,788
918,294
920,666
922,397
924,564
926,479
928,62
930,640
932,453
934,714
936,151
938,115
940,280
942,289
944,368
946,382
948,405
950,634
952,353
954,640
956,40
958,769
960,9
962,391
964,515
966,208
968,54
970,105
972,4
974,655
976,601
978,660
980,725
982,705
984,567
986,566
988,436
990,345
992,346
994,223
996,598
998,608
1000,761
1002,777
1004,402
1006,705
1008,121
1010,201
1012,517
1014,421
1016,690
1018,409
1020,37
1022,576
1024,333
1026,723
1028,438
1030,620
1032,594
1034,227
1036,26
1038,749
1040,221
1042,332
1044,341
1046,626
1048,660
1050,516
1052,102
1054,742
1056,265
1058,258
1060,297
1062,434
1064,714
1066,262
1068,219
1070,545
1072,606
1074,186
1076,690
1078,361
1080,25
1082,604
1084,197
1086,482
1088,534
1090,311
1092,106
1094,163
1096,1
1098,238
1100,297
1102,549
1104,329
1106,674
1108,637
1110,570
1112,753
1114,295
1116,528
1118,764
1120,540
1122,202
1124,109
1126,107
1128,299
1130,388
1132,734
1134,307
1136,372
1138,439
1140,578
1142,230
1144,602
1146,527
1148,478
1150,583
1152,257
1154,777
1156,213
1158,53
1160,800
1162,621
1164,351
1166,768
1168,297
1170,193
1172,691
1174,508
1176,630
1178,644
1180,145
1182,194
1184,49
1186,685
1188,45
1190,391
1192,393
1194,1
1196,704
1198,523
1200,535
1202,627
1204,283
1206,550
1208,72
1210,364
1212,489
1214,64
1216,745
1218,25
1220,105
1222,669
1224,357
1226,507
1228,483
1230,780
1232,333
1234,698
1236,53
1238,495
1240,561
1242,628
1244,71
1246,757
1248,358
1250,573
1252,423
1254,771
1256,614
1258,266
1260,306
1262,258
1264,562
1266,700
1268,451
1270,118
1272,102
1274,521
1276,10
1278,149
1280,668
1282,594
1284,327
1286,324
1288,332
1290,668
1292,721
1294,417
1296,562
1298,108
1300,541
1302,699
1304,406
1306,279
1308,728
1310,366
1312,49
1314,625
1316,504
1318,733
1320,79
1322,556
1324,209
1326,611
1328,655
1330,201
1332,168
1334,127
1336,773
1338,366
1340,510
1342,55
1344,155
1346,633
1348,569
1350,643
1352,338
1354,299
1356,792
1358,372
1360,305
1362,669
1364,230
1366,23
1368,526
1370,236
1372,262
1374,378
1376,457
1378,164
1380,541
1382,435
1384,763
1386,138
1388,41
1390,419
1392,330
1394,184
1396,652
1398,497
1400,799
1402,366
1404,468
1406,340
1408,230
1410,254
1412,209
1414,138
1416,600
1418,412
1420,292
1422,398
1424,769
1426,566
1428,456
1430,533
1432,484
1434,776
1436,363
1438,241
1440,399
1442,335
1444,22
1446,786
1448,654
1450,63
1452,261
1454,151
1456,402
1458,519
1460,348
1462,399
1464,324
1466,421
1468,491
1470,56
1472,37
1474,102
1476,657
1478,785
1480,10
1482,219
1484,661
1486,109
1488,722
1490,139
1492,199
1494,85
1496,360
1498,261
1500,284
1502,347
1504,709
1506,372
1508,115
1510,523
1512,710
1514,453
1516,228
1518,417
1520,362
1522,615
1524,627
1526,576
1528,735
1530,11
1532,633
1534,497
1536,680
1538,114
1540,700
1542,397
1544,781
1546,124
1548,144
1550,783
1552,376
1554,291
1556,289
1558,345
1560,649
1562,170
1564,664
1566,280
1568,166
1570,459
1572,713
1574,681
1576,17
1578,391
1580,469
1582,662
1584,766
1586,325
1588,473
1590,278
1592,667
1594,126
1596,318
1598,351
1600,448
1602,86
1604,47
1606,404
1608,511
1610,110
1612,168
1614,160
1616,672
1618,306
1620,592
1622,623
1624,777
1626,740
1628,339
1630,470
1632,429
1634,792
1636,78
1638,475
1640,745
1642,407
1644,351
1646,472
1648,210
1650,266
1652,183
1654,778
1656,209
1658,609
1660,56
1662,651
1664,653
1666,433
1668,673
1670,224
1672,433
1674,729
1676,706
1678,245
1680,361
1682,659
1684,608
1686,693
1688,200
1690,4
1692,572
1694,42
1696,768
1698,47
1700,286
1702,573
1704,508
1706,370
1708,747
1710,271
1712,518
1714,726
1716,460
1718,307
1720,514
1722,92
1724,163
1726,328
1728,455
1730,754
1732,365
1734,642
1736,278
1738,285
1740,651
1742,106
1744,484
1746,432
1748,267
1750,619
1752,517
1754,228
1756,666
1758,468
1760,196
1762,438
1764,68
1766,172
1768,117
1770,770
1772,510
1774,622
1776,121
1778,784
1780,107
1782,373
1784,402
1786,135
1788,483
1790,757
1792,703
1794,197
1796,65
1798,186
1800,527
1802,229
1804,782
1806,79
1808,256
1810,526
1812,119
1814,784
1816,573
1818,152
1820,183
1822,616
1824,600
1826,184
1828,661
1830,673
1832,338
1834,214
1836,340
1838,131
1840,438
1842,16
1844,321
1846,288
1848,373
1850,767
1852,306
1854,111
1856,758
1858,416
1860,213
1862,501
1864,72
1866,345
1868,535
1870,563
1872,347
1874,674
1876,133
1878,514
1880,571
1882,225
1884,569
1886,1
1888,478
1890,569
1892,648
1894,759
1896,451
1898,308
1900,451
1902,745
1904,461
1906,415
1908,392
1910,696
1912,406
1914,218
1916,84
1918,711
1920,333
1922,743
1924,495
1926,726
1928,470
1930,533
1932,573
1934,227
1936,766
1938,655
1940,289
1942,102
1944,773
1946,46
1948,568
1950,638
1952,63
1954,411
1956,604
1958,469
1960,206
1962,348
1964,47
1966,453
1968,334
1970,499
1972,790
1974,98
1976,373
1978,463
1980,159
1982,579
1984,719
1986,745
1988,586
1990,68
1992,2
1994,408
1996,756
1998,7
2000,539
2002,105
2004,574
2006,638
2008,410
2010,799
2012,644
2014,292
2016,262
2018,318
2020,740
2022,673
2024,380
2026,209
2028,186
2030,587
2032,338
2034,28
2036,66
2038,378
2040,642
2042,159
2044,474
2046,383
2048,618
2050,588
2052,294
2054,581
2056,729
2058,676
2060,707
2062,106
2064,797
2066,136
2068,376
2070,29
2072,789
2074,697
2076,400
2078,325
2080,183
2082,756
2084,346
2086,350
2088,332
2090,230
2092,450
2094,524
2096,72
2098,116
2100,742
2102,526
2104,487
2106,580
2108,496
2110,195
2112,181
2114,3
2116,705
2118,538
2120,550
2122,733
2124,587
2126,400
2128,50
2130,343
2132,477
2134,432
2136,601
2138,214
2140,199
2142,152
2144,473
2146,310
2148,640
2150,464
2152,563
2154,508
2156,619
2158,584
2160,232
2162,342
2164,211
2166,168
2168,691
2170,561
2172,138
2174,436
2176,430
2178,648
2180,728
2182,9
2184,659
2186,446
2188,461
2190,231
2192,78
2194,19
2196,450
2198,672
2200,227
2202,326
2204,581
2206,691
2208,443
2210,551
2212,608
2214,36
2216,674
2218,380
2220,135
2222,336
2224,599
2226,69
2228,225
2230,88
2232,759
2234,430
2236,73
2238,629
2240,499
2242,669
2244,238
2246,238
2248,398
2250,546
2252,665
2254,14
2256,7
2258,370
2260,252
2262,75
2264,643
2266,151
2268,284
2270,9
2272,204
2274,693
2276,251
2278,424
2280,718
2282,515
2284,175
2286,292
2288,615
2290,750
2292,594
2294,557
2296,317
2298,552
2300,658
2302,751
2304,661
2306,666
2308,223
2310,17
2312,323
2314,12
2316,784
2318,637
2320,192
2322,529
2324,420
2326,88
2328,131
2330,384
2332,64
2334,378
2336,599
2338,464
2340,30
2342,196
2344,361
2346,401
2348,318
2350,612
2352,169
2354,447
2356,278
2358,657
2360,728
2362,63
2364,253
2366,383
2368,761
2370,258
2372,725
2374,259
2376,651
2378,63
2380,411
2382,658
2384,700
2386,165
2388,63
2390,509
2392,783
2394,537
2396,314
2398,325
2400,136
2402,761
2404,506
2406,609
2408,639
2410,35
2412,218
2414,5
2416,577
2418,542
2420,286
2422,206
2424,491
2426,612
2428,138
2430,458
2432,451
2434,440
2436,589
2438,780
2440,723
2442,344
2444,126
2446,111
2448,793
2450,700
2452,658
2454,709
2456,10
2458,377
2460,481
2462,480
2464,116
2466,520
2468,591
2470,80
2472,313
2474,207
2476,672
2478,428
2480,165
2482,651
2484,363
2486,287
2488,455
2490,694
2492,35
2494,417
2496,417
2498,553
2500,604
2502,471
2504,260
2506,116
2508,259
2510,501
2512,207
2514,320
2516,446
2518,261
2520,647
2522,766
2524,292
2526,29
2528,368
2530,176
2532,788
2534,67
2536,428
2538,595
2540,85
2542,788
2544,452
2546,135
2548,693
2550,769
2552,418
2554,594
2556,226
2558,354
2560,614
2562,242
2564,449
2566,73
2568,20
2570,442
2572,662
2574,211
2576,637
2578,393
2580,224
2582,565
2584,461
2586,697
2588,365
2590,566
2592,782
2594,528
2596,238
2598,740
2600,267
2602,446
2604,749
2606,440
2608,530
2610,616
2612,585
2614,438
2616,743
2618,322
2620,675
2622,173
2624,298
2626,24
2628,637
2630,355
2632,254
2634,179
2636,679
2638,497
2640,218
2642,74
2644,541
2646,272
2648,260
2650,130
2652,638
2654,539
2656,639
2658,199
2660,362
2662,60
2664,713
2666,270
2668,102
2670,494
2672,445
2674,691
2676,576
2678,518
2680,159
2682,153
2684,344
2686,533
2688,657
2690,447
2692,659
2694,490
2696,162
2698,160
2700,115
2702,494
2704,205
2706,727
2708,692
2710,512
2712,197
2714,638
2716,578
2718,306
2720,543
2722,505
2724,709
2726,254
2728,601
2730,526
2732,607
2734,508
2736,784
2738,441
2740,718
2742,401
2744,169
2746,563
2748,714
2750,2
2752,446
2754,657
2756,531
2758,628
2760,756
2762,390
2764,404
2766,411
2768,660
2770,131
2772,313
2774,718
2776,277
2778,637
2780,410
2782,184
2784,553
2786,111
2788,596
2790,90
2792,479
2794,509
2796,615
2798,195
2800,53
2802,549
2804,679
2806,769
2808,59
2810,770
2812,707
2814,407
2816,613
2818,357
2820,136
2822,673
2824,708
2826,630
2828,382
2830,139
2832,329
2834,498
2836,374
2838,255
2840,267
2842,429
2844,131
2846,298
2848,118
2850,301
2852,158
2854,154
2856,163
2858,640
2860,636
2862,520
2864,258
2866,9
2868,32
2870,523
2872,103
2874,669
2876,601
2878,385
2880,338
2882,376
2884,368
2886,62
2888,415
2890,382
2892,253
2894,444
2896,725
2898,687
2900,377
2902,240
2904,601
2906,240
2908,333
2910,634
2912,605
2914,37
2916,788
2918,325
2920,492
2922,155
2924,212
2926,205
2928,691
2930,445
2932,353
2934,305
2936,171
2938,574
2940,554
2942,333
2944,459
2946,226
2948,481
2950,136
2952,651
2954,686
2956,160
2958,374
2960,13
2962,612
2964,546
2966,775
2968,287
2970,55
2972,17
2974,489
2976,34
2978,24
2980,182
2982,651
2984,491
2986,590
2988,580
2990,422
2992,710
2994,217
2996,314
2998,630
3000,136
3002,354
3004,119
3006,362
3008,709
3010,671
3012,427
3014,318
3016,628
3018,500
3020,556
3022,457
3024,689
3026,258
3028,224
3030,765
3032,615
3034,460
3036,220
3038,522
3040,7
3042,574
3044,388
3046,24
3048,321
3050,675
3052,349
3054,103
3056,320
3058,741
3060,581
3062,205
3064,481
3066,372
3068,368
3070,41
3072,345
3074,86
3076,207
3078,87
3080,249
3082,493
3084,370
3086,501
3088,663
3090,499
3092,470
3094,351
3096,261
3098,480
3100,628
3102,204
3104,43
3106,467
3108,43
3110,658
3112,441
3114,216
3116,163
3118,235
3120,156
3122,196
3124,100
3126,57
3128,705
3130,222
3132,609
3134,756
3136,580
3138,622
3140,210
3142,360
3144,166
3146,632
3148,181
3150,796
3152,543
3154,102
3156,447
3158,331
3160,200
3162,415
3164,400
3166,270
3168,108
3170,15
3172,426
3174,760
3176,164
3178,185
3180,376
3182,363
3184,67
3186,245
3188,602
3190,663
3192,333
3194,70
3196,105
3198,253
3200,17
3202,169
3204,162
3206,259
3208,441
3210,369
3212,783
3214,317
3216,712
3218,149
3220,424
3222,188
3224,7
3226,80
3228,784
3230,568
3232,151
3234,329
3236,495
3238,214
3240,412
3242,612
3244,516
3246,88
3248,295
3250,140
3252,92
3254,69
3256,117
3258,589
3260,795
3262,195
3264,680
3266,520
3268,666
3270,492
3272,198
3274,632
3276,358
3278,719
3280,215
3282,643
3284,164
3286,314
3288,767
3290,441
3292,741
3294,513
3296,628
3298,374
3300,137
3302,47
3304,275
3306,270
3308,560
3310,772
3312,456
3314,642
3316,141
3318,220
3320,252
3322,700
3324,615
3326,311
3328,645
3330,535
3332,152
3334,528
3336,681
3338,410
3340,643
3342,145
3344,639
3346,529
3348,723
3350,439
3352,183
3354,657
3356,759
3358,533
3360,42
3362,643
3364,408
3366,513
3368,169
3370,563
3372,800
3374,236
3376,329
3378,129
3380,586
3382,685
3384,374
3386,309
3388,613
3390,744
3392,474
3394,700
3396,17
3398,773
3400,515
3402,744
3404,502
3406,20
3408,595
3410,299
3412,44
3414,653
3416,678
3418,116
3420,477
3422,525
3424,673
3426,610
3428,782
3430,163
3432,388
3434,15
3436,312
3438,462
3440,28
3442,513
3444,24
3446,582
3448,573
3450,44
3452,271
3454,604
3456,244
3458,696
3460,371
3462,144
3464,758
3466,115
3468,94
3470,56
3472,1
3474,13
3476,747
3478,234
3480,108
3482,674
3484,502
3486,102
3488,105
3490,401
3492,594
3494,726
3496,669
3498,160
3500,430
3502,291
3504,393
3506,553
3508,502
3510,706
3512,198
3514,398
3516,228
3518,720
3520,784
3522,359
3524,783
3526,247
3528,560
3530,430
3532,442
3534,651
3536,562
3538,706
3540,530
3542,673
3544,268
3546,291
3548,431
3550,644
3552,567
3554,252
3556,680
3558,178
3560,741
3562,426
3564,411
3566,330
3568,368
3570,565
3572,414
3574,251
3576,63
3578,260
3580,392
3582,188
3584,302
3586,42
3588,422
3590,152
3592,221
3594,413
3596,4
3598,691
3600,54
3602,405
3604,361
3606,100
3608,395
3610,473
3612,266
3614,353
3616,55
3618,177
3620,431
3622,426
3624,288
3626,430
3628,505
3630,44
3632,180
3634,140
3636,399
3638,140
3640,57
3642,461
3644,666
3646,326
3648,19
3650,383
3652,6
3654,169
3656,446
3658,391
3660,242
3662,352
3664,406
3666,742
3668,70
3670,711
3672,479
3674,308
3676,441
3678,698
3680,474
3682,627
3684,626
3686,777
3688,702
3690,57
3692,427
3694,666
3696,729
3698,53
3700,629
3702,147
3704,147
3706,306
3708,266
3710,18
3712,403
3714,663
3716,743
3718,221
3720,205
3722,85
3724,191
3726,94
3728,779
3730,164
3732,547
3734,391
3736,768
3738,304
3740,432
3742,268
3744,761
3746,155
3748,88
3750,416
3752,643
3754,559
3756,426
3758,290
3760,762
3762,379
3764,710
3766,226
3768,790
3770,717
3772,438
3774,71
3776,797
3778,574
3780,277
3782,24
3784,386
3786,596
3788,29
3790,672
3792,454
3794,151
3796,534
3798,542
3800,676
3802,29
3804,786
3806,25
3808,624
3810,480
3812,520
3814,284
3816,593
3818,233
3820,151
3822,376
3824,659
3826,405
3828,570
3830,432
3832,334
3834,366
3836,180
3838,565
3840,53
3842,578
3844,32
3846,263
3848,457
3850,192
3852,46
3854,128
3856,308
3858,427
3860,22
3862,509
3864,290
3866,748
3868,532
3870,753
3872,470
3874,550
3876,353
3878,349
3880,417
3882,718
3884,126
3886,451
3888,17
3890,345
3892,760
3894,256
3896,630
3898,20
3900,161
3902,799
3904,568
3906,73
3908,758
3910,761
3912,117
3914,702
3916,616
3918,597
3920,498
3922,773
3924,644
3926,204
3928,477
3930,262
3932,408
3934,706
3936,738
3938,405
3940,790
3942,289
3944,317
3946,678
3948,215
3950,208
3952,225
3954,50
3956,544
3958,538
3960,37
3962,674
3964,441
3966,247
3968,507
3970,556
3972,674
3974,464
3976,360
3978,499
3980,761
3982,106
3984,746
3986,640
3988,669
3990,532
3992,790
3994,744
3996,675
3998,665
4000,632
4002,438
4004,52
4006,359
4008,389
4010,91
4012,694
4014,207
4016,55
4018,324
4020,196
4022,5
4024,231
4026,290
4028,788
4030,507
4032,644
4034,186
4036,211
4038,10
4040,724
4042,487
4044,127
4046,573
4048,16
4050,563
4052,599
4054,19
4056,776
4058,781
4060,740
4062,383
4064,251
4066,63
4068,619
4070,73
4072,381
4074,737
4076,319
4078,378
4080,237
4082,439
4084,291
4086,789
4088,407
4090,339
4092,401
4094,252
4096,189
4098,545
4100,561
4102,506
4104,756
4106,696
4108,350
4110,13
4112,401
4114,576
4116,159
4118,436
4120,683
4122,411
4124,574
4126,39
4128,525
4130,575
4132,679
4134,279
4136,451
4138,491
4140,198
4142,316
4144,244
4146,641
4148,406
4150,556
4152,493
4154,533
4156,228
4158,779
4160,21
4162,6
4164,18
4166,109
4168,64
4170,265
4172,225
4174,131
4176,799
4178,420
4180,297
4182,625
4184,768
4186,758
4188,730
4190,288
4192,141
4194,214
4196,169
4198,632
4200,522
4202,604
4204,658
4206,591
4208,74
4210,72
4212,407
4214,29
4216,550
4218,170
4220,685
4222,562
4224,521
4226,94
4228,123
4230,393
4232,176
4234,32
4236,678
4238,533
4240,402
4242,764
4244,574
4246,124
4248,2
4250,675
4252,168
4254,110
4256,681
4258,629
4260,621
4262,472
4264,641
4266,395
4268,714
4270,240
4272,631
4274,479
4276,351
4278,318
4280,385
4282,468
4284,376
4286,403
4288,403
4290,45
4292,10
4294,133
4296,195
4298,520
4300,333
4302,314
4304,774
4306,610
4308,763
4310,594
4312,577
4314,781
4316,667
4318,465
4320,751
4322,738
4324,405
4326,701
4328,732
4330,142
4332,142
4334,72
4336,309
4338,525
4340,572
4342,444
4344,154
4346,705
4348,612
4350,781
4352,548
4354,378
4356,549
4358,474
4360,660
4362,129
4364,84
4366,673
4368,133
4370,513
4372,237
4374,245
4376,616
4378,496
4380,249
4382,140
4384,711
4386,397
4388,578
4390,255
4392,560
4394,165
4396,145
4398,570
4400,570
4402,708
4404,384
4406,661
4408,372
4410,154
4412,534
4414,202
4416,31
4418,250
4420,692
4422,714
4424,397
4426,723
4428,661
4430,500
4432,633
4434,391
4436,772
4438,462
4440,677
4442,83
4444,401
4446,599
4448,412
4450,258
4452,523
4454,782
4456,682
4458,116
4460,226
4462,787
4464,533
4466,470
4468,171
4470,388
4472,518
4474,227
4476,426
4478,155
4480,360
4482,626
4484,414
4486,671
4488,784
4490,617
4492,405
4494,187
4496,649
4498,739
4500,734
4502,628
4504,60
4506,486
4508,688
4510,640
4512,326
4514,237
4516,195
4518,320
4520,405
4522,70
4524,53
4526,652
4528,547
4530,312
4532,480
4534,332
4536,241
4538,410
4540,439
4542,655
4544,303
4546,435
4548,664
4550,68
4552,599
4554,566
4556,432
4558,26
4560,54
4562,41
4564,676
4566,352
4568,517
4570,167
4572,776
4574,38
4576,475
4578,572
4580,170
4582,767
4584,747
4586,209
4588,733
4590,268
4592,381
4594,105
4596,521
4598,11
4600,770
4602,799
4604,312
4606,2
4608,521
4610,142
4612,302
4614,502
4616,686
4618,353
4620,405
4622,405
4624,106
4626,385
4628,337
4630,296
4632,557
4634,144
4636,254
4638,200
4640,368
4642,691
4644,282
4646,363
4648,389
4650,715
4652,679
4654,212
4656,3
4658,8
4660,57
4662,285
4664,121
4666,44
4668,87
4670,324
4672,402
4674,704
4676,451
4678,423
4680,4
4682,377
4684,104
4686,616
4688,328
4690,477
4692,628
4694,798
4696,351
4698,430
4700,250
4702,217
4704,729
4706,671
4708,73
4710,761
4712,635
4714,254
4716,479
4718,438
4720,559
4722,776
4724,699
4726,479
4728,500
4730,682
4732,230
4734,534
4736,690
4738,335
4740,234
4742,707
4744,689
4746,245
4748,394
4750,252
4752,387
4754,52
4756,233
4758,700
4760,444
4762,672
4764,449
4766,311
4768,631
4770,507
4772,239
4774,708
4776,167
4778,267
4780,769
4782,178
4784,761
4786,277
4788,203
4790,507
4792,714
4794,279
4796,354
4798,678
4800,721
4802,273
4804,724
4806,36
4808,511
4810,755
4812,398
4814,6
4816,583
4818,488
4820,404
4822,373
4824,658
4826,187
4828,318
4830,688
4832,428
4834,368
4836,266
4838,313
4840,405
4842,655
4844,298
4846,440
4848,664
4850,603
4852,562
4854,1
4856,777
4858,364
4860,535
4862,84
4864,650
4866,337
4868,288
4870,71
4872,728
4874,485
4876,459
4878,276
4880,123
4882,19
4884,349
4886,141
4888,799
4890,605
4892,523
4894,588
4896,88
4898,267
4900,284
4902,732
4904,660
4906,474
4908,600
4910,310
4912,50
4914,184
4916,300
4918,38
4920,316
4922,372
4924,430
4926,518
4928,687
4930,299
4932,529
4934,427
4936,545
4938,585
4940,520
4942,765
4944,411
4946,351
4948,34
4950,510
4952,767
4954,700
4956,544
4958,738
4960,120
4962,720
4964,707
4966,35
4968,697
4970,415
4972,465
4974,655
4976,212
4978,504
4980,572
4982,258
4984,380
4986,581
4988,202
4990,730
4992,528
4994,636
4996,431
4998,252
5000,572
5002,164
5004,285
5006,277
5008,521
5010,671
5012,772
5014,193
5016,61
5018,234
5020,504
5022,399
5024,314
5026,412
5028,477
5030,489
5032,285
5034,697
5036,205
5038,21
5040,332
5042,208
5044,251
5046,200
5048,644
5050,447
5052,35
5054,5
5056,587
5058,304
5060,307
5062,799
5064,79
5066,673
5068,391
5070,723
5072,89
5074,664
5076,422
5078,732
5080,686
5082,796
5084,780
5086,221
5088,265
5090,457
5092,311
5094,29
5096,557
5098,756
5100,526
5102,335
5104,465
5106,622
5108,28
5110,20
5112,20
5114,347
5116,654
5118,318
5120,226
5122,294
5124,338
5126,204
5128,54
5130,102
5132,580
5134,123
5136,787
5138,523
5140,780
5142,129
5144,661
5146,434
5148,226
5150,488
5152,113
5154,66
5156,543
5158,736
5160,771
5162,730
5164,796
5166,4
5168,722
5170,262
5172,302
5174,622
5176,661
5178,313
5180,48
5182,680
5184,192
5186,199
5188,123
5190,463
5192,60
5194,162
5196,466
5198,199
5200,10
5202,366
5204,774
5206,270
5208,524
5210,500
5212,192
5214,377
5216,667
5218,404
5220,771
5222,713
5224,60
5226,751
5228,718
5230,19
5232,652
5234,749
5236,81
5238,779
5240,168
5242,575
5244,784
5246,492
5248,442
5250,575
5252,20
5254,204
5256,91
5258,76
5260,505
5262,583
5264,754
5266,645
5268,262
5270,149
5272,442
5274,683
5276,745
5278,600
5280,542
5282,660
5284,500
5286,559
5288,194
5290,428
5292,594
5294,655
5296,420
5298,122
5300,70
5302,63
5304,799
5306,694
5308,733
5310,693
5312,582
5314,709
5316,291
5318,466
5320,231
5322,164
5324,763
5326,417
5328,101
5330,364
5332,22
5334,496
5336,716
5338,653
5340,287
5342,662
5344,692
5346,705
5348,785
5350,446
5352,535
5354,142
5356,198
5358,768
5360,596
5362,750
5364,368
5366,367
5368,475
5370,505
5372,782
5374,313
5376,494
5378,573
5380,447
5382,273
5384,511
5386,37
5388,690
5390,150
5392,302
5394,289
5396,348
5398,602
5400,88
5402,294
5404,175
5406,306
5408,336
5410,760
5412,480
5414,595
5416,395
5418,130
5420,245
5422,501
5424,530
5426,649
5428,764
5430,436
5432,786
5434,450
5436,761
5438,424
5440,372
5442,599
5444,394
5446,411
5448,162
5450,180
5452,686
5454,341
5456,55
5458,759
5460,647
5462,143
5464,650
5466,144
5468,738
5470,369
5472,299
5474,453
5476,679
5478,352
5480,791
5482,572
5484,63
5486,181
5488,139
5490,190
5492,431
5494,188
5496,1
5498,524
5500,358
5502,289
5504,150
5506,32
5508,176
5510,204
5512,278
5514,543
5516,670
5518,662
5520,390
5522,508
5524,30
5526,410
5528,146
5530,435
5532,702
5534,629
5536,134
5538,489
5540,560
5542,660
5544,6
5546,285
5548,256
5550,222
5552,286
5554,217
5556,217
5558,439
5560,671
5562,206
5564,239
5566,113
5568,736
5570,299
5572,718
5574,89
5576,269
5578,128
5580,451
5582,694
5584,349
5586,468
5588,508
5590,131
5592,488
5594,328
5596,4
5598,256
5600,263
5602,509
5604,633
5606,343
5608,542
5610,404
5612,781
5614,425
5616,166
5618,356
5620,345
5622,436
5624,639
5626,199
5628,169
5630,796
5632,647
5634,571
5636,773
5638,389
5640,118
5642,779
5644,299
5646,132
5648,73
5650,589
5652,787
5654,297
5656,452
5658,555
5660,417
5662,66
5664,302
5666,354
5668,580
5670,572
5672,280
5674,276
5676,12
5678,279
5680,483
5682,734
5684,702
5686,373
5688,247
5690,373
5692,530
5694,682
5696,34
5698,727
5700,466
5702,296
5704,441
5706,768
5708,112
5710,784
5712,76
5714,50
5716,662
5718,391
5720,595
5722,655
5724,764
5726,169
5728,798
5730,730
5732,506
5734,749
5736,633
5738,747
5740,412
5742,260
5744,434
5746,687
5748,541
5750,125
5752,140
5754,295
5756,42
5758,509
5760,120
5762,515
5764,239
5766,240
5768,342
5770,584
5772,385
5774,772
5776,734
5778,73
5780,13
5782,410
5784,356
5786,412
5788,341
5790,219
5792,359
5794,70
5796,774
5798,177
5800,508
5802,448
5804,2
5806,135
5808,492
5810,74
5812,765
5814,570
5816,77
5818,775
5820,82
5822,560
5824,432
5826,518
5828,793
5830,466
5832,269
5834,123
5836,182
5838,131
5840,363
5842,534
5844,396
5846,693
5848,165
5850,695
5852,133
5854,668
5856,186
5858,396
5860,461
5862,739
5864,60
5866,286
5868,33
5870,660
5872,589
5874,792
5876,32
5878,314
5880,337
5882,1
5884,403
5886,417
5888,228
5890,114
5892,36
5894,613
5896,272
5898,75
5900,106
5902,215
5904,704
5906,779
5908,441
5910,346
5912,549
5914,494
5916,241
5918,213
5920,4
5922,585
5924,791
5926,174
5928,651
5930,129
5932,49
5934,684
5936,94
5938,491
5940,644
5942,619
5944,123
5946,276
5948,652
5950,508
5952,134
5954,443
5956,625
5958,288
5960,63
5962,311
5964,664
5966,90
5968,603
5970,639
5972,244
5974,668
5976,640
5978,561
5980,693
5982,651
5984,597
5986,231
5988,790
5990,749
5992,204
5994,500
5996,365
5998,45
6000,399
6002,82
6004,241
6006,128
6008,172
6010,560
6012,495
6014,659
6016,774
6018,369
6020,112
6022,641
6024,67
6026,73
6028,42
6030,343
6032,292
6034,36
6036,365
6038,777
6040,82
6042,46
6044,68
6046,726
6048,138
6050,506
6052,322
6054,539
6056,762
6058,458
6060,729
6062,275
6064,499
6066,255
6068,499
6070,190
6072,763
6074,402
6076,729
6078,446
6080,2
6082,641
6084,486
6086,539
6088,285
6090,763
6092,71
6094,676
6096,274
6098,403
6100,218
6102,635
6104,339
6106,536
6108,715
6110,581
6112,319
6114,429
6116,139
6118,103
6120,246
6122,492
6124,797
6126,698
6128,776
6130,590
6132,20
6134,786
6136,720
6138,86
6140,610
6142,542
6144,734
6146,260
6148,323
6150,147
6152,146
6154,128
6156,397
6158,112
6160,403
6162,697
6164,669
6166,274
6168,600
6170,695
6172,572
6174,10
6176,689
6178,522
6180,524
6182,553
6184,409
6186,7
6188,799
6190,334
6192,576
6194,472
6196,232
6198,657
6200,622
6202,165
6204,163
6206,275
6208,582
6210,239
6212,723
6214,701
6216,168
6218,253
6220,52
6222,591
6224,768
6226,8
6228,429
6230,24
6232,286
6234,698
6236,385
6238,109
6240,379
6242,281
6244,134
6246,240
6248,599
6250,611
6252,11
6254,796
6256,798
6258,200
6260,278
6262,26
6264,612
6266,399
6268,311
6270,169
6272,82
6274,367
6276,261
6278,482
6280,614
6282,544
6284,23
6286,374
6288,371
6290,375
6292,650
6294,134
6296,159
6298,474
6300,729
6302,322
6304,40
6306,632
6308,646
6310,423
6312,506
6314,9
6316,222
6318,594
6320,272
6322,706
6324,116
6326,327
6328,797
6330,493
6332,786
6334,703
6336,729
6338,177
6340,528
6342,594
6344,346
6346,520
6348,420
6350,445
6352,14
6354,201
6356,116
6358,604
6360,428
6362,541
6364,28
6366,499
6368,771
6370,199
6372,402
6374,743
6376,730
6378,481
6380,607
6382,33
6384,340
6386,267
6388,609
6390,129
6392,263
6394,239
6396,656
6398,460
6400,11
6402,100
6404,679
6406,539
6408,687
6410,401
6412,248
6414,707
6416,577
6418,661
6420,243
6422,403
6424,655
6426,648
6428,772
6430,741
6432,52
6434,566
6436,253
6438,507
6440,331
6442,782
6444,791
6446,715
6448,42
6450,212
6452,620
6454,62
6456,277
6458,650
6460,639
6462,73
6464,235
6466,437
6468,171
6470,394
6472,674
6474,294
6476,573
6478,386
6480,703
6482,322
6484,668
6486,104
6488,664
6490,208
6492,737
6494,655
6496,678
6498,541
6500,3
6502,156
6504,188
6506,221
6508,127
6510,442
6512,294
6514,446
6516,710
6518,744
6520,497
6522,500
6524,25
6526,783
6528,764
6530,517
6532,115
6534,784
6536,518
6538,385
6540,697
6542,234
6544,278
6546,351
6548,647
6550,701
6552,48
6554,540
6556,406
6558,401
6560,688
6562,215
6564,652
6566,545
6568,156
6570,554
6572,356
6574,313
6576,272
6578,754
6580,630
6582,105
6584,175
6586,263
6588,196
6590,784
6592,48
6594,464
6596,15
6598,662
6600,458
6602,522
6604,122
6606,123
6608,115
6610,331
6612,648
6614,241
6616,272
6618,106
6620,190
6622,345
6624,300
6626,433
6628,446
6630,16
6632,423
6634,71
6636,483
6638,26
6640,396
6642,718
6644,214
6646,514
6648,369
6650,650
6652,344
6654,575
6656,255
6658,757
6660,317
6662,80
6664,620
6666,9
6668,722
6670,53
6672,233
6674,673
6676,148
6678,248
6680,587
6682,352
6684,243
6686,109
6688,240
6690,50
6692,716
6694,477
6696,668
6698,686
6700,645
6702,582
6704,706
6706,631
6708,477
6710,105
6712,746
6714,548
6716,591
6718,516
6720,104
6722,394
6724,348
6726,769
6728,274
6730,791
6732,313
6734,548
6736,741
6738,429
6740,424
6742,346
6744,530
6746,541
6748,485
6750,224
6752,278
6754,600
6756,725
6758,74
6760,217
6762,23
6764,578
6766,780
6768,251
6770,209
6772,108
6774,301
6776,593
6778,758
6780,509
6782,169
6784,695
6786,57
6788,467
6790,511
6792,491
6794,442
6796,22
6798,60
6800,523
6802,107
6804,348
6806,288
6808,235
6810,795
6812,20
6814,775
6816,354
6818,754
6820,710
6822,471
6824,800
6826,502
6828,692
6830,322
6832,666
6834,706
6836,163
6838,742
6840,18
6842,733
6844,241
6846,258
6848,344
6850,675
6852,405
6854,519
6856,600
6858,555
6860,655
6862,566
6864,112
6866,683
6868,385
6870,583
6872,141
6874,534
6876,757
6878,261
6880,317
6882,586
6884,332
6886,722
6888,707
6890,236
6892,135
6894,712
6896,358
6898,23
6900,163
6902,9
6904,565
6906,318
6908,215
6910,16
6912,15
6914,585
6916,210
6918,208
6920,443
6922,129
6924,71
6926,573
6928,780
6930,415
6932,384
6934,117
6936,95
6938,312
6940,27
6942,236
6944,652
6946,439
6948,514
6950,148
6952,348
6954,109
6956,665
6958,760
6960,83
6962,27
6964,785
6966,552
6968,414
6970,85
6972,271
6974,333
6976,148
6978,97
6980,594
6982,174
6984,436
6986,358
6988,344
6990,316
6992,617
6994,656
6996,774
6998,383
7000,263
7002,654
7004,205
7006,566
7008,215
7010,782
7012,692
7014,616
7016,9
7018,670
7020,319
7022,277
7024,735
7026,460
7028,357
7030,212
7032,190
7034,274
7036,575
7038,713
7040,96
7042,658
7044,274
7046,572
7048,222
7050,20
7052,742
7054,760
7056,412
7058,666
7060,759
7062,304
7064,634
7066,299
7068,130
7070,478
7072,561
7074,679
7076,252
7078,208
7080,204
7082,22
7084,83
7086,781
7088,519
7090,254
7092,356
7094,751
7096,174
7098,731
7100,341
7102,419
7104,153
7106,214
7108,720
7110,484
7112,730
7114,662
7116,488
7118,399
7120,137
7122,626
7124,709
7126,61
7128,729
7130,236
7132,321
7134,610
7136,83
7138,449
7140,182
7142,704
7144,643
7146,706
7148,361
7150,793
7152,342
7154,644
7156,699
7158,575
7160,105
7162,246
7164,749
7166,627
7168,588
7170,772
7172,697
7174,702
7176,34
7178,792
7180,134
7182,260
7184,427
7186,54
7188,762
7190,317
7192,307
7194,739
7196,400
7198,464
7200,336
7202,530
7204,112
7206,52
7208,176
7210,794
7212,47
7214,145
7216,590
7218,483
7220,37
7222,462
7224,789
7226,90
7228,68
7230,376
7232,79
7234,167
7236,611
7238,303
7240,605
7242,667
7244,730
7246,300
7248,264
7250,415
7252,409
7254,44
7256,272
7258,211
7260,709
7262,54
7264,574
7266,543
7268,359
7270,248
7272,160
7274,373
7276,590
7278,472
7280,511
7282,550
7284,255
7286,684
7288,305
7290,556
7292,170
7294,720
7296,741
7298,23
7300,654
7302,619
7304,772
7306,78
7308,794
7310,11
7312,458
7314,734
7316,697
7318,149
7320,583
7322,617
7324,133
7326,159
7328,483
7330,155
7332,175
7334,209
7336,11
7338,236
7340,665
7342,319
7344,196
7346,71
7348,758
7350,738
7352,15
7354,92
7356,455
7358,275
7360,560
7362,315
7364,744
7366,622
7368,780
7370,342
7372,677
7374,16
7376,128
7378,612
7380,218
7382,98
7384,755
7386,328
7388,515
7390,373
7392,708
7394,141
7396,184
7398,51
7400,165
7402,770
7404,647
7406,41
7408,365
7410,625
7412,175
7414,67
7416,368
7418,248
7420,765
7422,574
7424,424
7426,536
7428,678
7430,490
7432,242
7434,87
7436,741
7438,675
7440,586
7442,237
7444,107
7446,344
7448,571
7450,753
7452,79
7454,554
7456,390
7458,451
7460,237
7462,763
7464,429
7466,244
7468,75
7470,500
7472,742
7474,662
7476,643
7478,589
7480,108
7482,405
7484,510
7486,415
7488,159
7490,255
7492,467
7494,591
7496,600
7498,45
7500,521
7502,79
7504,619
7506,599
7508,432
7510,150
7512,189
7514,382
7516,649
7518,79
7520,494
7522,68
7524,646
7526,82
7528,144
7530,497
7532,121
7534,370
7536,246
7538,614
7540,313
7542,621
7544,480
7546,719
7548,383
7550,15
7552,356
7554,686
7556,89
7558,652
7560,582
7562,34
7564,498
7566,260
7568,769
7570,701
7572,796
7574,419
7576,445
7578,222
7580,665
7582,491
7584,145
7586,275
7588,436
7590,572
7592,138
7594,25
7596,668
7598,36
7600,565
7602,211
7604,436
7606,205
7608,40
7610,459
7612,279
7614,556
7616,403
7618,48
7620,227
7622,742
7624,657
7626,152
7628,66
7630,782
7632,618
7634,575
7636,322
7638,316
7640,165
7642,635
7644,410
7646,350
7648,357
7650,117
7652,588
7654,298
7656,85
7658,73
7660,767
7662,96
7664,343
7666,789
7668,659
7670,235
7672,60
7674,541
7676,618
7678,741
7680,724
7682,327
7684,17
7686,41
7688,494
7690,561
7692,508
7694,549
7696,266
7698,493
7700,257
7702,493
7704,67
7706,780
7708,220
7710,688
7712,766
7714,65
7716,279
7718,500
7720,64
7722,519
7724,118
7726,59
7728,758
7730,610
7732,124
7734,183
7736,532
7738,673
7740,663
7742,739
7744,401
7746,644
7748,592
7750,619
7752,618
7754,678
7756,155
7758,602
7760,417
7762,382
7764,360
7766,120
7768,472
7770,645
7772,513
7774,252
7776,562
7778,278
7780,532
7782,673
7784,710
7786,766
7788,733
7790,448
7792,109
7794,769
7796,357
7798,20
7800,383
7802,687
7804,238
7806,743
7808,615
7810,414
7812,27
7814,212
7816,266
7818,163
7820,165
7822,722
7824,258
7826,236
7828,299
7830,506
7832,12
7834,92
7836,401
7838,564
7840,422
7842,667
7844,60
7846,238
7848,377
7850,27
7852,5
7854,301
7856,594
7858,112
7860,366
7862,748
7864,274
7866,480
7868,49
7870,513
7872,271
7874,311
7876,480
7878,398
7880,246
7882,105
7884,89
7886,229
7888,345
7890,730
7892,444
7894,127
7896,130
7898,489
7900,513
7902,764
7904,641
7906,361
7908,106
7910,421
7912,491
7914,216
7916,784
7918,470
7920,94
7922,746
7924,734
7926,325
7928,10
7930,153
7932,604
7934,733
7936,636
7938,230
7940,343
7942,570
7944,394
7946,415
7948,39
7950,583
7952,80
7954,33
7956,465
7958,251
7960,195
7962,153
7964,416
7966,666
7968,264
7970,563
7972,693
7974,728
7976,711
7978,235
7980,38
7982,725
7984,154
7986,155
7988,714
7990,186
7992,150
7994,348
7996,531
7998,558
8000,567
8002,652
8004,180
8006,114
8008,430
8010,608
8012,659
8014,187
8016,195
8018,421
8020,523
8022,363
8024,6
8026,386
8028,230
8030,4
8032,417
8034,422
8036,265
8038,421
8040,683
8042,61
8044,130
8046,251
8048,567
8050,312
8052,324
8054,772
8056,608
8058,388
8060,700
8062,168
8064,744
8066,207
8068,75
8070,787
8072,214
8074,795
8076,95
8078,583
8080,637
8082,692
8084,265
8086,194
8088,98
8090,515
8092,52
8094,289
8096,641
8098,291
8100,332
8102,193
8104,397
8106,238
8108,282
8110,750
8112,551
8114,192
8116,240
8118,459
8120,266
8122,611
8124,538
8126,314
8128,102
8130,637
8132,378
8134,487
8136,206
8138,474
8140,766
8142,60
8144,247
8146,776
8148,421
8150,341
8152,648
8154,327
8156,372
8158,454
8160,226
8162,390
8164,716
8166,43
8168,745
8170,760
8172,248
8174,144
8176,138
8178,484
8180,293
8182,275
8184,776
8186,115
8188,155
8190,474
8192,465
8194,758
8196,245
8198,35
8200,521
8202,711
8204,327
8206,248
8208,639
8210,151
8212,596
8214,700
8216,586
8218,312
8220,297
8222,707
8224,535
8226,472
8228,597
8230,555
8232,278
8234,165
8236,182
8238,72
8240,151
8242,508
8244,561
8246,37
8248,173
8250,290
8252,257
8254,401
8256,173
8258,225
8260,385
8262,546
8264,184
8266,134
8268,448
8270,121
8272,692
8274,456
8276,464
8278,687
8280,101
8282,496
8284,765
8286,184
8288,347
8290,486
8292,550
8294,371
8296,164
8298,420
8300,708
8302,795
8304,788
8306,125
8308,265
8310,266
8312,274
8314,559
8316,670
8318,273
8320,722
8322,295
8324,407
8326,207
8328,594
8330,721
8332,575
8334,599
8336,19
8338,304
8340,367
8342,462
8344,145
8346,284
8348,769
8350,395
8352,179
8354,637
8356,800
8358,268
8360,543
8362,8
8364,789
8366,292
8368,405
8370,252
8372,63
8374,321
8376,692
8378,718
8380,658
8382,247
8384,787
8386,789
8388,359
8390,53
8392,373
8394,184
8396,706
8398,549
8400,260
8402,693
8404,503
8406,762
8408,541
8410,96
8412,173
8414,79
8416,424
8418,53
8420,458
8422,231
8424,285
8426,20
8428,598
8430,766
8432,93
8434,375
8436,545
8438,720
8440,241
8442,269
8444,242
8446,207
8448,61
8450,458
8452,77
8454,342
8456,27
8458,564
8460,355
8462,184
8464,159
8466,223
8468,327
8470,519
8472,694
8474,4
8476,335
8478,653
8480,483
8482,448
8484,170
8486,735
8488,147
8490,40
8492,586
8494,141
8496,467
8498,260
8500,127
8502,68
8504,140
8506,365
8508,120
8510,514
8512,83
8514,743
8516,329
8518,330
8520,404
8522,213
8524,126
8526,662
8528,445
8530,108
8532,540
8534,291
8536,493
8538,174
8540,124
8542,662
8544,493
8546,382
8548,161
8550,213
8552,530
8554,637
8556,750
8558,564
8560,245
8562,270
8564,346
8566,181
8568,226
8570,344
8572,189
8574,562
8576,474
8578,141
8580,157
8582,650
8584,547
8586,384
8588,281
8590,695
8592,117
8594,587
8596,488
8598,285
8600,620
8602,701
8604,141
8606,32
8608,63
8610,128
8612,77
8614,739
8616,236
8618,447
8620,108
8622,304
8624,626
8626,276
8628,153
8630,215
8632,154
8634,68
8636,658
8638,721
8640,164
8642,764
8644,24
8646,283
8648,557
8650,22
8652,307
8654,538
8656,125
8658,742
8660,553
8662,186
8664,658
8666,47
8668,738
8670,519
8672,403
8674,333
8676,634
8678,297
8680,226
8682,669
8684,363
8686,258
8688,280
8690,372
8692,11
8694,587
8696,11
8698,61
8700,175
8702,495
8704,427
8706,711
8708,358
8710,138
8712,644
8714,350
8716,291
8718,599
8720,52
8722,105
8724,750
8726,777
8728,598
8730,84
8732,236
8734,761
8736,260
8738,81
8740,658
8742,464
8744,376
8746,148
8748,174
8750,245
8752,124
8754,184
8756,586
8758,706
8760,317
8762,248
8764,541
8766,68
8768,114
8770,220
8772,295
8774,426
8776,387
8778,58
8780,85
8782,238
8784,594
8786,478
8788,321
8790,170
8792,142
8794,126
8796,548
8798,327
8800,46
8802,760
8804,731
8806,680
8808,432
8810,264
8812,28
8814,313
8816,306
8818,791
8820,43
8822,93
8824,636
8826,494
8828,435
8830,457
8832,681
8834,40
8836,626
8838,635
8840,592
8842,288
8844,275
8846,763
8848,646
8850,741
8852,727
8854,632
8856,617
8858,772
8860,195
8862,769
8864,572
8866,520
8868,639
8870,725
8872,372
8874,421
8876,107
8878,633
8880,586
8882,428
8884,340
8886,515
8888,781
8890,541
8892,526
8894,663
8896,226
8898,790
8900,539
8902,508
8904,546
8906,229
8908,156
8910,637
8912,181
8914,668
8916,48
8918,406
8920,674
8922,741
8924,328
8926,473
8928,379
8930,141
8932,211
8934,197
8936,159
8938,138
8940,757
8942,8
8944,120
8946,10
8948,125
8950,300
8952,622
8954,145
8956,1
8958,621
8960,519
8962,125
8964,167
8966,416
8968,278
8970,100
8972,695
8974,474
8976,133
8978,138
8980,371
8982,140
8984,204
8986,313
8988,547
8990,111
8992,471
8994,292
8996,366
8998,586
9000,499
9002,532
9004,760
9006,165
9008,642
9010,38
9012,625
9014,72
9016,93
9018,219
9020,477
9022,348
9024,631
9026,497
9028,129
9030,336
9032,610
9034,339
9036,504
9038,244
9040,79
9042,153
9044,189
9046,715
9048,437
9050,165
9052,518
9054,287
9056,448
9058,598
9060,360
9062,350
9064,599
9066,409
9068,602
9070,665
9072,243
9074,114
9076,548
9078,673
9080,200
9082,166
9084,526
9086,101
9088,371
9090,318
9092,474
9094,628
9096,222
9098,192
9100,11
9102,669
9104,121
9106,46
9108,596
9110,465
9112,254
9114,413
9116,197
9118,193
9120,436
9122,501
9124,25
9126,591
9128,123
9130,553
9132,342
9134,395
9136,156
9138,256
9140,770
9142,489
9144,224
9146,219
9148,790
9150,721
9152,715
9154,526
9156,632
9158,604
9160,103
9162,504
9164,225
9166,28
9168,568
9170,496
9172,477
9174,609
9176,690
9178,643
9180,246
9182,459
9184,18
9186,323
9188,619
9190,530
9192,549
9194,214
9196,84
9198,74
9200,536
9202,9
9204,435
9206,175
9208,733
9210,783
9212,507
9214,186
9216,440
9218,146
9220,349
9222,513
9224,209
9226,301
9228,111
9230,756
9232,218
9234,344
9236,707
9238,470
9240,45
9242,159
9244,253
9246,600
9248,570
9250,134
9252,267
9254,386
9256,327
9258,194
9260,644
9262,152
9264,444
9266,160
9268,447
9270,383
9272,386
9274,366
9276,623
9278,762
9280,152
9282,52
9284,40
9286,511
9288,323
9290,784
9292,552
9294,246
9296,441
9298,800
9300,543
9302,109
9304,391
9306,12
9308,354
9310,670
9312,591
9314,407
9316,8
9318,446
9320,635
9322,539
9324,419
9326,514
9328,429
9330,650
9332,765
9334,485
9336,141
9338,124
9340,716
9342,356
9344,124
9346,536
9348,529
9350,637
9352,307
9354,714
9356,528
9358,245
9360,659
9362,265
9364,619
9366,743
9368,675
9370,445
9372,650
9374,714
9376,34
9378,488
9380,436
9382,345
9384,136
9386,24
9388,460
9390,375
9392,508
9394,288
9396,299
9398,702
9400,463
9402,596
9404,114
9406,60
9408,724
9410,665
9412,593
9414,192
9416,566
9418,3
9420,679
9422,462
9424,428
9426,536
9428,544
9430,576
9432,430
9434,128
9436,27
9438,414
9440,38
9442,457
9444,150
9446,143
9448,338
9450,642
9452,138
9454,784
9456,748
9458,666
9460,201
9462,426
9464,329
9466,242
9468,17
9470,712
9472,646
9474,247
9476,310
9478,512
9480,296
9482,299
9484,674
9486,364
9488,125
9490,425
9492,689
9494,422
9496,478
9498,397
9500,776
9502,546
9504,463
9506,792
9508,793
9510,796
9512,744
9514,294
9516,216
9518,127
9520,452
9522,668
9524,164
9526,749
9528,436
9530,584
9532,213
9534,436
9536,146
9538,393
9540,602
9542,742
9544,751
9546,177
9548,786
9550,379
9552,222
9554,768
9556,190
9558,731
9560,643
9562,92
9564,613
9566,625
9568,19
9570,631
9572,299
9574,35
9576,618
9578,77
9580,516
9582,223
9584,737
9586,787
9588,512
9590,788
9592,208
9594,341
9596,799
9598,401
9600,472
9602,285
9604,577
9606,219
9608,692
9610,126
9612,456
9614,94
9616,775
9618,42
9620,735
9622,418
9624,52
9626,197
9628,96
9630,758
9632,598
9634,234
9636,739
9638,443
9640,136
9642,569
9644,193
9646,629
9648,115
9650,436
9652,499
9654,610
9656,604
9658,169
9660,101
9662,368
9664,295
9666,531
9668,678
9670,239
9672,48
9674,538
9676,267
9678,659
9680,303
9682,577
9684,165
9686,684
9688,47
9690,675
9692,650
9694,497
9696,609
9698,452
9700,362
9702,125
9704,143
9706,721
9708,598
9710,337
9712,682
9714,264
9716,799
9718,357
9720,723
9722,399
9724,794
9726,40
9728,343
9730,335
9732,422
9734,438
9736,572
9738,696
9740,108
9742,186
9744,469
9746,567
9748,663
9750,244
9752,86
9754,710
9756,378
9758,287
9760,507
9762,784
9764,242
9766,392
9768,513
9770,146
9772,353
9774,479
9776,90
9778,666
9780,605
9782,375
9784,212
9786,575
9788,219
9790,616
9792,231
9794,460
9796,351
9798,168
9800,298
9802,360
9804,750
9806,549
9808,564
9810,687
9812,354
9814,354
9816,257
9818,741
9820,490
9822,717
9824,525
9826,44
9828,723
9830,30
9832,306
9834,1
9836,218
9838,24
9840,539
9842,499
9844,520
9846,736
9848,275
9850,795
9852,107
9854,140
9856,295
9858,786
9860,173
9862,70
9864,199
9866,760
9868,11
9870,789
9872,189
9874,504
9876,295
9878,436
9880,781
9882,706
9884,716
9886,373
9888,210
9890,422
9892,462
9894,180
9896,521
9898,83
9900,163
9902,481
9904,352
9906,793
9908,54
9910,166
9912,76
9914,43
9916,492
9918,250
9920,424
9922,479
9924,304
9926,652
9928,641
9930,181
9932,328
9934,308
9936,535
9938,690
9940,469
9942,302
9944,118
9946,73
9948,528
9950,284
9952,550
9954,549
9956,473
9958,610
9960,658
9962,112
9964,633
9966,399
9968,160
9970,667
9972,116
9974,771
9976,550
9978,334
9980,238
9982,331
9984,688
9986,751
9988,417
9990,263
9992,446
9994,151
9996,523
9998,677
10000,269
