6000
1,735
2,573
3,148
4,46
5,540
6,171
7,753
8,519
9,58
10,412
11,581
12,709
13,370
14,583
15,275
16,398
17,290
18,98
19,748
20,307
21,570
22,196
23,624
24,702
25,635
26,430
27,108
28,446
29,666
30,645
31,232
32,479
33,137
34,170
35,409
36,494
37,103
38,226
39,677
40,29
41,320
42,49
43,47
44,228
45,708
46,562
47,80
48,451
49,265
50,542
51,467
52,373
53,87
54,254
55,588
56,401
57,547
58,473
59,107
60,342
61,79
62,664
63,300
64,296
65,700
66,527
67,366
68,705
69,218
70,408
71,248
72,374
73,614
74,720
75,293
76,493
77,747
78,128
79,417
80,19
81,541
82,299
83,81
84,450
85,712
86,89
87,585
88,377
89,127
90,744
91,61
92,362
93,93
94,595
95,400
96,467
97,312
98,724
99,492
100,363
101,697
102,161
103,445
104,415
105,160
106,87
107,424
108,344
109,765
110,225
111,729
112,20
113,25
114,539
115,536
116,579
117,26
118,569
119,345
120,263
121,329
122,482
123,637
124,477
125,143
126,189
127,729
128,390
129,564
130,75
131,315
132,589
133,93
134,213
135,686
136,159
137,180
138,787
139,237
140,367
141,617
142,7
143,370
144,299
145,784
146,707
147,174
148,409
149,80
150,248
151,438
152,771
153,498
154,668
155,458
156,496
157,289
158,526
159,328
160,653
161,321
162,463
163,148
164,135
165,203
166,35
167,687
168,474
169,123
170,614
171,606
172,530
173,480
174,534
175,717
176,2
177,524
178,555
179,167
180,692
181,390
182,525
183,644
184,703
185,691
186,301
187,197
188,607
189,61
190,224
191,486
192,697
193,697
194,66
195,631
196,573
197,363
198,291
199,127
200,606
201,483
202,493
203,70
204,426
205,200
206,683
207,277
208,534
209,460
210,768
211,552
212,169
213,738
214,593
215,105
216,577
217,196
218,79
219,455
220,518
221,712
222,642
223,355
224,686
225,626
226,85
227,58
228,487
229,746
230,692
231,106
232,694
233,225
234,662
235,416
236,515
237,443
238,446
239,399
240,732
241,589
242,596
243,467
244,664
245,164
246,595
247,92
248,35
249,260
250,676
251,650
252,400
253,457
254,83
255,759
256,370
257,635
258,475
259,721
260,265
261,262
262,452
263,2
264,490
265,5
266,253
267,463
268,362
269,40
270,439
271,784
272,228
273,762
274,480
275,188
276,376
277,168
278,180
279,558
280,263
281,607
282,424
283,501
284,427
285,328
286,201
287,205
288,555
289,418
290,673
291,237
292,689
293,251
294,542
295,137
296,668
297,798
298,265
299,452
300,286
301,737
302,1
303,795
304,615
305,356
306,85
307,161
308,171
309,109
310,453
311,106
312,208
313,162
314,386
315,113
316,518
317,621
318,599
319,690
320,764
321,605
322,525
323,688
324,130
325,386
326,540
327,630
328,351
329,312
330,350
331,223
332,793
333,139
334,304
335,169
336,416
337,551
338,523
339,238
340,470
341,796
342,530
343,140
344,193
345,378
346,43
347,262
348,277
349,739
350,40
351,115
352,309
353,741
354,619
355,356
356,735
357,367
358,490
359,466
360,416
361,19
362,584
363,10
364,621
365,60
366,451
367,724
368,649
369,398
370,389
371,712
372,743
373,294
374,695
375,436
376,132
377,750
378,366
379,481
380,739
381,44
382,244
383,94
384,355
385,652
386,411
387,56
388,419
389,219
390,552
391,747
392,620
393,375
394,253
395,617
396,583
397,671
398,181
399,270
400,191
401,291
402,781
403,353
404,2
405,315
406,150
407,491
408,352
409,147
410,699
411,546
412,704
413,503
414,298
415,361
416,587
417,421
418,555
419,72
420,261
421,792
422,59
423,158
424,111
425,238
426,28
427,611
428,405
429,448
430,378
431,320
432,151
433,46
434,140
435,245
436,688
437,19
438,569
439,293
440,202
441,727
442,636
443,558
444,485
445,736
446,56
447,587
448,75
449,562
450,629
451,494
452,89
453,457
454,768
455,228
456,546
457,499
458,346
459,99
460,572
461,316
462,568
463,402
464,428
465,366
466,468
467,617
468,765
469,411
470,258
471,474
472,75
473,65
474,500
475,431
476,248
477,663
478,543
479,782
480,742
481,787
482,269
483,149
484,677
485,1
486,716
487,384
488,608
489,697
490,787
491,723
492,364
493,3
494,627
495,563
496,484
497,520
498,163
499,279
500,413
501,139
502,498
503,273
504,422
505,273
506,422
507,375
508,148
509,754
510,561
511,311
512,629
513,586
514,494
515,541
516,532
517,531
518,274
519,416
520,318
521,646
522,453
523,234
524,100
525,181
526,285
527,88
528,308
529,209
530,650
531,261
532,115
533,290
534,111
535,498
536,169
537,522
538,421
539,783
540,679
541,672
542,693
543,302
544,163
545,796
546,438
547,383
548,89
549,766
550,398
551,738
552,761
553,657
554,150
555,88
556,381
557,19
558,427
559,402
560,780
561,46
562,402
563,444
564,554
565,590
566,604
567,281
568,132
569,168
570,683
571,718
572,9
573,526
574,304
575,656
576,622
577,570
578,674
579,732
580,499
581,137
582,286
583,445
584,792
585,361
586,761
587,423
588,729
589,525
590,599
591,184
592,243
593,624
594,375
595,397
596,300
597,600
598,329
599,444
600,237
601,471
602,436
603,591
604,324
605,714
606,348
607,460
608,403
609,159
610,349
611,728
612,222
613,484
614,32
615,373
616,358
617,127
618,231
619,49
620,29
621,102
622,713
623,279
624,64
625,190
626,38
627,410
628,102
629,313
630,34
631,656
632,132
633,120
634,236
635,254
636,768
637,376
638,769
639,191
640,286
641,675
642,107
643,724
644,621
645,755
646,277
647,763
648,13
649,294
650,344
651,629
652,371
653,686
654,548
655,2
656,4
657,516
658,796
659,334
660,180
661,156
662,617
663,793
664,6
665,553
666,437
667,481
668,188
669,35
670,508
671,133
672,103
673,68
674,424
675,24
676,549
677,701
678,467
679,717
680,636
681,583
682,100
683,669
684,691
685,500
686,257
687,55
688,182
689,174
690,24
691,211
692,119
693,381
694,284
695,98
696,6
697,285
698,680
699,654
700,70
701,451
702,105
703,582
704,403
705,502
706,131
707,417
708,742
709,778
710,502
711,261
712,145
713,529
714,494
715,100
716,213
717,601
718,268
719,33
720,43
721,9
722,494
723,312
724,557
725,669
726,696
727,543
728,650
729,624
730,362
731,650
732,484
733,64
734,503
735,659
736,319
737,719
738,746
739,315
740,412
741,640
742,194
743,202
744,15
745,97
746,698
747,263
748,488
749,426
750,590
751,135
752,723
753,9
754,3
755,571
756,276
757,722
758,527
759,789
760,249
761,398
762,123
763,521
764,225
765,643
766,453
767,520
768,432
769,621
770,605
771,284
772,437
773,238
774,519
775,593
776,792
777,508
778,37
779,96
780,439
781,740
782,317
783,677
784,418
785,380
786,404
787,221
788,696
789,266
790,419
791,744
792,516
793,476
794,319
795,386
796,354
797,336
798,515
799,565
800,242
801,436
802,386
803,781
804,351
805,320
806,273
807,189
808,215
809,461
810,171
811,517
812,401
813,383
814,528
815,196
816,347
817,415
818,35
819,28
820,166
821,45
822,134
823,725
824,390
825,493
826,505
827,510
828,738
829,515
830,66
831,49
832,631
833,93
834,40
835,91
836,339
837,726
838,121
839,107
840,325
841,554
842,268
843,212
844,760
845,420
846,196
847,165
848,520
849,774
850,743
851,728
852,453
853,618
854,707
855,16
856,448
857,568
858,710
859,795
860,794
861,24
862,103
863,692
864,128
865,396
866,722
867,459
868,225
869,487
870,457
871,491
872,388
873,710
874,390
875,418
876,797
877,488
878,292
879,304
880,506
881,347
882,721
883,59
884,637
885,563
886,402
887,432
888,320
889,31
890,522
891,458
892,430
893,27
894,642
895,87
896,183
897,395
898,518
899,26
900,265
901,521
902,254
903,565
904,405
905,196
906,267
907,307
908,132
909,140
910,84
911,485
912,397
913,536
914,331
915,402
916,798
917,465
918,465
919,475
920,312
921,344
922,760
923,325
924,383
925,256
926,730
927,515
928,222
929,558
930,771
931,168
932,540
933,134
934,119
935,501
936,37
937,250
938,678
939,574
940,358
941,399
942,43
943,447
944,375
945,121
946,132
947,607
948,312
949,722
950,677
951,98
952,13
953,223
954,556
955,506
956,366
957,260
958,242
959,351
960,123
961,547
962,618
963,224
964,542
965,115
966,747
967,271
968,111
969,499
970,230
971,22
972,489
973,699
974,151
975,505
976,478
977,735
978,716
979,38
980,340
981,339
982,710
983,62
984,322
985,564
986,235
987,691
988,603
989,48
990,288
991,75
992,479
993,384
994,510
995,437
996,572
997,432
998,775
999,314
1000,345
1001,384
1002,335
1003,345
1004,598
1005,39
1006,797
1007,57
1008,570
1009,537
1010,329
1011,401
1012,119
1013,724
1014,80
1015,697
1016,54
1017,758
1018,393
1019,626
1020,378
1021,142
1022,617
1023,484
1024,663
1025,234
1026,345
1027,287
1028,128
1029,535
1030,434
1031,794
1032,461
1033,782
1034,791
1035,713
1036,61
1037,725
1038,691
1039,300
1040,500
1041,86
1042,704
1043,584
1044,655
1045,90
1046,699
1047,62
1048,765
1049,25
1050,375
1051,2
1052,768
1053,222
1054,420
1055,300
1056,296
1057,365
1058,199
1059,227
1060,496
1061,648
1062,608
1063,256
1064,700
1065,230
1066,360
1067,561
1068,796
1069,322
1070,557
1071,735
1072,477
1073,408
1074,289
1075,487
1076,612
1077,49
1078,32
1079,309
1080,563
1081,525
1082,155
1083,143
1084,391
1085,373
1086,135
1087,381
1088,113
1089,533
1090,451
1091,417
1092,341
1093,71
1094,481
1095,93
1096,141
1097,147
1098,748
1099,170
1100,305
1101,598
1102,646
1103,678
1104,31
1105,477
1106,478
1107,264
1108,406
1109,412
1110,449
1111,635
1112,126
1113,289
1114,14
1115,284
1116,146
1117,134
1118,249
1119,130
1120,629
1121,346
1122,514
1123,458
1124,303
1125,475
1126,197
1127,402
1128,17
1129,655
1130,381
1131,654
1132,117
1133,675
1134,33
1135,173
1136,379
1137,480
1138,34
1139,551
1140,95
1141,585
1142,380
1143,51
1144,119
1145,738
1146,420
1147,463
1148,150
1149,146
1150,304
1151,509
1152,209
1153,639
1154,162
1155,131
1156,582
1157,601
1158,510
1159,45
1160,28
1161,605
1162,388
1163,145
1164,26
1165,775
1166,127
1167,301
1168,595
1169,495
1170,126
1171,504
1172,672
1173,367
1174,66
1175,336
1176,410
1177,6
1178,506
1179,603
1180,86
1181,799
1182,499
1183,44
1184,527
1185,250
1186,262
1187,331
1188,334
1189,757
1190,238
1191,109
1192,464
1193,194
1194,377
1195,579
1196,536
1197,567
1198,370
1199,487
1200,374
1201,161
1202,751
1203,39
1204,753
1205,149
1206,318
1207,400
1208,286
1209,63
1210,748
1211,598
1212,539
1213,278
1214,297
1215,638
1216,239
1217,188
1218,500
1219,198
1220,461
1221,314
1222,322
1223,367
1224,515
1225,596
1226,13
1227,277
1228,701
1229,117
1230,544
1231,15
1232,600
1233,151
1234,566
1235,658
1236,672
1237,511
1238,667
1239,442
1240,472
1241,438
1242,249
1243,596
1244,542
1245,16
1246,424
1247,781
1248,47
1249,7
1250,513
1251,57
1252,200
1253,208
1254,72
1255,736
1256,791
1257,576
1258,1
1259,337
1260,166
1261,232
1262,73
1263,534
1264,109
1265,644
1266,118
1267,91
1268,370
1269,417
1270,118
1271,715
1272,541
1273,141
1274,609
1275,688
1276,113
1277,734
1278,277
1279,162
1280,766
1281,781
1282,414
1283,552
1284,319
1285,35
1286,28
1287,541
1288,436
1289,520
1290,62
1291,13
1292,608
1293,611
1294,728
1295,771
1296,659
1297,800
1298,471
1299,730
1300,689
1301,416
1302,506
1303,480
1304,538
1305,588
1306,412
1307,790
1308,599
1309,294
1310,328
1311,472
1312,788
1313,274
1314,723
1315,380
1316,106
1317,147
1318,208
1319,371
1320,48
1321,252
1322,311
1323,305
1324,181
1325,592
1326,730
1327,239
1328,97
1329,30
1330,433
1331,660
1332,59
1333,441
1334,449
1335,368
1336,392
1337,717
1338,302
1339,729
1340,417
1341,546
1342,724
1343,25
1344,153
1345,314
1346,97
1347,626
1348,159
1349,752
1350,166
1351,142
1352,792
1353,259
1354,439
1355,541
1356,150
1357,98
1358,256
1359,751
1360,120
1361,273
1362,392
1363,100
1364,196
1365,200
1366,702
1367,145
1368,333
1369,320
1370,261
1371,530
1372,596
1373,774
1374,96
1375,558
1376,11
1377,763
1378,458
1379,500
1380,581
1381,413
1382,46
1383,554
1384,517
1385,716
1386,690
1387,760
1388,541
1389,786
1390,740
1391,124
1392,647
1393,461
1394,735
1395,36
1396,785
1397,582
1398,109
1399,664
1400,710
1401,359
1402,287
1403,97
1404,117
1405,145
1406,158
1407,647
1408,690
1409,95
1410,320
1411,472
1412,166
1413,341
1414,234
1415,757
1416,475
1417,702
1418,638
1419,305
1420,777
1421,195
1422,378
1423,495
1424,783
1425,798
1426,485
1427,254
1428,781
1429,448
1430,559
1431,432
1432,404
1433,290
1434,479
1435,704
1436,255
1437,357
1438,115
1439,517
1440,764
1441,165
1442,321
1443,3
1444,597
1445,97
1446,410
1447,205
1448,232
1449,31
1450,570
1451,600
1452,520
1453,493
1454,234
1455,27
1456,786
1457,33
1458,128
1459,776
1460,690
1461,32
1462,140
1463,367
1464,248
1465,386
1466,506
1467,273
1468,320
1469,484
1470,64
1471,648
1472,317
1473,779
1474,149
1475,287
1476,432
1477,687
1478,407
1479,719
1480,792
1481,469
1482,664
1483,139
1484,714
1485,624
1486,140
1487,23
1488,233
1489,127
1490,638
1491,300
1492,271
1493,537
1494,93
1495,758
1496,244
1497,263
1498,96
1499,67
1500,800
1501,27
1502,599
1503,592
1504,409
1505,74
1506,473
1507,781
1508,499
1509,663
1510,462
1511,746
1512,706
1513,758
1514,363
1515,72
1516,26
1517,657
1518,404
1519,233
1520,388
1521,732
1522,310
1523,426
1524,418
1525,736
1526,764
1527,27
1528,173
1529,796
1530,507
1531,368
1532,300
1533,561
1534,217
1535,374
1536,348
1537,684
1538,273
1539,741
1540,685
1541,416
1542,70
1543,222
1544,393
1545,639
1546,363
1547,387
1548,286
1549,732
1550,510
1551,764
1552,363
1553,258
1554,589
1555,500
1556,458
1557,164
1558,160
1559,86
1560,420
1561,646
1562,612
1563,366
1564,687
1565,378
1566,117
1567,512
1568,747
1569,115
1570,765
1571,160
1572,128
1573,276
1574,238
1575,28
1576,255
1577,274
1578,781
1579,298
1580,129
1581,210
1582,425
1583,193
1584,693
1585,351
1586,97
1587,645
1588,440
1589,122
1590,700
1591,702
1592,584
1593,184
1594,373
1595,646
1596,426
1597,544
1598,409
1599,619
1600,400
1601,520
1602,732
1603,98
1604,9
1605,412
1606,337
1607,54
1608,594
1609,671
1610,345
1611,429
1612,39
1613,220
1614,502
1615,275
1616,695
1617,163
1618,60
1619,194
1620,425
1621,69
1622,175
1623,451
1624,696
1625,9
1626,523
1627,267
1628,127
1629,737
1630,514
1631,619
1632,541
1633,266
1634,54
1635,23
1636,144
1637,124
1638,762
1639,656
1640,126
1641,304
1642,562
1643,398
1644,387
1645,3
1646,782
1647,454
1648,38
1649,423
1650,344
1651,331
1652,779
1653,623
1654,494
1655,285
1656,240
1657,474
1658,43
1659,454
1660,283
1661,101
1662,571
1663,555
1664,515
1665,114
1666,237
1667,141
1668,573
1669,548
1670,178
1671,319
1672,301
1673,735
1674,508
1675,606
1676,473
1677,666
1678,502
1679,572
1680,509
1681,512
1682,475
1683,522
1684,267
1685,358
1686,643
1687,86
1688,560
1689,609
1690,243
1691,477
1692,13
1693,690
1694,638
1695,595
1696,42
1697,786
1698,337
1699,737
1700,155
1701,346
1702,181
1703,713
1704,217
1705,441
1706,596
1707,216
1708,168
1709,324
1710,195
1711,581
1712,779
1713,536
1714,75
1715,750
1716,737
1717,2
1718,239
1719,231
1720,286
1721,440
1722,239
1723,141
1724,800
1725,718
1726,100
1727,451
1728,85
1729,737
1730,298
1731,102
1732,155
1733,409
1734,545
1735,759
1736,538
1737,31
1738,165
1739,145
1740,156
1741,652
1742,794
1743,452
1744,168
1745,397
1746,288
1747,751
1748,20
1749,434
1750,80
1751,147
1752,545
1753,317
1754,633
1755,70
1756,40
1757,6
1758,467
1759,582
1760,715
1761,534
1762,470
1763,676
1764,39
1765,753
1766,283
1767,484
1768,408
1769,472
1770,49
1771,645
1772,777
1773,28
1774,540
1775,284
1776,215
1777,667
1778,607
1779,252
1780,216
1781,80
1782,505
1783,276
1784,778
1785,433
1786,191
1787,589
1788,773
1789,29
1790,384
1791,405
1792,778
1793,223
1794,548
1795,180
1796,664
1797,16
1798,496
1799,284
1800,169
1801,714
1802,566
1803,686
1804,261
1805,485
1806,82
1807,618
1808,41
1809,459
1810,708
1811,200
1812,187
1813,515
1814,740
1815,234
1816,358
1817,545
1818,723
1819,14
1820,35
1821,164
1822,430
1823,710
1824,162
1825,103
1826,294
1827,550
1828,469
1829,758
1830,227
1831,384
1832,278
1833,307
1834,489
1835,749
1836,381
1837,458
1838,582
1839,541
1840,716
1841,302
1842,72
1843,205
1844,247
1845,256
1846,61
1847,368
1848,405
1849,702
1850,161
1851,333
1852,592
1853,539
1854,126
1855,663
1856,663
1857,99
1858,469
1859,273
1860,669
1861,554
1862,518
1863,496
1864,424
1865,627
1866,228
1867,203
1868,282
1869,527
1870,418
1871,4
1872,227
1873,412
1874,222
1875,166
1876,656
1877,763
1878,739
1879,321
1880,203
1881,564
1882,238
1883,293
1884,482
1885,277
1886,735
1887,623
1888,650
1889,136
1890,762
1891,524
1892,242
1893,97
1894,663
1895,481
1896,440
1897,697
1898,409
1899,495
1900,133
1901,573
1902,90
1903,725
1904,645
1905,764
1906,745
1907,515
1908,311
1909,636
1910,2
1911,189
1912,216
1913,526
1914,769
1915,687
1916,362
1917,749
1918,270
1919,346
1920,334
1921,710
1922,317
1923,297
1924,723
1925,293
1926,258
1927,409
1928,626
1929,414
1930,653
1931,532
1932,161
1933,317
1934,124
1935,102
1936,286
1937,566
1938,324
1939,245
1940,434
1941,410
1942,581
1943,281
1944,507
1945,638
1946,526
1947,235
1948,643
1949,216
1950,693
1951,602
1952,32
1953,459
1954,63
1955,546
1956,797
1957,357
1958,661
1959,21
1960,658
1961,765
1962,155
1963,270
1964,698
1965,73
1966,773
1967,526
1968,485
1969,333
1970,368
1971,752
1972,468
1973,356
1974,671
1975,281
1976,148
1977,533
1978,719
1979,473
1980,435
1981,682
1982,124
1983,177
1984,236
1985,341
1986,444
1987,514
1988,687
1989,115
1990,242
1991,783
1992,312
1993,256
1994,61
1995,496
1996,17
1997,95
1998,322
1999,485
2000,556
2001,156
2002,36
2003,264
2004,565
2005,78
2006,81
2007,206
2008,44
2009,342
2010,677
2011,434
2012,686
2013,537
2014,442
2015,290
2016,276
2017,800
2018,145
2019,673
2020,348
2021,97
2022,235
2023,153
2024,375
2025,328
2026,449
2027,412
2028,378
2029,123
2030,793
2031,280
2032,163
2033,578
2034,274
2035,477
2036,280
2037,709
2038,188
2039,769
2040,344
2041,226
2042,121
2043,339
2044,327
2045,207
2046,688
2047,402
2048,389
2049,744
2050,626
2051,258
2052,255
2053,239
2054,400
2055,439
2056,562
2057,588
2058,708
2059,226
2060,666
2061,731
2062,251
2063,732
2064,284
2065,464
2066,35
2067,597
2068,659
2069,110
2070,92
2071,737
2072,461
2073,90
2074,51
2075,677
2076,609
2077,2
2078,273
2079,621
2080,786
2081,715
2082,444
2083,597
2084,1
2085,377
2086,467
2087,256
2088,37
2089,624
2090,115
2091,732
2092,435
2093,77
2094,502
2095,492
2096,378
2097,677
2098,715
2099,364
2100,135
2101,268
2102,171
2103,91
2104,85
2105,311
2106,618
2107,691
2108,49
2109,564
2110,777
2111,319
2112,115
2113,662
2114,189
2115,656
2116,280
2117,148
2118,197
2119,592
2120,523
2121,431
2122,215
2123,695
2124,148
2125,446
2126,602
2127,754
2128,549
2129,746
2130,377
2131,98
2132,216
2133,492
2134,230
2135,186
2136,403
2137,260
2138,6
2139,268
2140,767
2141,311
2142,757
2143,137
2144,532
2145,316
2146,406
2147,765
2148,285
2149,682
2150,432
2151,661
2152,21
2153,233
2154,201
2155,38
2156,20
2157,604
2158,157
2159,560
2160,719
2161,543
2162,184
2163,126
2164,175
2165,412
2166,263
2167,115
2168,711
2169,220
2170,711
2171,415
2172,630
2173,290
2174,347
2175,200
2176,161
2177,558
2178,530
2179,158
2180,97
2181,109
2182,351
2183,371
2184,329
2185,509
2186,492
2187,30
2188,654
2189,339
2190,433
2191,317
2192,786
2193,553
2194,624
2195,422
2196,749
2197,776
2198,598
2199,463
2200,35
2201,317
2202,18
2203,754
2204,793
2205,420
2206,465
2207,121
2208,168
2209,194
2210,411
2211,308
2212,76
2213,446
2214,524
2215,578
2216,356
2217,608
2218,109
2219,465
2220,692
2221,414
2222,52
2223,701
2224,197
2225,749
2226,341
2227,441
2228,19
2229,450
2230,658
2231,72
2232,546
2233,434
2234,683
2235,400
2236,640
2237,743
2238,618
2239,18
2240,23
2241,131
2242,446
2243,459
2244,452
2245,303
2246,564
2247,348
2248,36
2249,781
2250,662
2251,251
2252,248
2253,311
2254,502
2255,171
2256,111
2257,462
2258,764
2259,751
2260,712
2261,10
2262,311
2263,199
2264,773
2265,341
2266,209
2267,649
2268,126
2269,469
2270,100
2271,119
2272,166
2273,545
2274,303
2275,565
2276,318
2277,576
2278,182
2279,19
2280,449
2281,395
2282,117
2283,594
2284,551
2285,182
2286,638
2287,677
2288,167
2289,56
2290,537
2291,75
2292,86
2293,746
2294,625
2295,77
2296,225
2297,12
2298,326
2299,665
2300,719
2301,426
2302,201
2303,572
2304,76
2305,653
2306,256
2307,423
2308,22
2309,748
2310,441
2311,459
2312,137
2313,363
2314,387
2315,385
2316,591
2317,593
2318,187
2319,771
2320,249
2321,397
2322,545
2323,519
2324,23
2325,657
2326,21
2327,674
2328,203
2329,151
2330,670
2331,561
2332,137
2333,108
2334,213
2335,662
2336,533
2337,291
2338,310
2339,609
2340,555
2341,181
2342,412
2343,127
2344,414
2345,160
2346,704
2347,581
2348,356
2349,73
2350,252
2351,117
2352,54
2353,131
2354,343
2355,211
2356,524
2357,248
2358,231
2359,654
2360,18
2361,514
2362,663
2363,686
2364,97
2365,517
2366,25
2367,610
2368,492
2369,82
2370,329
2371,412
2372,744
2373,422
2374,421
2375,332
2376,492
2377,652
2378,796
2379,796
2380,272
2381,64
2382,14
2383,203
2384,456
2385,354
2386,389
2387,535
2388,592
2389,527
2390,444
2391,538
2392,609
2393,29
2394,789
2395,312
2396,650
2397,19
2398,536
2399,395
2400,540
2401,211
2402,370
2403,770
2404,247
2405,492
2406,713
2407,295
2408,791
2409,714
2410,274
2411,80
2412,51
2413,467
2414,39
2415,447
2416,276
2417,682
2418,469
2419,768
2420,133
2421,406
2422,469
2423,663
2424,356
2425,324
2426,76
2427,517
2428,326
2429,786
2430,255
2431,356
2432,171
2433,196
2434,406
2435,206
2436,339
2437,392
2438,297
2439,409
2440,55
2441,455
2442,602
2443,309
2444,126
2445,186
2446,180
2447,111
2448,445
2449,328
2450,727
2451,113
2452,440
2453,695
2454,82
2455,140
2456,699
2457,644
2458,172
2459,70
2460,471
2461,246
2462,104
2463,403
2464,46
2465,462
2466,258
2467,562
2468,105
2469,792
2470,5
2471,97
2472,674
2473,638
2474,84
2475,168
2476,96
2477,283
2478,80
2479,409
2480,371
2481,172
2482,494
2483,733
2484,90
2485,303
2486,182
2487,20
2488,753
2489,178
2490,28
2491,318
2492,196
2493,328
2494,425
2495,232
2496,463
2497,113
2498,526
2499,133
2500,33
2501,536
2502,143
2503,676
2504,593
2505,707
2506,236
2507,537
2508,564
2509,119
2510,678
2511,419
2512,109
2513,235
2514,517
2515,590
2516,630
2517,632
2518,148
2519,250
2520,126
2521,580
2522,373
2523,669
2524,311
2525,113
2526,580
2527,531
2528,23
2529,506
2530,511
2531,606
2532,206
2533,735
2534,749
2535,410
2536,636
2537,206
2538,369
2539,473
2540,383
2541,107
2542,312
2543,391
2544,323
2545,553
2546,587
2547,79
2548,474
2549,577
2550,188
2551,31
2552,334
2553,691
2554,393
2555,678
2556,269
2557,681
2558,358
2559,389
2560,94
2561,220
2562,351
2563,590
2564,290
2565,269
2566,441
2567,181
2568,16
2569,404
2570,365
2571,602
2572,494
2573,654
2574,623
2575,458
2576,52
2577,643
2578,571
2579,59
2580,190
2581,524
2582,696
2583,784
2584,17
2585,260
2586,213
2587,735
2588,109
2589,556
2590,779
2591,512
2592,681
2593,633
2594,148
2595,557
2596,527
2597,279
2598,277
2599,539
2600,55
2601,515
2602,461
2603,295
2604,768
2605,514
2606,659
2607,349
2608,282
2609,785
2610,37
2611,94
2612,793
2613,146
2614,205
2615,507
2616,759
2617,674
2618,373
2619,543
2620,197
2621,157
2622,294
2623,226
2624,490
2625,493
2626,94
2627,770
2628,529
2629,69
2630,603
2631,567
2632,99
2633,523
2634,422
2635,662
2636,250
2637,132
2638,779
2639,92
2640,506
2641,288
2642,483
2643,86
2644,636
2645,402
2646,740
2647,334
2648,298
2649,270
2650,710
2651,211
2652,363
2653,43
2654,794
2655,292
2656,395
2657,289
2658,3
2659,226
2660,665
2661,402
2662,513
2663,141
2664,36
2665,203
2666,523
2667,532
2668,794
2669,395
2670,354
2671,133
2672,295
2673,765
2674,571
2675,507
2676,504
2677,135
2678,574
2679,96
2680,348
2681,267
2682,232
2683,735
2684,51
2685,163
2686,210
2687,316
2688,703
2689,425
2690,639
2691,586
2692,455
2693,599
2694,697
2695,790
2696,609
2697,747
2698,328
2699,640
2700,514
2701,774
2702,478
2703,39
2704,261
2705,7
2706,350
2707,441
2708,100
2709,67
2710,781
2711,484
2712,213
2713,483
2714,402
2715,685
2716,250
2717,101
2718,521
2719,357
2720,224
2721,396
2722,443
2723,711
2724,361
2725,635
2726,100
2727,354
2728,738
2729,182
2730,67
2731,8
2732,215
2733,79
2734,464
2735,613
2736,27
2737,451
2738,88
2739,611
2740,343
2741,599
2742,789
2743,605
2744,206
2745,61
2746,614
2747,286
2748,45
2749,328
2750,753
2751,336
2752,335
2753,553
2754,467
2755,198
2756,578
2757,236
2758,772
2759,648
2760,631
2761,195
2762,618
2763,539
2764,442
2765,601
2766,152
2767,600
2768,390
2769,259
2770,99
2771,220
2772,253
2773,609
2774,533
2775,544
2776,459
2777,788
2778,273
2779,109
2780,551
2781,443
2782,585
2783,452
2784,445
2785,83
2786,698
2787,715
2788,28
2789,581
2790,125
2791,117
2792,301
2793,355
2794,482
2795,594
2796,320
2797,462
2798,14
2799,2
2800,90
2801,585
2802,775
2803,385
2804,449
2805,449
2806,415
2807,125
2808,748
2809,222
2810,272
2811,753
2812,260
2813,26
2814,157
2815,185
2816,65
2817,778
2818,586
2819,335
2820,346
2821,593
2822,183
2823,304
2824,687
2825,539
2826,165
2827,779
2828,591
2829,563
2830,653
2831,383
2832,772
2833,251
2834,411
2835,571
2836,432
2837,340
2838,649
2839,270
2840,502
2841,211
2842,675
2843,330
2844,178
2845,486
2846,64
2847,712
2848,270
2849,607
2850,580
2851,73
2852,477
2853,643
2854,242
2855,499
2856,166
2857,347
2858,357
2859,334
2860,461
2861,530
2862,114
2863,582
2864,161
2865,219
2866,438
2867,27
2868,86
2869,576
2870,20
2871,559
2872,624
2873,418
2874,191
2875,152
2876,370
2877,705
2878,772
2879,314
2880,571
2881,293
2882,650
2883,222
2884,262
2885,44
2886,117
2887,612
2888,70
2889,335
2890,308
2891,113
2892,239
2893,464
2894,180
2895,625
2896,618
2897,262
2898,447
2899,220
2900,562
2901,314
2902,440
2903,190
2904,706
2905,42
2906,657
2907,212
2908,700
2909,87
2910,613
2911,385
2912,775
2913,480
2914,617
2915,82
2916,236
2917,350
2918,402
2919,222
2920,3
2921,227
2922,410
2923,172
2924,177
2925,484
2926,84
2927,230
2928,315
2929,641
2930,624
2931,271
2932,572
2933,577
2934,496
2935,741
2936,444
2937,542
2938,513
2939,475
2940,169
2941,207
2942,391
2943,447
2944,658
2945,710
2946,685
2947,305
2948,14
2949,52
2950,517
2951,244
2952,560
2953,547
2954,173
2955,755
2956,315
2957,482
2958,4
2959,722
2960,596
2961,771
2962,373
2963,592
2964,83
2965,252
2966,409
2967,328
2968,458
2969,560
2970,486
2971,760
2972,463
2973,257
2974,189
2975,556
2976,624
2977,192
2978,568
2979,620
2980,83
2981,679
2982,170
2983,785
2984,638
2985,434
2986,408
2987,277
2988,519
2989,64
2990,777
2991,741
2992,746
2993,500
2994,348
2995,317
2996,202
2997,282
2998,785
2999,767
3000,104
3001,640
3002,665
3003,24
3004,90
3005,695
3006,370
3007,712
3008,180
3009,379
3010,418
3011,175
3012,597
3013,291
3014,206
3015,10
3016,557
3017,470
3018,2
3019,708
3020,722
3021,301
3022,593
3023,151
3024,156
3025,778
3026,682
3027,541
3028,75
3029,69
3030,769
3031,532
3032,293
3033,156
3034,178
3035,648
3036,722
3037,693
3038,380
3039,472
3040,595
3041,537
3042,356
3043,471
3044,365
3045,781
3046,459
3047,393
3048,574
3049,101
3050,97
3051,363
3052,572
3053,76
3054,706
3055,154
3056,690
3057,530
3058,216
3059,553
3060,373
3061,472
3062,403
3063,717
3064,107
3065,31
3066,278
3067,125
3068,137
3069,581
3070,155
3071,358
3072,569
3073,720
3074,198
3075,494
3076,41
3077,171
3078,213
3079,787
3080,400
3081,58
3082,473
3083,482
3084,62
3085,630
3086,135
3087,395
3088,453
3089,132
3090,726
3091,673
3092,584
3093,600
3094,772
3095,796
3096,17
3097,60
3098,416
3099,542
3100,560
3101,500
3102,124
3103,268
3104,102
3105,140
3106,188
3107,55
3108,723
3109,308
3110,448
3111,677
3112,518
3113,181
3114,122
3115,20
3116,384
3117,715
3118,168
3119,277
3120,555
3121,276
3122,152
3123,483
3124,508
3125,413
3126,365
3127,182
3128,495
3129,437
3130,120
3131,664
3132,404
3133,46
3134,611
3135,487
3136,556
3137,543
3138,322
3139,120
3140,335
3141,365
3142,700
3143,643
3144,495
3145,645
3146,430
3147,228
3148,161
3149,734
3150,267
3151,468
3152,77
3153,253
3154,432
3155,469
3156,344
3157,320
3158,429
3159,787
3160,35
3161,268
3162,278
3163,224
3164,615
3165,519
3166,639
3167,494
3168,125
3169,178
3170,683
3171,150
3172,623
3173,136
3174,111
3175,622
3176,705
3177,174
3178,555
3179,638
3180,691
3181,693
3182,570
3183,613
3184,41
3185,417
3186,322
3187,649
3188,185
3189,175
3190,115
3191,185
3192,567
3193,306
3194,613
3195,404
3196,7
3197,168
3198,138
3199,376
3200,698
3201,775
3202,362
3203,431
3204,748
3205,334
3206,284
3207,763
3208,239
3209,74
3210,206
3211,53
3212,193
3213,751
3214,596
3215,442
3216,374
3217,62
3218,435
3219,214
3220,504
3221,75
3222,641
3223,168
3224,274
3225,262
3226,564
3227,521
3228,408
3229,45
3230,745
3231,35
3232,529
3233,309
3234,595
3235,614
3236,674
3237,689
3238,338
3239,91
3240,625
3241,447
3242,220
3243,128
3244,239
3245,362
3246,551
3247,282
3248,271
3249,293
3250,459
3251,558
3252,455
3253,559
3254,42
3255,310
3256,208
3257,336
3258,364
3259,514
3260,800
3261,447
3262,408
3263,202
3264,702
3265,383
3266,86
3267,49
3268,761
3269,648
3270,162
3271,170
3272,145
3273,619
3274,146
3275,355
3276,407
3277,26
3278,428
3279,168
3280,369
3281,701
3282,597
3283,517
3284,354
3285,603
3286,122
3287,525
3288,708
3289,537
3290,719
3291,427
3292,461
3293,763
3294,190
3295,441
3296,596
3297,194
3298,139
3299,718
3300,757
3301,268
3302,666
3303,153
3304,347
3305,562
3306,18
3307,450
3308,311
3309,36
3310,113
3311,751
3312,308
3313,230
3314,787
3315,605
3316,375
3317,621
3318,12
3319,627
3320,413
3321,203
3322,287
3323,93
3324,708
3325,327
3326,77
3327,565
3328,752
3329,305
3330,386
3331,770
3332,588
3333,517
3334,239
3335,55
3336,767
3337,114
3338,737
3339,539
3340,252
3341,228
3342,488
3343,407
3344,498
3345,659
3346,136
3347,243
3348,245
3349,59
3350,321
3351,90
3352,284
3353,128
3354,556
3355,625
3356,432
3357,262
3358,576
3359,646
3360,342
3361,222
3362,316
3363,261
3364,550
3365,571
3366,199
3367,202
3368,243
3369,3
3370,650
3371,740
3372,451
3373,723
3374,738
3375,553
3376,88
3377,664
3378,548
3379,1
3380,729
3381,798
3382,292
3383,412
3384,613
3385,81
3386,527
3387,494
3388,647
3389,727
3390,521
3391,420
3392,431
3393,165
3394,203
3395,682
3396,100
3397,112
3398,50
3399,99
3400,28
3401,671
3402,327
3403,150
3404,499
3405,481
3406,649
3407,749
3408,727
3409,500
3410,150
3411,29
3412,523
3413,344
3414,752
3415,469
3416,647
3417,533
3418,386
3419,620
3420,428
3421,767
3422,681
3423,502
3424,249
3425,639
3426,638
3427,702
3428,48
3429,223
3430,135
3431,687
3432,713
3433,496
3434,343
3435,30
3436,590
3437,44
3438,719
3439,416
3440,139
3441,466
3442,526
3443,295
3444,550
3445,433
3446,72
3447,80
3448,798
3449,574
3450,589
3451,52
3452,253
3453,759
3454,356
3455,593
3456,50
3457,608
3458,652
3459,97
3460,151
3461,489
3462,487
3463,401
3464,138
3465,613
3466,55
3467,791
3468,570
3469,486
3470,56
3471,741
3472,279
3473,385
3474,540
3475,218
3476,445
3477,624
3478,714
3479,563
3480,263
3481,40
3482,339
3483,656
3484,742
3485,262
3486,587
3487,294
3488,186
3489,669
3490,51
3491,685
3492,98
3493,295
3494,689
3495,235
3496,312
3497,338
3498,578
3499,778
3500,772
3501,159
3502,85
3503,388
3504,509
3505,68
3506,771
3507,102
3508,51
3509,100
3510,792
3511,701
3512,442
3513,233
3514,261
3515,3
3516,3
3517,59
3518,360
3519,112
3520,368
3521,20
3522,343
3523,268
3524,706
3525,319
3526,722
3527,197
3528,127
3529,793
3530,772
3531,54
3532,660
3533,445
3534,450
3535,211
3536,558
3537,797
3538,137
3539,376
3540,308
3541,462
3542,219
3543,97
3544,548
3545,47
3546,488
3547,448
3548,769
3549,413
3550,206
3551,273
3552,735
3553,38
3554,265
3555,360
3556,512
3557,236
3558,422
3559,776
3560,274
3561,722
3562,611
3563,388
3564,74
3565,497
3566,721
3567,161
3568,491
3569,588
3570,727
3571,224
3572,346
3573,729
3574,667
3575,335
3576,631
3577,287
3578,536
3579,18
3580,142
3581,308
3582,406
3583,530
3584,720
3585,51
3586,313
3587,524
3588,561
3589,609
3590,733
3591,593
3592,363
3593,522
3594,769
3595,639
3596,664
3597,191
3598,695
3599,395
3600,76
3601,68
3602,28
3603,424
3604,375
3605,536
3606,117
3607,742
3608,788
3609,194
3610,180
3611,299
3612,335
3613,97
3614,199
3615,175
3616,517
3617,505
3618,272
3619,110
3620,602
3621,192
3622,362
3623,669
3624,236
3625,59
3626,797
3627,341
3628,338
3629,73
3630,100
3631,193
3632,748
3633,551
3634,154
3635,779
3636,777
3637,329
3638,414
3639,747
3640,584
3641,567
3642,541
3643,119
3644,409
3645,357
3646,380
3647,650
3648,344
3649,745
3650,145
3651,186
3652,273
3653,626
3654,630
3655,82
3656,683
3657,694
3658,702
3659,286
3660,699
3661,706
3662,100
3663,260
3664,577
3665,704
3666,477
3667,158
3668,598
3669,168
3670,620
3671,41
3672,267
3673,684
3674,556
3675,633
3676,221
3677,125
3678,508
3679,352
3680,715
3681,180
3682,479
3683,77
3684,499
3685,135
3686,131
3687,627
3688,363
3689,305
3690,322
3691,113
3692,291
3693,618
3694,200
3695,440
3696,635
3697,623
3698,54
3699,724
3700,239
3701,317
3702,171
3703,538
3704,583
3705,228
3706,62
3707,210
3708,559
3709,155
3710,309
3711,51
3712,502
3713,462
3714,497
3715,496
3716,279
3717,227
3718,779
3719,476
3720,115
3721,510
3722,513
3723,92
3724,34
3725,51
3726,147
3727,27
3728,361
3729,506
3730,255
3731,377
3732,345
3733,448
3734,628
3735,534
3736,394
3737,606
3738,674
3739,715
3740,289
3741,764
3742,478
3743,491
3744,2
3745,654
3746,425
3747,484
3748,81
3749,586
3750,470
3751,40
3752,276
3753,487
3754,520
3755,706
3756,72
3757,106
3758,436
3759,674
3760,328
3761,325
3762,395
3763,580
3764,101
3765,638
3766,430
3767,269
3768,92
3769,76
3770,465
3771,399
3772,92
3773,674
3774,485
3775,211
3776,206
3777,605
3778,23
3779,142
3780,628
3781,578
3782,328
3783,26
3784,600
3785,602
3786,361
3787,43
3788,9
3789,491
3790,614
3791,703
3792,410
3793,500
3794,761
3795,5
3796,520
3797,162
3798,251
3799,485
3800,421
3801,266
3802,42
3803,578
3804,7
3805,67
3806,579
3807,744
3808,662
3809,521
3810,512
3811,366
3812,295
3813,141
3814,163
3815,501
3816,372
3817,626
3818,203
3819,172
3820,156
3821,672
3822,182
3823,13
3824,548
3825,368
3826,239
3827,358
3828,737
3829,495
3830,553
3831,387
3832,687
3833,96
3834,26
3835,524
3836,374
3837,628
3838,791
3839,35
3840,744
3841,740
3842,303
3843,383
3844,699
3845,85
3846,528
3847,150
3848,325
3849,561
3850,742
3851,135
3852,567
3853,416
3854,501
3855,397
3856,115
3857,59
3858,549
3859,420
3860,97
3861,510
3862,140
3863,603
3864,377
3865,305
3866,334
3867,546
3868,572
3869,196
3870,137
3871,447
3872,317
3873,104
3874,527
3875,287
3876,488
3877,193
3878,164
3879,534
3880,754
3881,61
3882,583
3883,332
3884,281
3885,544
3886,495
3887,444
3888,684
3889,169
3890,265
3891,681
3892,448
3893,672
3894,508
3895,746
3896,176
3897,170
3898,453
3899,478
3900,364
3901,407
3902,25
3903,176
3904,605
3905,130
3906,364
3907,573
3908,533
3909,714
3910,63
3911,156
3912,639
3913,458
3914,217
3915,702
3916,770
3917,671
3918,555
3919,253
3920,196
3921,30
3922,252
3923,175
3924,634
3925,238
3926,5
3927,370
3928,785
3929,31
3930,723
3931,762
3932,636
3933,146
3934,655
3935,54
3936,455
3937,582
3938,568
3939,272
3940,523
3941,62
3942,518
3943,714
3944,154
3945,580
3946,601
3947,711
3948,771
3949,363
3950,243
3951,745
3952,121
3953,184
3954,491
3955,715
3956,786
3957,256
3958,181
3959,135
3960,332
3961,9
3962,612
3963,534
3964,339
3965,393
3966,26
3967,164
3968,5
3969,49
3970,4
3971,86
3972,552
3973,717
3974,775
3975,768
3976,186
3977,775
3978,335
3979,337
3980,133
3981,477
3982,194
3983,769
3984,30
3985,256
3986,309
3987,126
3988,409
3989,359
3990,345
3991,765
3992,793
3993,537
3994,398
3995,711
3996,33
3997,471
3998,339
3999,651
4000,549
4001,711
4002,369
4003,126
4004,512
4005,117
4006,491
4007,795
4008,455
4009,736
4010,246
4011,455
4012,659
4013,712
4014,226
4015,16
4016,360
4017,227
4018,406
4019,87
4020,680
4021,567
4022,314
4023,605
4024,208
4025,674
4026,649
4027,71
4028,21
4029,93
4030,200
4031,329
4032,608
4033,517
4034,724
4035,243
4036,486
4037,161
4038,585
4039,451
4040,224
4041,722
4042,160
4043,220
4044,744
4045,558
4046,35
4047,527
4048,579
4049,305
4050,286
4051,556
4052,536
4053,80
4054,171
4055,588
4056,295
4057,633
4058,298
4059,345
4060,300
4061,10
4062,623
4063,293
4064,188
4065,753
4066,224
4067,566
4068,538
4069,102
4070,292
4071,33
4072,20
4073,580
4074,686
4075,257
4076,619
4077,439
4078,105
4079,402
4080,751
4081,199
4082,688
4083,15
4084,164
4085,280
4086,219
4087,589
4088,670
4089,502
4090,522
4091,296
4092,697
4093,458
4094,39
4095,526
4096,454
4097,218
4098,245
4099,635
4100,702
4101,48
4102,19
4103,537
4104,351
4105,570
4106,393
4107,442
4108,590
4109,665
4110,413
4111,512
4112,108
4113,192
4114,608
4115,698
4116,695
4117,726
4118,333
4119,789
4120,459
4121,766
4122,27
4123,409
4124,408
4125,609
4126,694
4127,717
4128,395
4129,797
4130,313
4131,338
4132,378
4133,658
4134,398
4135,716
4136,619
4137,783
4138,389
4139,288
4140,283
4141,579
4142,126
4143,212
4144,610
4145,11
4146,134
4147,431
4148,96
4149,152
4150,312
4151,32
4152,119
4153,631
4154,118
4155,572
4156,147
4157,612
4158,56
4159,460
4160,87
4161,430
4162,636
4163,247
4164,321
4165,641
4166,737
4167,747
4168,636
4169,769
4170,301
4171,331
4172,482
4173,303
4174,712
4175,445
4176,317
4177,304
4178,274
4179,664
4180,456
4181,64
4182,440
4183,787
4184,249
4185,545
4186,387
4187,365
4188,479
4189,648
4190,17
4191,476
4192,161
4193,688
4194,28
4195,549
4196,32
4197,53
4198,79
4199,482
4200,745
4201,157
4202,51
4203,514
4204,372
4205,287
4206,441
4207,655
4208,549
4209,309
4210,582
4211,306
4212,287
4213,542
4214,631
4215,710
4216,614
4217,124
4218,184
4219,342
4220,370
4221,173
4222,299
4223,12
4224,672
4225,145
4226,442
4227,186
4228,150
4229,593
4230,53
4231,318
4232,534
4233,279
4234,239
4235,375
4236,580
4237,254
4238,288
4239,699
4240,460
4241,527
4242,191
4243,165
4244,604
4245,232
4246,590
4247,401
4248,152
4249,271
4250,301
4251,318
4252,719
4253,568
4254,59
4255,59
4256,162
4257,750
4258,496
4259,188
4260,244
4261,504
4262,726
4263,649
4264,150
4265,389
4266,318
4267,227
4268,16
4269,753
4270,439
4271,554
4272,599
4273,799
4274,638
4275,377
4276,26
4277,545
4278,164
4279,163
4280,400
4281,698
4282,49
4283,253
4284,107
4285,783
4286,487
4287,361
4288,527
4289,799
4290,404
4291,6
4292,4
4293,66
4294,662
4295,730
4296,219
4297,490
4298,175
4299,148
4300,117
4301,102
4302,193
4303,231
4304,277
4305,171
4306,96
4307,443
4308,462
4309,457
4310,695
4311,168
4312,303
4313,54
4314,136
4315,539
4316,336
4317,391
4318,416
4319,621
4320,87
4321,109
4322,703
4323,452
4324,631
4325,101
4326,371
4327,137
4328,361
4329,356
4330,312
4331,766
4332,485
4333,337
4334,467
4335,680
4336,735
4337,173
4338,600
4339,267
4340,204
4341,307
4342,176
4343,12
4344,34
4345,243
4346,149
4347,84
4348,169
4349,429
4350,125
4351,314
4352,447
4353,592
4354,386
4355,429
4356,32
4357,661
4358,367
4359,427
4360,306
4361,352
4362,619
4363,238
4364,328
4365,559
4366,100
4367,105
4368,510
4369,290
4370,278
4371,588
4372,19
4373,189
4374,602
4375,77
4376,208
4377,547
4378,229
4379,194
4380,472
4381,450
4382,538
4383,300
4384,766
4385,623
4386,25
4387,271
4388,205
4389,735
4390,217
4391,596
4392,411
4393,59
4394,159
4395,244
4396,107
4397,85
4398,357
4399,70
4400,601
4401,34
4402,180
4403,416
4404,639
4405,157
4406,329
4407,690
4408,504
4409,751
4410,552
4411,666
4412,756
4413,568
4414,235
4415,628
4416,224
4417,19
4418,303
4419,473
4420,439
4421,540
4422,200
4423,744
4424,776
4425,295
4426,341
4427,165
4428,169
4429,190
4430,31
4431,614
4432,236
4433,416
4434,107
4435,268
4436,453
4437,618
4438,222
4439,686
4440,73
4441,463
4442,211
4443,65
4444,720
4445,510
4446,651
4447,150
4448,688
4449,404
4450,744
4451,633
4452,299
4453,21
4454,758
4455,328
4456,561
4457,540
4458,307
4459,273
4460,398
4461,460
4462,350
4463,356
4464,37
4465,19
4466,237
4467,3
4468,601
4469,530
4470,412
4471,164
4472,562
4473,240
4474,287
4475,212
4476,389
4477,457
4478,281
4479,333
4480,779
4481,188
4482,241
4483,178
4484,418
4485,751
4486,550
4487,632
4488,701
4489,556
4490,503
4491,313
4492,47
4493,137
4494,478
4495,10
4496,588
4497,74
4498,557
4499,54
4500,659
4501,603
4502,451
4503,251
4504,525
4505,507
4506,736
4507,474
4508,458
4509,497
4510,285
4511,463
4512,535
4513,140
4514,182
4515,109
4516,291
4517,24
4518,308
4519,215
4520,425
4521,612
4522,61
4523,690
4524,187
4525,465
4526,421
4527,490
4528,401
4529,127
4530,493
4531,469
4532,137
4533,291
4534,464
4535,659
4536,443
4537,680
4538,662
4539,241
4540,430
4541,271
4542,690
4543,261
4544,681
4545,353
4546,584
4547,129
4548,265
4549,356
4550,488
4551,183
4552,370
4553,306
4554,779
4555,652
4556,743
4557,44
4558,129
4559,425
4560,481
4561,316
4562,333
4563,142
4564,168
4565,596
4566,101
4567,649
4568,738
4569,94
4570,401
4571,15
4572,165
4573,420
4574,797
4575,291
4576,497
4577,626
4578,418
4579,780
4580,531
4581,782
4582,726
4583,41
4584,298
4585,786
4586,98
4587,678
4588,138
4589,769
4590,404
4591,267
4592,295
4593,642
4594,464
4595,248
4596,597
4597,660
4598,96
4599,187
4600,791
4601,716
4602,595
4603,298
4604,11
4605,233
4606,581
4607,170
4608,678
4609,230
4610,541
4611,180
4612,314
4613,352
4614,290
4615,156
4616,212
4617,773
4618,282
4619,262
4620,735
4621,384
4622,796
4623,199
4624,337
4625,440
4626,794
4627,681
4628,478
4629,168
4630,18
4631,507
4632,559
4633,479
4634,674
4635,672
4636,353
4637,295
4638,699
4639,177
4640,6
4641,286
4642,420
4643,556
4644,465
4645,233
4646,337
4647,418
4648,76
4649,787
4650,198
4651,696
4652,76
4653,428
4654,117
4655,650
4656,93
4657,456
4658,383
4659,686
4660,358
4661,339
4662,222
4663,69
4664,788
4665,394
4666,735
4667,686
4668,553
4669,536
4670,289
4671,665
4672,214
4673,731
4674,668
4675,582
4676,655
4677,401
4678,763
4679,698
4680,524
4681,366
4682,91
4683,60
4684,727
4685,782
4686,336
4687,602
4688,210
4689,316
4690,476
4691,497
4692,776
4693,332
4694,11
4695,321
4696,233
4697,682
4698,418
4699,145
4700,489
4701,75
4702,579
4703,73
4704,655
4705,697
4706,165
4707,709
4708,761
4709,541
4710,461
4711,712
4712,586
4713,290
4714,167
4715,401
4716,315
4717,17
4718,289
4719,98
4720,61
4721,200
4722,525
4723,768
4724,149
4725,236
4726,780
4727,459
4728,273
4729,287
4730,389
4731,389
4732,699
4733,471
4734,687
4735,331
4736,364
4737,680
4738,594
4739,707
4740,62
4741,348
4742,171
4743,76
4744,394
4745,203
4746,171
4747,723
4748,173
4749,741
4750,779
4751,560
4752,310
4753,314
4754,22
4755,616
4756,65
4757,271
4758,578
4759,386
4760,127
4761,608
4762,16
4763,180
4764,320
4765,369
4766,29
4767,473
4768,327
4769,115
4770,766
4771,592
4772,629
4773,18
4774,737
4775,169
4776,107
4777,436
4778,764
4779,572
4780,578
4781,748
4782,281
4783,488
4784,84
4785,563
4786,530
4787,645
4788,376
4789,188
4790,57
4791,673
4792,272
4793,617
4794,49
4795,591
4796,32
4797,748
4798,116
4799,49
4800,349
4801,747
4802,749
4803,171
4804,517
4805,152
4806,758
4807,593
4808,623
4809,32
4810,303
4811,617
4812,198
4813,365
4814,449
4815,182
4816,731
4817,425
4818,706
4819,592
4820,86
4821,460
4822,629
4823,318
4824,457
4825,180
4826,697
4827,488
4828,398
4829,771
4830,168
4831,331
4832,116
4833,603
4834,597
4835,367
4836,755
4837,251
4838,45
4839,635
4840,498
4841,564
4842,622
4843,240
4844,526
4845,399
4846,615
4847,242
4848,193
4849,621
4850,334
4851,356
4852,46
4853,488
4854,416
4855,309
4856,320
4857,384
4858,711
4859,212
4860,405
4861,227
4862,107
4863,127
4864,467
4865,166
4866,82
4867,762
4868,537
4869,610
4870,74
4871,122
4872,258
4873,561
4874,206
4875,117
4876,129
4877,287
4878,495
4879,284
4880,370
4881,190
4882,553
4883,433
4884,245
4885,192
4886,9
4887,181
4888,208
4889,57
4890,659
4891,672
4892,205
4893,585
4894,569
4895,588
4896,56
4897,749
4898,219
4899,528
4900,617
4901,425
4902,638
4903,487
4904,521
4905,529
4906,376
4907,206
4908,281
4909,440
4910,696
4911,248
4912,288
4913,159
4914,286
4915,154
4916,497
4917,212
4918,419
4919,377
4920,588
4921,489
4922,6
4923,223
4924,61
4925,636
4926,705
4927,623
4928,219
4929,664
4930,195
4931,363
4932,496
4933,80
4934,702
4935,425
4936,310
4937,177
4938,464
4939,333
4940,415
4941,793
4942,212
4943,311
4944,660
4945,220
4946,69
4947,119
4948,538
4949,704
4950,429
4951,11
4952,66
4953,760
4954,795
4955,554
4956,280
4957,346
4958,183
4959,501
4960,442
4961,398
4962,101
4963,627
4964,616
4965,452
4966,259
4967,555
4968,368
4969,635
4970,390
4971,173
4972,152
4973,353
4974,538
4975,192
4976,662
4977,398
4978,479
4979,32
4980,315
4981,339
4982,552
4983,422
4984,5
4985,457
4986,323
4987,775
4988,563
4989,101
4990,597
4991,71
4992,428
4993,783
4994,659
4995,478
4996,751
4997,5
4998,780
4999,280
5000,280
5001,479
5002,247
5003,239
5004,755
5005,145
5006,366
5007,267
5008,489
5009,527
5010,765
5011,736
5012,477
5013,300
5014,783
5015,140
5016,538
5017,201
5018,20
5019,498
5020,341
5021,152
5022,664
5023,363
5024,760
5025,573
5026,750
5027,402
5028,198
5029,91
5030,271
5031,447
5032,583
5033,752
5034,76
5035,666
5036,360
5037,762
5038,91
5039,476
5040,130
5041,719
5042,75
5043,48
5044,666
5045,480
5046,153
5047,445
5048,787
5049,767
5050,132
5051,726
5052,117
5053,268
5054,434
5055,604
5056,570
5057,610
5058,745
5059,155
5060,569
5061,43
5062,525
5063,606
5064,288
5065,592
5066,643
5067,194
5068,622
5069,109
5070,118
5071,235
5072,727
5073,443
5074,483
5075,795
5076,411
5077,679
5078,482
5079,724
5080,79
5081,6
5082,193
5083,135
5084,611
5085,380
5086,93
5087,227
5088,207
5089,202
5090,433
5091,94
5092,782
5093,477
5094,180
5095,473
5096,190
5097,248
5098,424
5099,158
5100,760
5101,155
5102,163
5103,147
5104,549
5105,190
5106,623
5107,648
5108,217
5109,401
5110,734
5111,434
5112,160
5113,371
5114,511
5115,363
5116,496
5117,630
5118,561
5119,281
5120,97
5121,94
5122,349
5123,314
5124,250
5125,387
5126,764
5127,787
5128,793
5129,305
5130,776
5131,667
5132,589
5133,278
5134,355
5135,708
5136,751
5137,151
5138,715
5139,559
5140,456
5141,456
5142,371
5143,464
5144,415
5145,637
5146,642
5147,289
5148,744
5149,19
5150,304
5151,239
5152,618
5153,40
5154,104
5155,782
5156,679
5157,45
5158,161
5159,374
5160,417
5161,308
5162,125
5163,197
5164,572
5165,412
5166,145
5167,422
5168,146
5169,687
5170,593
5171,594
5172,461
5173,751
5174,507
5175,689
5176,483
5177,624
5178,472
5179,127
5180,365
5181,53
5182,333
5183,612
5184,559
5185,579
5186,113
5187,71
5188,52
5189,94
5190,653
5191,600
5192,722
5193,784
5194,336
5195,166
5196,452
5197,397
5198,607
5199,508
5200,570
5201,604
5202,337
5203,768
5204,216
5205,692
5206,459
5207,135
5208,673
5209,521
5210,692
5211,101
5212,349
5213,592
5214,610
5215,155
5216,592
5217,200
5218,325
5219,699
5220,425
5221,52
5222,383
5223,442
5224,419
5225,663
5226,497
5227,129
5228,501
5229,326
5230,541
5231,211
5232,444
5233,423
5234,297
5235,484
5236,646
5237,581
5238,107
5239,540
5240,178
5241,407
5242,283
5243,139
5244,608
5245,697
5246,650
5247,480
5248,535
5249,724
5250,752
5251,261
5252,717
5253,205
5254,203
5255,537
5256,391
5257,505
5258,499
5259,357
5260,555
5261,291
5262,778
5263,313
5264,548
5265,254
5266,528
5267,563
5268,111
5269,13
5270,41
5271,509
5272,298
5273,774
5274,588
5275,554
5276,317
5277,479
5278,327
5279,467
5280,17
5281,71
5282,597
5283,364
5284,100
5285,507
5286,333
5287,249
5288,206
5289,315
5290,10
5291,624
5292,63
5293,331
5294,685
5295,442
5296,383
5297,270
5298,412
5299,684
5300,696
5301,475
5302,321
5303,279
5304,649
5305,50
5306,796
5307,528
5308,53
5309,744
5310,76
5311,470
5312,151
5313,432
5314,782
5315,565
5316,794
5317,476
5318,409
5319,528
5320,435
5321,775
5322,57
5323,794
5324,719
5325,584
5326,466
5327,583
5328,335
5329,577
5330,95
5331,214
5332,301
5333,141
5334,226
5335,278
5336,386
5337,324
5338,19
5339,799
5340,141
5341,445
5342,498
5343,333
5344,593
5345,646
5346,280
5347,504
5348,654
5349,92
5350,542
5351,570
5352,368
5353,658
5354,7
5355,2
5356,511
5357,26
5358,472
5359,388
5360,48
5361,488
5362,509
5363,48
5364,135
5365,73
5366,611
5367,683
5368,412
5369,462
5370,370
5371,148
5372,792
5373,723
5374,565
5375,793
5376,12
5377,770
5378,640
5379,637
5380,367
5381,97
5382,169
5383,274
5384,729
5385,59
5386,342
5387,42
5388,760
5389,230
5390,695
5391,286
5392,184
5393,396
5394,403
5395,640
5396,408
5397,215
5398,60
5399,383
5400,204
5401,639
5402,645
5403,80
5404,47
5405,363
5406,20
5407,297
5408,757
5409,450
5410,320
5411,776
5412,436
5413,90
5414,309
5415,508
5416,195
5417,609
5418,38
5419,153
5420,561
5421,501
5422,482
5423,393
5424,395
5425,645
5426,773
5427,243
5428,218
5429,395
5430,38
5431,138
5432,418
5433,652
5434,597
5435,112
5436,714
5437,234
5438,387
5439,7
5440,121
5441,697
5442,412
5443,421
5444,778
5445,23
5446,415
5447,363
5448,113
5449,304
5450,547
5451,2
5452,223
5453,434
5454,32
5455,421
5456,683
5457,606
5458,693
5459,539
5460,47
5461,717
5462,649
5463,338
5464,116
5465,49
5466,621
5467,457
5468,715
5469,741
5470,567
5471,216
5472,211
5473,259
5474,173
5475,98
5476,513
5477,306
5478,228
5479,219
5480,611
5481,526
5482,374
5483,469
5484,114
5485,258
5486,503
5487,591
5488,572
5489,346
5490,536
5491,477
5492,450
5493,566
5494,587
5495,564
5496,576
5497,52
5498,27
5499,111
5500,423
5501,272
5502,651
5503,149
5504,409
5505,191
5506,756
5507,488
5508,353
5509,494
5510,232
5511,200
5512,120
5513,465
5514,256
5515,636
5516,498
5517,582
5518,316
5519,342
5520,73
5521,102
5522,612
5523,709
5524,147
5525,198
5526,490
5527,151
5528,510
5529,75
5530,322
5531,735
5532,606
5533,245
5534,317
5535,384
5536,445
5537,630
5538,334
5539,170
5540,398
5541,596
5542,709
5543,438
5544,689
5545,541
5546,541
5547,565
5548,782
5549,743
5550,458
5551,438
5552,49
5553,754
5554,792
5555,222
5556,713
5557,143
5558,94
5559,542
5560,282
5561,51
5562,690
5563,341
5564,568
5565,756
5566,635
5567,654
5568,456
5569,169
5570,631
5571,751
5572,525
5573,162
5574,189
5575,731
5576,699
5577,428
5578,366
5579,292
5580,551
5581,558
5582,385
5583,485
5584,381
5585,499
5586,338
5587,376
5588,274
5589,800
5590,390
5591,655
5592,722
5593,550
5594,69
5595,782
5596,487
5597,426
5598,475
5599,260
5600,461
5601,224
5602,54
5603,201
5604,178
5605,791
5606,508
5607,404
5608,583
5609,477
5610,239
5611,604
5612,15
5613,665
5614,529
5615,633
5616,737
5617,520
5618,331
5619,338
5620,193
5621,638
5622,371
5623,437
5624,542
5625,707
5626,228
5627,229
5628,763
5629,450
5630,304
5631,283
5632,18
5633,15
5634,618
5635,792
5636,762
5637,17
5638,60
5639,769
5640,740
5641,137
5642,13
5643,30
5644,647
5645,677
5646,198
5647,293
5648,738
5649,462
5650,701
5651,717
5652,762
5653,187
5654,393
5655,629
5656,357
5657,344
5658,251
5659,263
5660,754
5661,42
5662,599
5663,389
5664,500
5665,530
5666,674
5667,431
5668,233
5669,620
5670,49
5671,583
5672,452
5673,580
5674,271
5675,23
5676,424
5677,724
5678,482
5679,244
5680,320
5681,504
5682,656
5683,201
5684,300
5685,644
5686,127
5687,323
5688,496
5689,686
5690,12
5691,356
5692,118
5693,87
5694,441
5695,646
5696,352
5697,706
5698,644
5699,194
5700,689
5701,111
5702,549
5703,515
5704,199
5705,319
5706,699
5707,746
5708,474
5709,4
5710,158
5711,142
5712,308
5713,430
5714,112
5715,388
5716,34
5717,264
5718,708
5719,324
5720,621
5721,493
5722,655
5723,558
5724,358
5725,586
5726,326
5727,329
5728,166
5729,193
5730,144
5731,61
5732,165
5733,437
5734,750
5735,596
5736,180
5737,637
5738,267
5739,257
5740,708
5741,333
5742,593
5743,232
5744,774
5745,502
5746,517
5747,426
5748,399
5749,560
5750,697
5751,309
5752,344
5753,375
5754,473
5755,383
5756,159
5757,701
5758,366
5759,131
5760,740
5761,734
5762,114
5763,454
5764,617
5765,280
5766,218
5767,288
5768,623
5769,6
5770,10
5771,296
5772,470
5773,285
5774,444
5775,60
5776,412
5777,136
5778,286
5779,644
5780,726
5781,703
5782,229
5783,188
5784,42
5785,120
5786,587
5787,290
5788,532
5789,609
5790,295
5791,575
5792,551
5793,535
5794,349
5795,771
5796,121
5797,348
5798,346
5799,340
5800,708
5801,710
5802,406
5803,267
5804,174
5805,747
5806,170
5807,580
5808,96
5809,770
5810,26
5811,792
5812,732
5813,115
5814,568
5815,64
5816,273
5817,213
5818,424
5819,175
5820,555
5821,344
5822,468
5823,623
5824,616
5825,35
5826,427
5827,520
5828,461
5829,76
5830,408
5831,48
5832,77
5833,465
5834,552
5835,224
5836,747
5837,264
5838,329
5839,62
5840,253
5841,140
5842,768
5843,69
5844,614
5845,471
5846,662
5847,392
5848,593
5849,363
5850,597
5851,450
5852,513
5853,448
5854,673
5855,487
5856,760
5857,684
5858,36
5859,654
5860,520
5861,128
5862,216
5863,317
5864,555
5865,250
5866,746
5867,59
5868,69
5869,187
5870,84
5871,611
5872,26
5873,350
5874,791
5875,566
5876,541
5877,694
5878,299
5879,741
5880,176
5881,618
5882,384
5883,130
5884,442
5885,416
5886,726
5887,635
5888,87
5889,710
5890,307
5891,307
5892,274
5893,287
5894,569
5895,519
5896,65
5897,319
5898,465
5899,484
5900,16
5901,417
5902,708
5903,466
5904,640
5905,147
5906,657
5907,496
5908,342
5909,154
5910,253
5911,353
5912,223
5913,296
5914,207
5915,720
5916,469
5917,546
5918,481
5919,209
5920,37
5921,696
5922,538
5923,131
5924,178
5925,757
5926,710
5927,357
5928,343
5929,431
5930,544
5931,217
5932,100
5933,161
5934,487
5935,120
5936,173
5937,194
5938,435
5939,431
5940,198
5941,463
5942,249
5943,503
5944,186
5945,304
5946,308
5947,698
5948,551
5949,786
5950,33
5951,428
5952,463
5953,551
5954,726
5955,228
5956,764
5957,460
5958,780
5959,319
5960,458
5961,272
5962,755
5963,566
5964,112
5965,471
5966,223
5967,623
5968,515
5969,538
5970,332
5971,138
5972,739
5973,278
5974,308
5975,661
5976,577
5977,60
5978,433
5979,600
5980,423
5981,581
5982,118
5983,202
5984,688
5985,682
5986,297
5987,686
5988,29
5989,336
5990,469
5991,744
5992,124
5993,73
5994,786
5995,619
5996,562
5997,595
5998,141
5999,495
6000,142
