7000
1,146
2,501
3,511
4,392
5,727
6,56
7,698
8,401
9,795
10,108
11,572
12,366
13,697
14,764
15,459
16,59
17,305
18,761
19,448
20,749
21,2
22,676
23,504
24,283
25,291
26,206
27,462
28,629
29,237
30,479
31,672
32,781
33,228
34,493
35,571
36,679
37,138
38,298
39,141
40,237
41,288
42,349
43,772
44,180
45,432
46,603
47,760
48,474
49,177
50,21
51,92
52,603
53,732
54,320
55,538
56,64
57,690
58,739
59,739
60,579
61,503
62,450
63,371
64,304
65,553
66,392
67,233
68,58
69,350
70,32
71,108
72,268
73,463
74,753
75,79
76,482
77,61
78,333
79,238
80,251
81,94
82,247
83,590
84,778
85,447
86,521
87,92
88,322
89,389
90,796
91,442
92,405
93,227
94,290
95,453
96,108
97,488
98,743
99,560
100,47
101,188
102,307
103,264
104,509
105,435
106,384
107,116
108,385
109,668
110,338
111,513
112,277
113,197
114,508
115,638
116,359
117,199
118,726
119,612
120,564
121,141
122,77
123,13
124,528
125,151
126,279
127,725
128,353
129,307
130,242
131,781
132,561
133,423
134,648
135,573
136,303
137,20
138,442
139,509
140,50
141,209
142,238
143,576
144,698
145,381
146,553
147,231
148,87
149,497
150,143
151,241
152,244
153,375
154,67
155,753
156,3
157,325
158,747
159,78
160,206
161,740
162,641
163,7
164,685
165,645
166,679
167,739
168,216
169,334
170,211
171,46
172,501
173,233
174,367
175,467
176,260
177,347
178,613
179,470
180,430
181,282
182,670
183,153
184,361
185,693
186,491
187,80
188,29
189,129
190,51
191,677
192,77
193,320
194,650
195,738
196,436
197,339
198,355
199,639
200,125
201,588
202,419
203,441
204,444
205,6
206,251
207,369
208,647
209,648
210,603
211,380
212,646
213,98
214,425
215,689
216,442
217,367
218,768
219,590
220,471
221,95
222,759
223,341
224,62
225,132
226,442
227,572
228,330
229,151
230,389
231,161
232,708
233,689
234,390
235,690
236,483
237,433
238,492
239,686
240,629
241,737
242,331
243,314
244,452
245,665
246,275
247,89
248,541
249,636
250,63
251,118
252,577
253,732
254,23
255,332
256,186
257,759
258,758
259,118
260,350
261,167
262,482
263,35
264,341
265,35
266,194
267,431
268,336
269,180
270,41
271,733
272,797
273,413
274,696
275,763
276,289
277,50
278,163
279,631
280,227
281,5
282,743
283,399
284,689
285,745
286,162
287,537
288,44
289,230
290,610
291,705
292,712
293,782
294,154
295,469
296,183
297,512
298,607
299,309
300,250
301,799
302,78
303,16
304,509
305,672
306,298
307,570
308,187
309,644
310,439
311,564
312,175
313,144
314,30
315,725
316,163
317,261
318,240
319,456
320,242
321,167
322,783
323,692
324,430
325,574
326,566
327,786
328,673
329,96
330,62
331,129
332,220
333,48
334,94
335,523
336,627
337,752
338,235
339,138
340,435
341,331
342,188
343,646
344,758
345,781
346,255
347,608
348,286
349,250
350,644
351,385
352,36
353,136
354,342
355,779
356,83
357,776
358,158
359,60
360,618
361,244
362,600
363,423
364,203
365,615
366,568
367,406
368,65
369,181
370,314
371,40
372,46
373,661
374,558
375,473
376,39
377,404
378,110
379,238
380,192
381,549
382,664
383,401
384,778
385,190
386,536
387,713
388,782
389,348
390,70
391,347
392,484
393,699
394,431
395,208
396,537
397,640
398,245
399,664
400,524
401,224
402,251
403,630
404,221
405,25
406,290
407,621
408,763
409,358
410,507
411,345
412,174
413,484
414,270
415,351
416,755
417,421
418,97
419,207
420,136
421,53
422,177
423,525
424,291
425,82
426,280
427,541
428,155
429,439
430,16
431,35
432,234
433,736
434,273
435,252
436,17
437,623
438,249
439,177
440,745
441,342
442,227
443,658
444,410
445,490
446,493
447,30
448,629
449,702
450,350
451,40
452,420
453,326
454,114
455,725
456,101
457,692
458,346
459,287
460,601
461,625
462,596
463,473
464,701
465,399
466,327
467,50
468,217
469,442
470,147
471,75
472,267
473,503
474,575
475,167
476,667
477,737
478,3
479,375
480,282
481,642
482,115
483,174
484,136
485,147
486,505
487,568
488,710
489,703
490,656
491,76
492,651
493,432
494,406
495,39
496,43
497,382
498,280
499,181
500,189
501,627
502,279
503,234
504,64
505,542
506,636
507,781
508,230
509,754
510,690
511,43
512,653
513,528
514,408
515,462
516,188
517,117
518,395
519,2
520,540
521,164
522,15
523,60
524,724
525,235
526,47
527,384
528,131
529,179
530,325
531,222
532,559
533,251
534,247
535,87
536,318
537,603
538,727
539,787
540,408
541,47
542,637
543,198
544,184
545,75
546,548
547,758
548,641
549,126
550,477
551,332
552,732
553,791
554,765
555,278
556,301
557,279
558,582
559,33
560,337
561,61
562,784
563,582
564,475
565,89
566,290
567,123
568,648
569,778
570,450
571,514
572,56
573,524
574,107
575,698
576,257
577,572
578,61
579,427
580,90
581,430
582,118
583,662
584,33
585,373
586,134
587,415
588,340
589,392
590,416
591,673
592,265
593,525
594,510
595,109
596,672
597,195
598,414
599,417
600,306
601,798
602,149
603,192
604,92
605,320
606,515
607,481
608,439
609,33
610,781
611,456
612,28
613,519
614,194
615,124
616,292
617,160
618,193
619,559
620,294
621,717
622,370
623,36
624,304
625,336
626,297
627,305
628,341
629,67
630,519
631,168
632,160
633,735
634,160
635,410
636,210
637,613
638,410
639,544
640,321
641,541
642,357
643,163
644,610
645,594
646,514
647,318
648,150
649,470
650,409
651,564
652,129
653,229
654,166
655,184
656,759
657,382
658,75
659,133
660,592
661,625
662,731
663,634
664,94
665,300
666,270
667,377
668,597
669,656
670,455
671,737
672,761
673,597
674,357
675,509
676,621
677,39
678,652
679,742
680,129
681,480
682,799
683,411
684,135
685,259
686,702
687,796
688,401
689,516
690,323
691,629
692,126
693,782
694,329
695,265
696,594
697,736
698,166
699,384
700,652
701,190
702,604
703,738
704,526
705,468
706,169
707,405
708,40
709,89
710,172
711,32
712,727
713,626
714,485
715,766
716,146
717,219
718,133
719,653
720,800
721,605
722,466
723,109
724,694
725,618
726,71
727,440
728,542
729,521
730,90
731,461
732,300
733,476
734,680
735,450
736,329
737,535
738,706
739,427
740,409
741,310
742,661
743,595
744,707
745,401
746,445
747,540
748,559
749,720
750,546
751,120
752,476
753,180
754,682
755,782
756,771
757,751
758,729
759,203
760,4
761,63
762,96
763,43
764,710
765,709
766,358
767,574
768,676
769,640
770,312
771,320
772,601
773,65
774,757
775,644
776,389
777,352
778,69
779,251
780,343
781,498
782,444
783,635
784,431
785,681
786,705
787,360
788,616
789,309
790,213
791,796
792,28
793,199
794,301
795,221
796,409
797,246
798,138
799,204
800,704
801,433
802,464
803,714
804,780
805,192
806,175
807,34
808,343
809,279
810,315
811,783
812,64
813,739
814,223
815,391
816,296
817,706
818,432
819,667
820,343
821,705
822,503
823,794
824,228
825,89
826,538
827,610
828,403
829,229
830,129
831,207
832,423
833,721
834,477
835,230
836,174
837,72
838,741
839,697
840,277
841,31
842,657
843,747
844,293
845,793
846,650
847,625
848,273
849,257
850,721
851,450
852,585
853,9
854,375
855,244
856,580
857,119
858,213
859,407
860,687
861,602
862,626
863,408
864,761
865,215
866,405
867,793
868,639
869,505
870,415
871,75
872,531
873,502
874,244
875,439
876,232
877,507
878,742
879,99
880,72
881,392
882,399
883,388
884,160
885,318
886,332
887,195
888,211
889,196
890,758
891,450
892,167
893,541
894,488
895,178
896,597
897,477
898,149
899,340
900,22
901,382
902,325
903,759
904,569
905,35
906,54
907,403
908,519
909,341
910,645
911,187
912,455
913,665
914,667
915,304
916,339
917,134
918,534
919,36
920,393
921,643
922,282
923,677
924,774
925,673
926,520
927,17
928,411
929,671
930,359
931,131
932,134
933,755
934,792
935,321
936,69
937,612
938,443
939,191
940,655
941,92
942,715
943,562
944,179
945,781
946,99
947,574
948,513
949,530
950,522
951,631
952,532
953,103
954,429
955,192
956,579
957,697
958,647
959,140
960,522
961,504
962,336
963,260
964,513
965,314
966,764
967,551
968,212
969,658
970,504
971,518
972,613
973,218
974,794
975,678
976,335
977,42
978,251
979,536
980,456
981,329
982,754
983,455
984,760
985,31
986,629
987,716
988,714
989,410
990,497
991,62
992,328
993,180
994,141
995,164
996,387
997,657
998,637
999,91
1000,378
1001,33
1002,20
1003,30
1004,260
1005,161
1006,490
1007,656
1008,89
1009,190
1010,261
1011,303
1012,396
1013,272
1014,326
1015,727
1016,728
1017,593
1018,555
1019,656
1020,482
1021,127
1022,179
1023,782
1024,149
1025,547
1026,493
1027,134
1028,46
1029,563
1030,493
1031,70
1032,638
1033,435
1034,15
1035,260
1036,568
1037,67
1038,457
1039,770
1040,626
1041,462
1042,458
1043,371
1044,477
1045,193
1046,509
1047,345
1048,195
1049,767
1050,372
1051,561
1052,679
1053,506
1054,461
1055,770
1056,70
1057,239
1058,476
1059,623
1060,8
1061,63
1062,121
1063,341
1064,437
1065,393
1066,311
1067,385
1068,235
1069,309
1070,671
1071,333
1072,490
1073,31
1074,559
1075,630
1076,429
1077,393
1078,471
1079,624
1080,621
1081,235
1082,397
1083,780
1084,709
1085,170
1086,748
1087,153
1088,578
1089,230
1090,245
1091,159
1092,381
1093,718
1094,51
1095,714
1096,696
1097,69
1098,480
1099,195
1100,498
1101,414
1102,513
1103,780
1104,723
1105,658
1106,478
1107,373
1108,231
1109,7
1110,409
1111,630
1112,557
1113,685
1114,146
1115,128
1116,697
1117,727
1118,465
1119,295
1120,209
1121,581
1122,724
1123,655
1124,433
1125,485
1126,382
1127,794
1128,497
1129,653
1130,200
1131,42
1132,552
1133,581
1134,645
1135,154
1136,611
1137,737
1138,528
1139,109
1140,181
1141,383
1142,80
1143,712
1144,40
1145,109
1146,796
1147,341
1148,611
1149,797
1150,632
1151,389
1152,583
1153,582
1154,315
1155,117
1156,757
1157,794
1158,608
1159,11
1160,375
1161,759
1162,606
1163,211
1164,364
1165,205
1166,288
1167,591
1168,24
1169,745
1170,226
1171,369
1172,360
1173,651
1174,726
1175,644
1176,377
1177,95
1178,630
1179,337
1180,373
1181,631
1182,42
1183,638
1184,451
1185,707
1186,601
1187,754
1188,37
1189,218
1190,451
1191,261
1192,213
1193,227
1194,246
1195,472
1196,492
1197,598
1198,306
1199,6
1200,353
1201,88
1202,497
1203,720
1204,298
1205,698
1206,4
1207,351
1208,147
1209,532
1210,299
1211,281
1212,180
1213,537
1214,445
1215,39
1216,335
1217,757
1218,248
1219,493
1220,18
1221,351
1222,87
1223,738
1224,529
1225,119
1226,35
1227,645
1228,500
1229,718
1230,78
1231,778
1232,58
1233,549
1234,473
1235,573
1236,443
1237,338
1238,716
1239,53
1240,181
1241,104
1242,271
1243,237
1244,216
1245,299
1246,722
1247,772
1248,167
1249,607
1250,311
1251,682
1252,268
1253,672
1254,576
1255,168
1256,769
1257,513
1258,408
1259,557
1260,774
1261,283
1262,182
1263,235
1264,6
1265,335
1266,107
1267,193
1268,625
1269,287
1270,537
1271,594
1272,764
1273,186
1274,86
1275,635
1276,574
1277,401
1278,68
1279,784
1280,332
1281,361
1282,136
1283,407
1284,345
1285,25
1286,491
1287,48
1288,200
1289,107
1290,275
1291,204
1292,538
1293,699
1294,472
1295,536
1296,212
1297,327
1298,566
1299,311
1300,323
1301,134
1302,346
1303,782
1304,617
1305,145
1306,210
1307,529
1308,565
1309,252
1310,566
1311,172
1312,511
1313,687
1314,665
1315,596
1316,566
1317,688
1318,747
1319,79
1320,598
1321,12
1322,171
1323,111
1324,73
1325,583
1326,757
1327,363
1328,780
1329,125
1330,43
1331,334
1332,734
1333,515
1334,750
1335,518
1336,95
1337,36
1338,91
1339,54
1340,641
1341,606
1342,371
1343,570
1344,320
1345,179
1346,741
1347,333
1348,572
1349,648
1350,28
1351,200
1352,345
1353,550
1354,17
1355,292
1356,732
1357,282
1358,82
1359,400
1360,649
1361,697
1362,155
1363,750
1364,633
1365,685
1366,419
1367,139
1368,577
1369,299
1370,408
1371,692
1372,510
1373,586
1374,684
1375,734
1376,152
1377,92
1378,8
1379,569
1380,492
1381,470
1382,19
1383,424
1384,713
1385,656
1386,268
1387,210
1388,353
1389,198
1390,201
1391,220
1392,527
1393,27
1394,553
1395,147
1396,447
1397,289
1398,211
1399,744
1400,55
1401,60
1402,729
1403,127
1404,649
1405,504
1406,135
1407,328
1408,618
1409,499
1410,422
1411,28
1412,715
1413,775
1414,434
1415,75
1416,363
1417,669
1418,68
1419,537
1420,83
1421,112
1422,463
1423,172
1424,440
1425,160
1426,119
1427,416
1428,117
1429,538
1430,301
1431,738
1432,127
1433,424
1434,566
1435,110
1436,23
1437,88
1438,561
1439,705
1440,592
1441,633
1442,747
1443,120
1444,251
1445,707
1446,643
1447,421
1448,428
1449,535
1450,407
1451,314
1452,186
1453,303
1454,87
1455,264
1456,667
1457,55
1458,777
1459,164
1460,363
1461,781
1462,711
1463,562
1464,389
1465,776
1466,623
1467,112
1468,403
1469,101
1470,184
1471,299
1472,246
1473,236
1474,62
1475,454
1476,99
1477,609
1478,702
1479,309
1480,214
1481,601
1482,271
1483,713
1484,66
1485,475
1486,641
1487,49
1488,486
1489,627
1490,290
1491,324
1492,156
1493,74
1494,439
1495,430
1496,226
1497,76
1498,257
1499,794
1500,478
1501,166
1502,587
1503,603
1504,297
1505,310
1506,669
1507,139
1508,416
1509,97
1510,183
1511,2
1512,284
1513,217
1514,198
1515,192
1516,79
1517,475
1518,724
1519,309
1520,313
1521,398
1522,469
1523,365
1524,779
1525,557
1526,789
1527,661
1528,2
1529,759
1530,726
1531,457
1532,576
1533,787
1534,301
1535,361
1536,646
1537,58
1538,789
1539,105
1540,280
1541,327
1542,403
1543,413
1544,151
1545,528
1546,432
1547,264
1548,352
1549,419
1550,438
1551,143
1552,43
1553,142
1554,375
1555,302
1556,497
1557,624
1558,96
1559,619
1560,55
1561,33
1562,647
1563,509
1564,377
1565,774
1566,576
1567,347
1568,19
1569,438
1570,273
1571,6
1572,57
1573,75
1574,449
1575,140
1576,174
1577,277
1578,74
1579,249
1580,599
1581,215
1582,477
1583,649
1584,794
1585,536
1586,125
1587,507
1588,621
1589,298
1590,660
1591,247
1592,683
1593,575
1594,447
1595,724
1596,32
1597,461
1598,163
1599,355
1600,611
1601,708
1602,103
1603,133
1604,769
1605,3
1606,612
1607,701
1608,441
1609,599
1610,442
1611,236
1612,136
1613,83
1614,596
1615,10
1616,447
1617,6
1618,89
1619,117
1620,574
1621,401
1622,668
1623,198
1624,741
1625,628
1626,620
1627,299
1628,678
1629,333
1630,694
1631,379
1632,122
1633,774
1634,493
1635,323
1636,461
1637,736
1638,413
1639,771
1640,668
1641,420
1642,618
1643,247
1644,498
1645,478
1646,695
1647,782
1648,586
1649,775
1650,305
1651,446
1652,362
1653,328
1654,733
1655,574
1656,429
1657,300
1658,176
1659,718
1660,353
1661,650
1662,257
1663,404
1664,6
1665,536
1666,799
1667,670
1668,362
1669,333
1670,34
1671,214
1672,288
1673,56
1674,407
1675,393
1676,258
1677,616
1678,499
1679,573
1680,41
1681,708
1682,72
1683,596
1684,34
1685,20
1686,212
1687,662
1688,284
1689,63
1690,102
1691,10
1692,516
1693,462
1694,782
1695,389
1696,306
1697,238
1698,420
1699,35
1700,60
1701,761
1702,344
1703,321
1704,341
1705,209
1706,288
1707,435
1708,439
1709,392
1710,234
1711,535
1712,629
1713,564
1714,161
1715,464
1716,153
1717,536
1718,143
1719,466
1720,371
1721,247
1722,610
1723,9
1724,760
1725,42
1726,412
1727,447
1728,297
1729,216
1730,698
1731,355
1732,60
1733,163
1734,731
1735,244
1736,765
1737,362
1738,769
1739,347
1740,534
1741,108
1742,706
1743,446
1744,295
1745,241
1746,416
1747,756
1748,61
1749,27
1750,770
1751,43
1752,476
1753,743
1754,192
1755,217
1756,130
1757,298
1758,486
1759,441
1760,131
1761,42
1762,629
1763,755
1764,556
1765,539
1766,326
1767,30
1768,291
1769,584
1770,342
1771,272
1772,319
1773,389
1774,383
1775,394
1776,56
1777,26
1778,760
1779,793
1780,345
1781,305
1782,73
1783,642
1784,496
1785,93
1786,475
1787,659
1788,241
1789,5
1790,718
1791,556
1792,274
1793,276
1794,763
1795,657
1796,396
1797,410
1798,240
1799,659
1800,531
1801,319
1802,34
1803,684
1804,274
1805,711
1806,668
1807,263
1808,739
1809,437
1810,794
1811,526
1812,704
1813,20
1814,497
1815,431
1816,232
1817,395
1818,77
1819,148
1820,589
1821,422
1822,175
1823,498
1824,348
1825,411
1826,108
1827,691
1828,246
1829,497
1830,385
1831,276
1832,671
1833,593
1834,163
1835,349
1836,595
1837,524
1838,187
1839,220
1840,721
1841,678
1842,408
1843,340
1844,416
1845,31
1846,680
1847,41
1848,178
1849,398
1850,656
1851,344
1852,475
1853,516
1854,55
1855,465
1856,574
1857,222
1858,432
1859,604
1860,360
1861,789
1862,506
1863,230
1864,362
1865,1
1866,492
1867,84
1868,413
1869,568
1870,458
1871,599
1872,278
1873,482
1874,579
1875,272
1876,600
1877,178
1878,182
1879,296
1880,114
1881,799
1882,368
1883,411
1884,314
1885,386
1886,270
1887,746
1888,214
1889,512
1890,374
1891,571
1892,144
1893,221
1894,613
1895,104
1896,410
1897,515
1898,583
1899,319
1900,410
1901,405
1902,576
1903,383
1904,518
1905,560
1906,378
1907,213
1908,291
1909,255
1910,417
1911,150
1912,297
1913,138
1914,318
1915,682
1916,758
1917,84
1918,219
1919,695
1920,210
1921,61
1922,139
1923,304
1924,324
1925,540
1926,3
1927,155
1928,472
1929,673
1930,349
1931,453
1932,33
1933,133
1934,91
1935,696
1936,126
1937,48
1938,574
1939,324
1940,698
1941,384
1942,176
1943,420
1944,453
1945,505
1946,15
1947,116
1948,406
1949,238
1950,570
1951,321
1952,427
1953,775
1954,7
1955,765
1956,511
1957,783
1958,495
1959,747
1960,141
1961,184
1962,11
1963,18
1964,515
1965,715
1966,486
1967,480
1968,308
1969,557
1970,234
1971,43
1972,75
1973,784
1974,162
1975,524
1976,568
1977,624
1978,230
1979,357
1980,127
1981,474
1982,441
1983,476
1984,294
1985,230
1986,638
1987,472
1988,168
1989,748
1990,258
1991,384
1992,242
1993,719
1994,247
1995,39
1996,88
1997,499
1998,457
1999,389
2000,327
2001,18
2002,734
2003,499
2004,785
2005,148
2006,515
2007,215
2008,278
2009,365
2010,441
2011,400
2012,369
2013,442
2014,374
2015,32
2016,445
2017,422
2018,370
2019,13
2020,576
2021,666
2022,635
2023,351
2024,321
2025,514
2026,153
2027,593
2028,599
2029,739
2030,188
2031,465
2032,449
2033,328
2034,355
2035,715
2036,570
2037,615
2038,142
2039,716
2040,62
2041,629
2042,495
2043,244
2044,284
2045,234
2046,719
2047,476
2048,561
2049,716
2050,731
2051,353
2052,601
2053,274
2054,379
2055,743
2056,340
2057,365
2058,190
2059,168
2060,729
2061,123
2062,236
2063,430
2064,280
2065,4
2066,292
2067,426
2068,13
2069,138
2070,246
2071,453
2072,236
2073,256
2074,58
2075,756
2076,237
2077,211
2078,209
2079,286
2080,612
2081,590
2082,136
2083,549
2084,662
2085,487
2086,476
2087,703
2088,162
2089,226
2090,541
2091,25
2092,608
2093,688
2094,607
2095,170
2096,512
2097,625
2098,458
2099,686
2100,607
2101,263
2102,55
2103,596
2104,137
2105,314
2106,670
2107,532
2108,525
2109,220
2110,339
2111,724
2112,697
2113,186
2114,593
2115,452
2116,492
2117,473
2118,378
2119,459
2120,50
2121,7
2122,468
2123,758
2124,231
2125,351
2126,33
2127,416
2128,62
2129,681
2130,285
2131,675
2132,620
2133,498
2134,751
2135,387
2136,722
2137,603
2138,800
2139,155
2140,295
2141,624
2142,350
2143,615
2144,285
2145,255
2146,210
2147,426
2148,312
2149,524
2150,29
2151,354
2152,552
2153,572
2154,259
2155,655
2156,475
2157,23
2158,253
2159,433
2160,614
2161,22
2162,530
2163,314
2164,764
2165,86
2166,798
2167,682
2168,156
2169,349
2170,696
2171,254
2172,660
2173,319
2174,401
2175,135
2176,58
2177,707
2178,294
2179,452
2180,590
2181,327
2182,496
2183,87
2184,196
2185,134
2186,187
2187,653
2188,315
2189,541
2190,94
2191,707
2192,159
2193,506
2194,477
2195,674
2196,458
2197,777
2198,274
2199,481
2200,3
2201,706
2202,243
2203,568
2204,11
2205,559
2206,153
2207,797
2208,755
2209,158
2210,659
2211,240
2212,414
2213,641
2214,798
2215,544
2216,581
2217,458
2218,462
2219,707
2220,642
2221,582
2222,145
2223,223
2224,339
2225,442
2226,144
2227,584
2228,698
2229,205
2230,594
2231,64
2232,418
2233,246
2234,216
2235,5
2236,740
2237,176
2238,744
2239,35
2240,605
2241,476
2242,726
2243,343
2244,52
2245,364
2246,531
2247,235
2248,467
2249,452
2250,587
2251,341
2252,276
2253,392
2254,438
2255,358
2256,385
2257,445
2258,285
2259,643
2260,718
2261,654
2262,444
2263,329
2264,339
2265,264
2266,533
2267,100
2268,152
2269,609
2270,572
2271,388
2272,177
2273,332
2274,32
2275,259
2276,524
2277,211
2278,302
2279,728
2280,468
2281,371
2282,508
2283,216
2284,186
2285,103
2286,731
2287,162
2288,63
2289,676
2290,192
2291,230
2292,464
2293,436
2294,710
2295,724
2296,278
2297,674
2298,308
2299,676
2300,784
2301,719
2302,70
2303,487
2304,217
2305,142
2306,528
2307,748
2308,166
2309,183
2310,757
2311,285
2312,741
2313,611
2314,371
2315,685
2316,705
2317,663
2318,179
2319,642
2320,410
2321,698
2322,504
2323,312
2324,53
2325,660
2326,3
2327,585
2328,513
2329,103
2330,508
2331,505
2332,118
2333,616
2334,288
2335,639
2336,492
2337,22
2338,288
2339,741
2340,194
2341,443
2342,206
2343,498
2344,481
2345,706
2346,477
2347,553
2348,545
2349,152
2350,419
2351,452
2352,680
2353,314
2354,605
2355,59
2356,245
2357,209
2358,790
2359,667
2360,278
2361,192
2362,404
2363,568
2364,501
2365,81
2366,70
2367,614
2368,428
2369,330
2370,211
2371,46
2372,77
2373,785
2374,455
2375,323
2376,9
2377,129
2378,632
2379,42
2380,17
2381,706
2382,48
2383,573
2384,284
2385,624
2386,232
2387,50
2388,704
2389,508
2390,524
2391,85
2392,355
2393,494
2394,625
2395,316
2396,60
2397,389
2398,635
2399,26
2400,753
2401,15
2402,522
2403,665
2404,295
2405,308
2406,36
2407,714
2408,668
2409,86
2410,503
2411,746
2412,442
2413,443
2414,500
2415,402
2416,129
2417,465
2418,478
2419,82
2420,72
2421,99
2422,573
2423,643
2424,265
2425,769
2426,16
2427,527
2428,617
2429,730
2430,752
2431,525
2432,540
2433,769
2434,682
2435,297
2436,512
2437,491
2438,434
2439,661
2440,106
2441,717
2442,171
2443,193
2444,573
2445,782
2446,126
2447,434
2448,163
2449,265
2450,195
2451,387
2452,227
2453,613
2454,146
2455,174
2456,462
2457,286
2458,686
2459,771
2460,608
2461,433
2462,122
2463,174
2464,47
2465,165
2466,286
2467,454
2468,340
2469,461
2470,516
2471,623
2472,577
2473,92
2474,90
2475,208
2476,408
2477,368
2478,472
2479,349
2480,315
2481,486
2482,600
2483,634
2484,354
2485,145
2486,25
2487,472
2488,721
2489,514
2490,466
2491,264
2492,199
2493,589
2494,557
2495,42
2496,559
2497,215
2498,171
2499,368
2500,305
2501,470
2502,760
2503,563
2504,627
2505,606
2506,431
2507,267
2508,407
2509,393
2510,760
2511,498
2512,33
2513,274
2514,474
2515,744
2516,13
2517,421
2518,91
2519,230
2520,331
2521,26
2522,760
2523,535
2524,198
2525,272
2526,159
2527,581
2528,427
2529,112
2530,516
2531,701
2532,615
2533,766
2534,484
2535,585
2536,586
2537,382
2538,645
2539,664
2540,111
2541,521
2542,565
2543,386
2544,434
2545,305
2546,372
2547,299
2548,800
2549,577
2550,256
2551,171
2552,86
2553,794
2554,202
2555,281
2556,380
2557,165
2558,496
2559,621
2560,113
2561,378
2562,752
2563,257
2564,123
2565,665
2566,75
2567,169
2568,260
2569,67
2570,13
2571,264
2572,152
2573,605
2574,295
2575,558
2576,235
2577,235
2578,624
2579,552
2580,218
2581,729
2582,792
2583,387
2584,477
2585,286
2586,510
2587,28
2588,393
2589,777
2590,385
2591,545
2592,228
2593,14
2594,459
2595,91
2596,298
2597,225
2598,220
2599,3
2600,23
2601,225
2602,800
2603,70
2604,478
2605,219
2606,268
2607,685
2608,703
2609,346
2610,337
2611,238
2612,143
2613,145
2614,454
2615,275
2616,84
2617,565
2618,534
2619,593
2620,84
2621,71
2622,266
2623,81
2624,578
2625,244
2626,475
2627,618
2628,587
2629,517
2630,529
2631,22
2632,507
2633,541
2634,408
2635,580
2636,362
2637,772
2638,794
2639,247
2640,391
2641,193
2642,605
2643,381
2644,287
2645,417
2646,417
2647,266
2648,564
2649,787
2650,117
2651,145
2652,9
2653,85
2654,386
2655,285
2656,200
2657,467
2658,196
2659,528
2660,387
2661,99
2662,771
2663,41
2664,94
2665,16
2666,534
2667,146
2668,222
2669,633
2670,52
2671,223
2672,481
2673,654
2674,705
2675,510
2676,669
2677,37
2678,401
2679,567
2680,646
2681,297
2682,147
2683,261
2684,552
2685,153
2686,777
2687,126
2688,7
2689,2
2690,682
2691,689
2692,403
2693,488
2694,699
2695,591
2696,608
2697,563
2698,520
2699,735
2700,438
2701,59
2702,167
2703,168
2704,727
2705,576
2706,106
2707,663
2708,277
2709,366
2710,598
2711,92
2712,723
2713,326
2714,408
2715,189
2716,441
2717,730
2718,630
2719,471
2720,28
2721,35
2722,764
2723,262
2724,224
2725,634
2726,78
2727,754
2728,406
2729,408
2730,505
2731,292
2732,365
2733,709
2734,695
2735,308
2736,394
2737,22
2738,673
2739,402
2740,738
2741,610
2742,605
2743,400
2744,440
2745,292
2746,36
2747,107
2748,266
2749,214
2750,280
2751,272
2752,50
2753,168
2754,541
2755,211
2756,82
2757,390
2758,517
2759,198
2760,469
2761,485
2762,787
2763,495
2764,755
2765,573
2766,293
2767,615
2768,201
2769,520
2770,268
2771,418
2772,583
2773,189
2774,149
2775,226
2776,485
2777,696
2778,575
2779,587
2780,591
2781,767
2782,181
2783,147
2784,459
2785,769
2786,289
2787,610
2788,422
2789,188
2790,297
2791,611
2792,295
2793,635
2794,567
2795,321
2796,765
2797,293
2798,208
2799,102
2800,461
2801,711
2802,157
2803,349
2804,112
2805,512
2806,21
2807,622
2808,587
2809,619
2810,427
2811,648
2812,274
2813,740
2814,88
2815,570
2816,81
2817,713
2818,364
2819,558
2820,68
2821,108
2822,596
2823,139
2824,387
2825,3
2826,112
2827,199
2828,784
2829,84
2830,747
2831,299
2832,225
2833,196
2834,610
2835,780
2836,63
2837,550
2838,798
2839,685
2840,100
2841,219
2842,707
2843,22
2844,585
2845,94
2846,33
2847,254
2848,625
2849,137
2850,504
2851,685
2852,187
2853,753
2854,726
2855,20
2856,148
2857,35
2858,701
2859,779
2860,639
2861,58
2862,361
2863,147
2864,619
2865,383
2866,711
2867,662
2868,477
2869,607
2870,178
2871,701
2872,397
2873,230
2874,100
2875,13
2876,716
2877,423
2878,705
2879,334
2880,123
2881,183
2882,136
2883,263
2884,460
2885,323
2886,753
2887,216
2888,771
2889,480
2890,785
2891,283
2892,420
2893,748
2894,523
2895,675
2896,392
2897,734
2898,754
2899,518
2900,565
2901,695
2902,106
2903,671
2904,263
2905,62
2906,310
2907,555
2908,706
2909,378
2910,30
2911,757
2912,172
2913,547
2914,476
2915,117
2916,244
2917,683
2918,332
2919,53
2920,330
2921,379
2922,338
2923,72
2924,690
2925,629
2926,406
2927,291
2928,449
2929,17
2930,55
2931,253
2932,372
2933,703
2934,503
2935,652
2936,285
2937,93
2938,518
2939,675
2940,548
2941,88
2942,348
2943,63
2944,575
2945,427
2946,437
2947,135
2948,741
2949,40
2950,133
2951,653
2952,272
2953,73
2954,609
2955,3
2956,505
2957,238
2958,561
2959,663
2960,600
2961,148
2962,549
2963,366
2964,247
2965,772
2966,396
2967,491
2968,242
2969,170
2970,33
2971,750
2972,314
2973,183
2974,593
2975,171
2976,582
2977,470
2978,730
2979,180
2980,163
2981,214
2982,272
2983,372
2984,108
2985,192
2986,81
2987,390
2988,429
2989,104
2990,401
2991,10
2992,497
2993,641
2994,200
2995,158
2996,508
2997,271
2998,46
2999,560
3000,700
3001,708
3002,349
3003,170
3004,466
3005,218
3006,672
3007,167
3008,333
3009,122
3010,170
3011,396
3012,300
3013,512
3014,538
3015,31
3016,304
3017,58
3018,222
3019,165
3020,153
3021,463
3022,672
3023,179
3024,778
3025,458
3026,199
3027,145
3028,507
3029,160
3030,77
3031,289
3032,799
3033,786
3034,195
3035,799
3036,774
3037,492
3038,443
3039,683
3040,97
3041,771
3042,179
3043,120
3044,484
3045,597
3046,21
3047,354
3048,575
3049,280
3050,238
3051,35
3052,305
3053,385
3054,538
3055,336
3056,405
3057,54
3058,373
3059,665
3060,300
3061,775
3062,6
3063,105
3064,249
3065,442
3066,393
3067,229
3068,233
3069,76
3070,496
3071,492
3072,517
3073,298
3074,687
3075,193
3076,558
3077,364
3078,146
3079,403
3080,772
3081,753
3082,27
3083,246
3084,475
3085,296
3086,460
3087,452
3088,609
3089,423
3090,384
3091,689
3092,107
3093,591
3094,170
3095,365
3096,719
3097,776
3098,108
3099,448
3100,380
3101,632
3102,730
3103,481
3104,648
3105,625
3106,241
3107,672
3108,40
3109,14
3110,696
3111,213
3112,377
3113,455
3114,136
3115,141
3116,625
3117,699
3118,468
3119,182
3120,230
3121,749
3122,340
3123,34
3124,787
3125,799
3126,655
3127,489
3128,225
3129,245
3130,505
3131,694
3132,5
3133,35
3134,731
3135,646
3136,199
3137,262
3138,307
3139,335
3140,693
3141,321
3142,44
3143,427
3144,595
3145,645
3146,312
3147,320
3148,307
3149,299
3150,250
3151,357
3152,58
3153,255
3154,789
3155,170
3156,495
3157,476
3158,428
3159,701
3160,530
3161,759
3162,602
3163,120
3164,477
3165,599
3166,353
3167,473
3168,375
3169,653
3170,171
3171,396
3172,485
3173,711
3174,381
3175,530
3176,239
3177,260
3178,657
3179,202
3180,481
3181,724
3182,223
3183,664
3184,174
3185,244
3186,533
3187,430
3188,359
3189,763
3190,663
3191,758
3192,327
3193,381
3194,523
3195,651
3196,52
3197,698
3198,497
3199,323
3200,120
3201,725
3202,49
3203,410
3204,564
3205,729
3206,345
3207,487
3208,631
3209,314
3210,580
3211,583
3212,730
3213,248
3214,414
3215,735
3216,694
3217,754
3218,225
3219,21
3220,735
3221,431
3222,269
3223,489
3224,635
3225,625
3226,152
3227,445
3228,393
3229,187
3230,89
3231,618
3232,556
3233,436
3234,383
3235,790
3236,416
3237,117
3238,651
3239,174
3240,285
3241,493
3242,354
3243,798
3244,676
3245,514
3246,341
3247,629
3248,306
3249,601
3250,576
3251,238
3252,82
3253,458
3254,423
3255,528
3256,788
3257,351
3258,388
3259,352
3260,486
3261,427
3262,457
3263,428
3264,25
3265,522
3266,553
3267,711
3268,438
3269,682
3270,319
3271,617
3272,204
3273,756
3274,469
3275,78
3276,798
3277,657
3278,691
3279,719
3280,617
3281,29
3282,758
3283,466
3284,425
3285,1
3286,495
3287,53
3288,229
3289,266
3290,599
3291,177
3292,356
3293,507
3294,315
3295,251
3296,531
3297,47
3298,174
3299,225
3300,700
3301,372
3302,300
3303,627
3304,569
3305,732
3306,383
3307,717
3308,248
3309,424
3310,397
3311,178
3312,288
3313,354
3314,207
3315,797
3316,222
3317,565
3318,578
3319,314
3320,500
3321,417
3322,275
3323,738
3324,185
3325,66
3326,536
3327,202
3328,781
3329,545
3330,605
3331,166
3332,714
3333,348
3334,113
3335,31
3336,28
3337,115
3338,680
3339,222
3340,464
3341,302
3342,319
3343,462
3344,581
3345,619
3346,629
3347,38
3348,230
3349,783
3350,218
3351,375
3352,231
3353,296
3354,82
3355,526
3356,425
3357,716
3358,335
3359,800
3360,626
3361,775
3362,251
3363,664
3364,199
3365,253
3366,263
3367,713
3368,794
3369,64
3370,622
3371,482
3372,193
3373,235
3374,721
3375,194
3376,699
3377,33
3378,203
3379,320
3380,771
3381,182
3382,542
3383,247
3384,737
3385,729
3386,714
3387,566
3388,518
3389,465
3390,48
3391,748
3392,103
3393,461
3394,465
3395,656
3396,47
3397,91
3398,80
3399,643
3400,330
3401,799
3402,702
3403,326
3404,302
3405,150
3406,552
3407,655
3408,524
3409,625
3410,785
3411,711
3412,800
3413,757
3414,187
3415,221
3416,604
3417,381
3418,353
3419,679
3420,212
3421,340
3422,106
3423,522
3424,278
3425,248
3426,455
3427,791
3428,292
3429,695
3430,542
3431,118
3432,44
3433,202
3434,600
3435,278
3436,795
3437,679
3438,125
3439,263
3440,362
3441,489
3442,110
3443,621
3444,372
3445,748
3446,228
3447,407
3448,83
3449,448
3450,316
3451,737
3452,273
3453,7
3454,221
3455,555
3456,283
3457,241
3458,386
3459,146
3460,674
3461,401
3462,104
3463,193
3464,579
3465,611
3466,536
3467,325
3468,433
3469,80
3470,793
3471,461
3472,84
3473,32
3474,200
3475,219
3476,102
3477,605
3478,511
3479,465
3480,83
3481,760
3482,513
3483,527
3484,207
3485,799
3486,359
3487,420
3488,161
3489,359
3490,686
3491,333
3492,605
3493,720
3494,330
3495,518
3496,503
3497,619
3498,422
3499,271
3500,546
3501,164
3502,30
3503,601
3504,67
3505,421
3506,763
3507,237
3508,42
3509,368
3510,174
3511,343
3512,556
3513,73
3514,699
3515,613
3516,175
3517,133
3518,322
3519,621
3520,708
3521,80
3522,746
3523,207
3524,139
3525,212
3526,520
3527,574
3528,5
3529,673
3530,20
3531,301
3532,252
3533,411
3534,311
3535,232
3536,733
3537,632
3538,800
3539,385
3540,338
3541,437
3542,785
3543,412
3544,697
3545,571
3546,328
3547,191
3548,706
3549,536
3550,327
3551,571
3552,311
3553,791
3554,229
3555,384
3556,334
3557,559
3558,539
3559,305
3560,782
3561,67
3562,92
3563,138
3564,673
3565,299
3566,589
3567,780
3568,697
3569,297
3570,410
3571,358
3572,501
3573,142
3574,64
3575,200
3576,130
3577,563
3578,210
3579,751
3580,218
3581,466
3582,183
3583,783
3584,793
3585,331
3586,568
3587,741
3588,619
3589,35
3590,646
3591,156
3592,532
3593,547
3594,555
3595,7
3596,551
3597,223
3598,775
3599,239
3600,699
3601,352
3602,390
3603,246
3604,474
3605,519
3606,215
3607,527
3608,299
3609,179
3610,360
3611,341
3612,732
3613,536
3614,271
3615,451
3616,650
3617,544
3618,277
3619,535
3620,365
3621,780
3622,723
3623,507
3624,445
3625,502
3626,438
3627,192
3628,65
3629,220
3630,14
3631,51
3632,553
3633,684
3634,443
3635,348
3636,294
3637,83
3638,456
3639,243
3640,464
3641,67
3642,454
3643,22
3644,187
3645,335
3646,323
3647,39
3648,499
3649,622
3650,48
3651,306
3652,646
3653,275
3654,503
3655,510
3656,96
3657,566
3658,429
3659,796
3660,45
3661,488
3662,770
3663,195
3664,286
3665,378
3666,778
3667,375
3668,763
3669,397
3670,144
3671,359
3672,286
3673,294
3674,486
3675,130
3676,161
3677,254
3678,1
3679,60
3680,713
3681,255
3682,59
3683,794
3684,608
3685,611
3686,800
3687,320
3688,533
3689,614
3690,38
3691,104
3692,593
3693,512
3694,298
3695,71
3696,679
3697,567
3698,717
3699,470
3700,314
3701,647
3702,508
3703,384
3704,225
3705,243
3706,17
3707,738
3708,182
3709,303
3710,476
3711,70
3712,64
3713,581
3714,677
3715,443
3716,435
3717,363
3718,140
3719,335
3720,373
3721,157
3722,543
3723,340
3724,695
3725,788
3726,728
3727,382
3728,8
3729,279
3730,699
3731,8
3732,74
3733,417
3734,174
3735,462
3736,527
3737,306
3738,31
3739,712
3740,250
3741,740
3742,606
3743,246
3744,169
3745,529
3746,162
3747,314
3748,515
3749,264
3750,385
3751,627
3752,89
3753,546
3754,147
3755,30
3756,440
3757,739
3758,142
3759,425
3760,586
3761,481
3762,481
3763,615
3764,334
3765,257
3766,498
3767,504
3768,415
3769,588
3770,190
3771,177
3772,346
3773,489
3774,515
3775,773
3776,523
3777,568
3778,570
3779,397
3780,8
3781,276
3782,564
3783,580
3784,105
3785,162
3786,533
3787,159
3788,236
3789,45
3790,652
3791,372
3792,306
3793,333
3794,743
3795,570
3796,412
3797,59
3798,692
3799,325
3800,685
3801,600
3802,286
3803,770
3804,157
3805,564
3806,574
3807,631
3808,150
3809,259
3810,257
3811,118
3812,409
3813,63
3814,505
3815,325
3816,684
3817,222
3818,16
3819,135
3820,224
3821,162
3822,681
3823,555
3824,379
3825,29
3826,94
3827,622
3828,324
3829,28
3830,354
3831,780
3832,93
3833,759
3834,296
3835,508
3836,587
3837,494
3838,577
3839,577
3840,236
3841,794
3842,186
3843,648
3844,518
3845,465
3846,660
3847,772
3848,422
3849,370
3850,500
3851,346
3852,699
3853,446
3854,239
3855,155
3856,479
3857,652
3858,275
3859,396
3860,245
3861,255
3862,598
3863,296
3864,746
3865,87
3866,636
3867,41
3868,673
3869,542
3870,721
3871,735
3872,575
3873,553
3874,25
3875,219
3876,405
3877,367
3878,533
3879,651
3880,539
3881,75
3882,226
3883,120
3884,323
3885,72
3886,5
3887,82
3888,480
3889,214
3890,361
3891,606
3892,181
3893,490
3894,580
3895,410
3896,100
3897,503
3898,215
3899,316
3900,304
3901,129
3902,387
3903,775
3904,210
3905,446
3906,57
3907,30
3908,776
3909,178
3910,515
3911,140
3912,570
3913,234
3914,332
3915,690
3916,140
3917,164
3918,605
3919,465
3920,4
3921,308
3922,766
3923,662
3924,630
3925,115
3926,628
3927,303
3928,742
3929,128
3930,286
3931,437
3932,738
3933,458
3934,314
3935,303
3936,674
3937,662
3938,81
3939,755
3940,139
3941,696
3942,706
3943,707
3944,655
3945,164
3946,403
3947,346
3948,598
3949,509
3950,490
3951,733
3952,555
3953,156
3954,248
3955,483
3956,253
3957,716
3958,773
3959,337
3960,388
3961,376
3962,505
3963,526
3964,514
3965,134
3966,184
3967,244
3968,630
3969,16
3970,114
3971,58
3972,174
3973,586
3974,750
3975,340
3976,34
3977,403
3978,627
3979,203
3980,360
3981,487
3982,414
3983,702
3984,665
3985,455
3986,313
3987,105
3988,137
3989,55
3990,276
3991,185
3992,473
3993,457
3994,781
3995,778
3996,374
3997,591
3998,396
3999,428
4000,314
4001,298
4002,499
4003,702
4004,92
4005,453
4006,656
4007,184
4008,534
4009,106
4010,150
4011,556
4012,123
4013,189
4014,117
4015,262
4016,35
4017,225
4018,215
4019,293
4020,264
4021,645
4022,556
4023,374
4024,542
4025,72
4026,133
4027,730
4028,374
4029,508
4030,47
4031,575
4032,577
4033,422
4034,606
4035,456
4036,11
4037,709
4038,236
4039,178
4040,664
4041,244
4042,425
4043,643
4044,234
4045,141
4046,798
4047,59
4048,675
4049,257
4050,166
4051,149
4052,174
4053,120
4054,324
4055,14
4056,39
4057,710
4058,539
4059,311
4060,404
4061,40
4062,712
4063,677
4064,523
4065,367
4066,137
4067,609
4068,514
4069,454
4070,329
4071,486
4072,304
4073,600
4074,770
4075,205
4076,106
4077,429
4078,600
4079,781
4080,246
4081,360
4082,736
4083,526
4084,637
4085,209
4086,503
4087,333
4088,304
4089,748
4090,596
4091,310
4092,106
4093,432
4094,19
4095,791
4096,156
4097,534
4098,631
4099,278
4100,19
4101,540
4102,229
4103,738
4104,799
4105,167
4106,523
4107,442
4108,234
4109,16
4110,685
4111,245
4112,3
4113,11
4114,55
4115,433
4116,712
4117,708
4118,564
4119,417
4120,359
4121,345
4122,569
4123,633
4124,584
4125,649
4126,633
4127,215
4128,16
4129,487
4130,763
4131,518
4132,347
4133,449
4134,115
4135,258
4136,447
4137,148
4138,591
4139,381
4140,413
4141,272
4142,313
4143,281
4144,133
4145,798
4146,24
4147,49
4148,621
4149,54
4150,655
4151,341
4152,101
4153,146
4154,448
4155,364
4156,726
4157,594
4158,231
4159,80
4160,223
4161,302
4162,657
4163,633
4164,485
4165,167
4166,484
4167,107
4168,594
4169,750
4170,409
4171,628
4172,554
4173,691
4174,123
4175,214
4176,99
4177,273
4178,711
4179,732
4180,10
4181,97
4182,725
4183,506
4184,496
4185,171
4186,599
4187,425
4188,119
4189,532
4190,82
4191,531
4192,519
4193,517
4194,779
4195,288
4196,155
4197,650
4198,171
4199,509
4200,722
4201,585
4202,690
4203,133
4204,98
4205,414
4206,10
4207,157
4208,781
4209,396
4210,560
4211,428
4212,418
4213,670
4214,657
4215,375
4216,768
4217,521
4218,223
4219,33
4220,565
4221,714
4222,227
4223,514
4224,507
4225,677
4226,251
4227,215
4228,379
4229,503
4230,188
4231,96
4232,143
4233,264
4234,782
4235,350
4236,36
4237,756
4238,406
4239,486
4240,417
4241,184
4242,793
4243,484
4244,741
4245,768
4246,596
4247,603
4248,589
4249,670
4250,2
4251,566
4252,596
4253,397
4254,457
4255,162
4256,95
4257,482
4258,146
4259,726
4260,247
4261,52
4262,545
4263,136
4264,689
4265,600
4266,219
4267,794
4268,323
4269,724
4270,554
4271,735
4272,345
4273,559
4274,414
4275,654
4276,102
4277,714
4278,675
4279,581
4280,73
4281,566
4282,160
4283,19
4284,594
4285,270
4286,692
4287,178
4288,136
4289,337
4290,600
4291,422
4292,279
4293,11
4294,484
4295,171
4296,4
4297,199
4298,478
4299,406
4300,695
4301,743
4302,195
4303,274
4304,543
4305,593
4306,213
4307,715
4308,114
4309,534
4310,150
4311,161
4312,767
4313,325
4314,316
4315,467
4316,105
4317,273
4318,760
4319,621
4320,69
4321,497
4322,509
4323,704
4324,398
4325,362
4326,503
4327,252
4328,236
4329,463
4330,530
4331,707
4332,86
4333,175
4334,640
4335,796
4336,171
4337,361
4338,572
4339,670
4340,150
4341,132
4342,723
4343,799
4344,442
4345,134
4346,333
4347,521
4348,153
4349,22
4350,374
4351,691
4352,562
4353,414
4354,639
4355,83
4356,492
4357,223
4358,591
4359,173
4360,126
4361,387
4362,596
4363,365
4364,243
4365,645
4366,451
4367,206
4368,715
4369,783
4370,263
4371,364
4372,5
4373,459
4374,474
4375,489
4376,85
4377,343
4378,577
4379,791
4380,163
4381,232
4382,116
4383,316
4384,752
4385,690
4386,523
4387,691
4388,381
4389,322
4390,253
4391,508
4392,103
4393,352
4394,500
4395,349
4396,744
4397,762
4398,121
4399,301
4400,525
4401,474
4402,260
4403,91
4404,365
4405,88
4406,789
4407,94
4408,687
4409,166
4410,769
4411,748
4412,671
4413,338
4414,210
4415,335
4416,487
4417,417
4418,372
4419,586
4420,784
4421,71
4422,337
4423,644
4424,373
4425,529
4426,623
4427,493
4428,614
4429,644
4430,552
4431,256
4432,756
4433,794
4434,536
4435,607
4436,274
4437,787
4438,689
4439,284
4440,240
4441,579
4442,638
4443,580
4444,643
4445,318
4446,305
4447,483
4448,367
4449,332
4450,776
4451,672
4452,486
4453,435
4454,268
4455,220
4456,8
4457,272
4458,657
4459,256
4460,140
4461,236
4462,133
4463,714
4464,313
4465,691
4466,271
4467,136
4468,398
4469,490
4470,159
4471,271
4472,525
4473,215
4474,776
4475,54
4476,594
4477,317
4478,251
4479,778
4480,385
4481,558
4482,204
4483,599
4484,103
4485,610
4486,275
4487,756
4488,245
4489,119
4490,158
4491,480
4492,491
4493,237
4494,21
4495,64
4496,591
4497,553
4498,653
4499,384
4500,96
4501,68
4502,476
4503,746
4504,503
4505,264
4506,493
4507,778
4508,297
4509,467
4510,281
4511,704
4512,372
4513,157
4514,716
4515,479
4516,449
4517,489
4518,617
4519,293
4520,770
4521,786
4522,101
4523,551
4524,328
4525,20
4526,18
4527,531
4528,12
4529,652
4530,686
4531,746
4532,280
4533,708
4534,741
4535,610
4536,309
4537,771
4538,669
4539,657
4540,708
4541,115
4542,586
4543,198
4544,632
4545,75
4546,259
4547,395
4548,303
4549,142
4550,216
4551,228
4552,212
4553,770
4554,635
4555,561
4556,627
4557,557
4558,253
4559,61
4560,775
4561,594
4562,389
4563,721
4564,85
4565,679
4566,204
4567,312
4568,639
4569,330
4570,409
4571,559
4572,478
4573,438
4574,299
4575,34
4576,389
4577,690
4578,376
4579,111
4580,775
4581,282
4582,283
4583,347
4584,36
4585,538
4586,634
4587,465
4588,94
4589,340
4590,654
4591,403
4592,590
4593,566
4594,203
4595,115
4596,137
4597,307
4598,795
4599,584
4600,749
4601,785
4602,295
4603,767
4604,669
4605,72
4606,669
4607,9
4608,425
4609,361
4610,508
4611,581
4612,270
4613,542
4614,148
4615,460
4616,631
4617,536
4618,654
4619,244
4620,376
4621,304
4622,636
4623,198
4624,622
4625,385
4626,595
4627,258
4628,416
4629,751
4630,251
4631,575
4632,636
4633,129
4634,243
4635,49
4636,71
4637,531
4638,443
4639,529
4640,325
4641,572
4642,497
4643,62
4644,61
4645,346
4646,491
4647,640
4648,4
4649,177
4650,483
4651,263
4652,286
4653,148
4654,573
4655,260
4656,32
4657,342
4658,261
4659,610
4660,725
4661,569
4662,650
4663,187
4664,239
4665,797
4666,755
4667,509
4668,320
4669,634
4670,243
4671,389
4672,713
4673,84
4674,93
4675,20
4676,447
4677,784
4678,366
4679,52
4680,672
4681,243
4682,100
4683,233
4684,612
4685,462
4686,280
4687,266
4688,321
4689,653
4690,128
4691,373
4692,555
4693,496
4694,332
4695,211
4696,424
4697,566
4698,373
4699,653
4700,12
4701,720
4702,746
4703,366
4704,99
4705,481
4706,254
4707,45
4708,327
4709,278
4710,35
4711,795
4712,751
4713,682
4714,24
4715,770
4716,337
4717,246
4718,92
4719,436
4720,268
4721,306
4722,363
4723,300
4724,750
4725,415
4726,436
4727,260
4728,181
4729,456
4730,533
4731,648
4732,222
4733,679
4734,264
4735,599
4736,717
4737,717
4738,654
4739,156
4740,160
4741,63
4742,793
4743,732
4744,448
4745,206
4746,271
4747,356
4748,256
4749,232
4750,540
4751,225
4752,672
4753,109
4754,771
4755,706
4756,578
4757,529
4758,422
4759,106
4760,409
4761,21
4762,219
4763,580
4764,618
4765,570
4766,519
4767,574
4768,166
4769,663
4770,583
4771,115
4772,335
4773,256
4774,199
4775,126
4776,755
4777,89
4778,308
4779,497
4780,390
4781,12
4782,635
4783,398
4784,494
4785,335
4786,604
4787,478
4788,592
4789,334
4790,205
4791,413
4792,712
4793,51
4794,417
4795,517
4796,578
4797,645
4798,627
4799,112
4800,57
4801,58
4802,53
4803,538
4804,539
4805,125
4806,306
4807,477
4808,736
4809,162
4810,3
4811,687
4812,4
4813,154
4814,341
4815,527
4816,400
4817,172
4818,160
4819,284
4820,100
4821,194
4822,81
4823,476
4824,389
4825,670
4826,770
4827,767
4828,507
4829,769
4830,73
4831,553
4832,445
4833,54
4834,302
4835,200
4836,118
4837,169
4838,86
4839,357
4840,621
4841,614
4842,785
4843,764
4844,223
4845,527
4846,58
4847,665
4848,100
4849,573
4850,192
4851,387
4852,432
4853,708
4854,57
4855,152
4856,426
4857,431
4858,430
4859,738
4860,156
4861,48
4862,292
4863,539
4864,78
4865,161
4866,498
4867,750
4868,249
4869,385
4870,62
4871,244
4872,300
4873,788
4874,593
4875,272
4876,447
4877,427
4878,301
4879,41
4880,690
4881,97
4882,709
4883,249
4884,402
4885,690
4886,182
4887,398
4888,85
4889,417
4890,710
4891,403
4892,330
4893,647
4894,47
4895,2
4896,37
4897,203
4898,241
4899,418
4900,702
4901,344
4902,739
4903,357
4904,408
4905,578
4906,232
4907,423
4908,572
4909,496
4910,776
4911,738
4912,794
4913,563
4914,779
4915,747
4916,778
4917,134
4918,268
4919,4
4920,100
4921,533
4922,746
4923,351
4924,16
4925,614
4926,608
4927,349
4928,375
4929,55
4930,669
4931,729
4932,10
4933,259
4934,425
4935,291
4936,422
4937,430
4938,327
4939,655
4940,201
4941,45
4942,462
4943,380
4944,104
4945,95
4946,136
4947,179
4948,149
4949,193
4950,631
4951,530
4952,464
4953,12
4954,540
4955,457
4956,88
4957,505
4958,730
4959,45
4960,160
4961,401
4962,161
4963,609
4964,633
4965,665
4966,469
4967,454
4968,149
4969,735
4970,75
4971,191
4972,462
4973,176
4974,286
4975,220
4976,725
4977,769
4978,180
4979,76
4980,588
4981,150
4982,610
4983,240
4984,21
4985,506
4986,223
4987,334
4988,34
4989,602
4990,635
4991,800
4992,115
4993,472
4994,641
4995,296
4996,725
4997,684
4998,285
4999,501
5000,622
5001,630
5002,201
5003,601
5004,427
5005,709
5006,408
5007,622
5008,711
5009,463
5010,386
5011,14
5012,722
5013,187
5014,498
5015,239
5016,262
5017,584
5018,305
5019,1
5020,462
5021,739
5022,588
5023,354
5024,664
5025,3
5026,484
5027,654
5028,501
5029,504
5030,580
5031,368
5032,383
5033,193
5034,513
5035,564
5036,125
5037,499
5038,92
5039,748
5040,611
5041,101
5042,502
5043,620
5044,195
5045,363
5046,477
5047,404
5048,509
5049,34
5050,526
5051,734
5052,227
5053,325
5054,476
5055,661
5056,166
5057,572
5058,414
5059,277
5060,3
5061,47
5062,388
5063,711
5064,784
5065,444
5066,51
5067,423
5068,560
5069,363
5070,194
5071,40
5072,609
5073,705
5074,557
5075,385
5076,339
5077,582
5078,537
5079,324
5080,512
5081,357
5082,518
5083,535
5084,137
5085,165
5086,389
5087,274
5088,563
5089,754
5090,16
5091,5
5092,266
5093,243
5094,692
5095,334
5096,273
5097,340
5098,647
5099,551
5100,728
5101,600
5102,232
5103,710
5104,263
5105,640
5106,265
5107,672
5108,233
5109,770
5110,614
5111,433
5112,41
5113,665
5114,649
5115,186
5116,479
5117,482
5118,596
5119,534
5120,417
5121,267
5122,33
5123,430
5124,686
5125,505
5126,259
5127,233
5128,85
5129,375
5130,273
5131,706
5132,432
5133,314
5134,472
5135,22
5136,52
5137,261
5138,225
5139,531
5140,180
5141,443
5142,113
5143,145
5144,270
5145,181
5146,686
5147,712
5148,327
5149,743
5150,126
5151,750
5152,156
5153,317
5154,73
5155,408
5156,583
5157,398
5158,466
5159,624
5160,536
5161,772
5162,202
5163,394
5164,99
5165,138
5166,201
5167,377
5168,711
5169,363
5170,132
5171,503
5172,562
5173,84
5174,38
5175,187
5176,578
5177,134
5178,243
5179,242
5180,265
5181,477
5182,348
5183,787
5184,311
5185,148
5186,514
5187,570
5188,171
5189,715
5190,729
5191,583
5192,713
5193,690
5194,353
5195,231
5196,798
5197,355
5198,211
5199,400
5200,376
5201,28
5202,371
5203,234
5204,116
5205,314
5206,525
5207,341
5208,335
5209,257
5210,237
5211,666
5212,499
5213,302
5214,745
5215,650
5216,757
5217,190
5218,604
5219,628
5220,124
5221,746
5222,533
5223,277
5224,766
5225,14
5226,453
5227,297
5228,452
5229,23
5230,675
5231,623
5232,725
5233,271
5234,630
5235,283
5236,793
5237,462
5238,165
5239,570
5240,92
5241,287
5242,541
5243,96
5244,775
5245,746
5246,499
5247,270
5248,159
5249,606
5250,770
5251,92
5252,539
5253,556
5254,58
5255,202
5256,397
5257,554
5258,587
5259,302
5260,659
5261,295
5262,28
5263,573
5264,519
5265,688
5266,299
5267,135
5268,29
5269,543
5270,336
5271,761
5272,578
5273,59
5274,239
5275,730
5276,498
5277,469
5278,267
5279,289
5280,412
5281,40
5282,318
5283,773
5284,107
5285,251
5286,213
5287,618
5288,757
5289,247
5290,351
5291,745
5292,108
5293,743
5294,442
5295,53
5296,545
5297,307
5298,677
5299,407
5300,10
5301,226
5302,133
5303,657
5304,286
5305,608
5306,479
5307,107
5308,643
5309,285
5310,158
5311,646
5312,77
5313,163
5314,138
5315,699
5316,276
5317,256
5318,459
5319,383
5320,132
5321,347
5322,609
5323,272
5324,192
5325,681
5326,708
5327,632
5328,753
5329,231
5330,172
5331,463
5332,339
5333,408
5334,294
5335,789
5336,466
5337,661
5338,329
5339,169
5340,275
5341,187
5342,315
5343,160
5344,31
5345,23
5346,8
5347,221
5348,20
5349,185
5350,44
5351,789
5352,235
5353,32
5354,645
5355,436
5356,427
5357,686
5358,517
5359,127
5360,2
5361,89
5362,108
5363,221
5364,501
5365,189
5366,130
5367,418
5368,720
5369,541
5370,28
5371,523
5372,466
5373,568
5374,94
5375,315
5376,501
5377,191
5378,98
5379,325
5380,401
5381,315
5382,227
5383,797
5384,700
5385,793
5386,316
5387,262
5388,467
5389,322
5390,134
5391,87
5392,2
5393,282
5394,327
5395,562
5396,131
5397,441
5398,255
5399,464
5400,388
5401,660
5402,441
5403,700
5404,409
5405,445
5406,639
5407,449
5408,711
5409,709
5410,275
5411,343
5412,544
5413,56
5414,308
5415,471
5416,173
5417,638
5418,9
5419,601
5420,724
5421,65
5422,278
5423,683
5424,648
5425,430
5426,596
5427,745
5428,278
5429,383
5430,715
5431,244
5432,142
5433,219
5434,313
5435,212
5436,135
5437,680
5438,467
5439,336
5440,318
5441,40
5442,405
5443,661
5444,191
5445,630
5446,258
5447,615
5448,800
5449,485
5450,791
5451,693
5452,780
5453,219
5454,605
5455,588
5456,371
5457,423
5458,606
5459,12
5460,76
5461,753
5462,115
5463,9
5464,577
5465,105
5466,124
5467,417
5468,232
5469,204
5470,40
5471,571
5472,259
5473,611
5474,57
5475,30
5476,80
5477,735
5478,350
5479,207
5480,124
5481,363
5482,768
5483,530
5484,405
5485,45
5486,782
5487,266
5488,674
5489,64
5490,180
5491,201
5492,4
5493,780
5494,548
5495,473
5496,204
5497,387
5498,540
5499,179
5500,156
5501,438
5502,151
5503,757
5504,588
5505,163
5506,8
5507,278
5508,102
5509,423
5510,182
5511,436
5512,770
5513,607
5514,432
5515,209
5516,773
5517,282
5518,169
5519,655
5520,473
5521,521
5522,476
5523,556
5524,559
5525,158
5526,727
5527,155
5528,38
5529,417
5530,271
5531,521
5532,754
5533,317
5534,495
5535,287
5536,120
5537,103
5538,748
5539,17
5540,74
5541,374
5542,311
5543,133
5544,343
5545,60
5546,221
5547,299
5548,280
5549,268
5550,96
5551,451
5552,241
5553,371
5554,590
5555,735
5556,318
5557,418
5558,511
5559,110
5560,394
5561,725
5562,522
5563,696
5564,576
5565,313
5566,57
5567,134
5568,271
5569,442
5570,381
5571,555
5572,699
5573,563
5574,81
5575,211
5576,713
5577,64
5578,671
5579,798
5580,160
5581,63
5582,742
5583,797
5584,749
5585,652
5586,761
5587,25
5588,605
5589,100
5590,33
5591,67
5592,272
5593,318
5594,47
5595,38
5596,391
5597,257
5598,83
5599,31
5600,300
5601,552
5602,729
5603,6
5604,740
5605,739
5606,448
5607,297
5608,712
5609,665
5610,368
5611,293
5612,699
5613,374
5614,617
5615,566
5616,403
5617,505
5618,173
5619,744
5620,758
5621,528
5622,633
5623,360
5624,157
5625,577
5626,3
5627,28
5628,708
5629,561
5630,63
5631,661
5632,750
5633,108
5634,41
5635,402
5636,779
5637,291
5638,615
5639,368
5640,221
5641,203
5642,505
5643,121
5644,54
5645,276
5646,237
5647,645
5648,794
5649,226
5650,561
5651,662
5652,798
5653,578
5654,383
5655,67
5656,201
5657,554
5658,206
5659,149
5660,287
5661,443
5662,309
5663,438
5664,691
5665,239
5666,289
5667,597
5668,788
5669,729
5670,458
5671,186
5672,464
5673,717
5674,33
5675,731
5676,469
5677,733
5678,403
5679,422
5680,431
5681,513
5682,413
5683,800
5684,289
5685,457
5686,218
5687,145
5688,222
5689,473
5690,382
5691,352
5692,458
5693,346
5694,734
5695,494
5696,759
5697,73
5698,280
5699,584
5700,294
5701,348
5702,753
5703,535
5704,500
5705,738
5706,617
5707,639
5708,290
5709,324
5710,684
5711,69
5712,687
5713,311
5714,577
5715,648
5716,613
5717,70
5718,664
5719,361
5720,692
5721,621
5722,23
5723,512
5724,39
5725,564
5726,629
5727,264
5728,798
5729,687
5730,152
5731,404
5732,345
5733,305
5734,407
5735,652
5736,311
5737,289
5738,589
5739,394
5740,582
5741,763
5742,492
5743,632
5744,739
5745,464
5746,463
5747,774
5748,227
5749,794
5750,368
5751,433
5752,728
5753,454
5754,40
5755,90
5756,47
5757,63
5758,248
5759,473
5760,103
5761,451
5762,484
5763,52
5764,79
5765,494
5766,289
5767,668
5768,98
5769,479
5770,302
5771,332
5772,749
5773,623
5774,362
5775,308
5776,709
5777,359
5778,43
5779,29
5780,538
5781,256
5782,425
5783,562
5784,284
5785,288
5786,616
5787,390
5788,622
5789,303
5790,177
5791,716
5792,261
5793,180
5794,798
5795,389
5796,686
5797,414
5798,53
5799,237
5800,567
5801,106
5802,485
5803,144
5804,743
5805,459
5806,231
5807,539
5808,208
5809,375
5810,463
5811,164
5812,763
5813,95
5814,109
5815,565
5816,145
5817,1
5818,64
5819,626
5820,537
5821,463
5822,123
5823,450
5824,190
5825,481
5826,663
5827,257
5828,778
5829,242
5830,774
5831,575
5832,226
5833,451
5834,794
5835,228
5836,287
5837,129
5838,318
5839,292
5840,274
5841,532
5842,41
5843,235
5844,200
5845,347
5846,799
5847,16
5848,513
5849,325
5850,274
5851,574
5852,118
5853,61
5854,287
5855,174
5856,183
5857,97
5858,197
5859,182
5860,752
5861,510
5862,571
5863,295
5864,72
5865,677
5866,170
5867,55
5868,688
5869,317
5870,599
5871,144
5872,714
5873,134
5874,72
5875,18
5876,689
5877,407
5878,513
5879,176
5880,602
5881,353
5882,372
5883,238
5884,357
5885,181
5886,543
5887,415
5888,548
5889,58
5890,772
5891,687
5892,162
5893,374
5894,38
5895,241
5896,485
5897,625
5898,588
5899,727
5900,455
5901,259
5902,493
5903,170
5904,48
5905,23
5906,433
5907,412
5908,485
5909,209
5910,631
5911,529
5912,32
5913,26
5914,175
5915,507
5916,634
5917,88
5918,619
5919,116
5920,452
5921,28
5922,322
5923,5
5924,80
5925,87
5926,676
5927,523
5928,719
5929,614
5930,616
5931,536
5932,716
5933,460
5934,333
5935,425
5936,449
5937,224
5938,187
5939,58
5940,321
5941,794
5942,27
5943,320
5944,413
5945,439
5946,639
5947,18
5948,627
5949,459
5950,477
5951,17
5952,157
5953,452
5954,40
5955,785
5956,65
5957,472
5958,316
5959,153
5960,191
5961,638
5962,367
5963,327
5964,430
5965,21
5966,651
5967,32
5968,82
5969,188
5970,785
5971,141
5972,73
5973,285
5974,600
5975,287
5976,744
5977,334
5978,519
5979,212
5980,33
5981,400
5982,87
5983,644
5984,268
5985,105
5986,85
5987,202
5988,127
5989,196
5990,753
5991,79
5992,778
5993,562
5994,249
5995,255
5996,609
5997,560
5998,53
5999,465
6000,48
6001,49
6002,672
6003,607
6004,428
6005,460
6006,197
6007,599
6008,199
6009,799
6010,420
6011,199
6012,83
6013,271
6014,210
6015,492
6016,370
6017,237
6018,289
6019,273
6020,497
6021,439
6022,372
6023,23
6024,500
6025,522
6026,725
6027,747
6028,732
6029,735
6030,500
6031,236
6032,327
6033,464
6034,489
6035,568
6036,752
6037,724
6038,148
6039,587
6040,322
6041,567
6042,649
6043,615
6044,457
6045,709
6046,178
6047,10
6048,270
6049,125
6050,256
6051,759
6052,791
6053,174
6054,578
6055,312
6056,220
6057,720
6058,665
6059,463
6060,160
6061,566
6062,786
6063,179
6064,715
6065,262
6066,480
6067,514
6068,354
6069,279
6070,190
6071,285
6072,215
6073,310
6074,75
6075,482
6076,402
6077,249
6078,667
6079,187
6080,639
6081,15
6082,467
6083,282
6084,178
6085,429
6086,424
6087,716
6088,131
6089,626
6090,696
6091,53
6092,556
6093,360
6094,617
6095,134
6096,369
6097,696
6098,491
6099,725
6100,752
6101,502
6102,1
6103,558
6104,733
6105,742
6106,776
6107,670
6108,50
6109,348
6110,283
6111,537
6112,655
6113,275
6114,387
6115,31
6116,145
6117,769
6118,243
6119,284
6120,447
6121,769
6122,362
6123,522
6124,498
6125,629
6126,92
6127,636
6128,745
6129,286
6130,180
6131,678
6132,142
6133,313
6134,124
6135,244
6136,74
6137,111
6138,98
6139,355
6140,329
6141,207
6142,335
6143,484
6144,641
6145,740
6146,765
6147,474
6148,261
6149,765
6150,671
6151,575
6152,695
6153,742
6154,274
6155,185
6156,696
6157,618
6158,177
6159,794
6160,746
6161,266
6162,216
6163,258
6164,63
6165,551
6166,698
6167,685
6168,768
6169,701
6170,506
6171,83
6172,686
6173,593
6174,217
6175,148
6176,108
6177,258
6178,542
6179,668
6180,550
6181,65
6182,283
6183,298
6184,8
6185,595
6186,464
6187,630
6188,610
6189,225
6190,188
6191,383
6192,53
6193,638
6194,483
6195,371
6196,262
6197,544
6198,387
6199,64
6200,72
6201,327
6202,438
6203,226
6204,198
6205,664
6206,189
6207,529
6208,800
6209,442
6210,349
6211,168
6212,53
6213,271
6214,615
6215,543
6216,16
6217,33
6218,541
6219,78
6220,66
6221,522
6222,271
6223,525
6224,277
6225,412
6226,89
6227,551
6228,165
6229,483
6230,311
6231,740
6232,560
6233,35
6234,561
6235,442
6236,492
6237,591
6238,350
6239,692
6240,327
6241,14
6242,617
6243,338
6244,392
6245,606
6246,199
6247,620
6248,734
6249,215
6250,43
6251,542
6252,270
6253,481
6254,75
6255,575
6256,695
6257,460
6258,764
6259,769
6260,536
6261,794
6262,169
6263,780
6264,115
6265,797
6266,623
6267,141
6268,60
6269,376
6270,622
6271,752
6272,416
6273,556
6274,678
6275,263
6276,744
6277,192
6278,789
6279,490
6280,658
6281,151
6282,592
6283,789
6284,228
6285,295
6286,38
6287,6
6288,589
6289,158
6290,66
6291,249
6292,550
6293,111
6294,174
6295,99
6296,518
6297,410
6298,508
6299,736
6300,775
6301,482
6302,126
6303,262
6304,144
6305,452
6306,470
6307,55
6308,199
6309,519
6310,187
6311,205
6312,255
6313,501
6314,247
6315,699
6316,560
6317,100
6318,461
6319,495
6320,195
6321,638
6322,788
6323,470
6324,658
6325,650
6326,780
6327,394
6328,242
6329,194
6330,690
6331,112
6332,208
6333,251
6334,762
6335,795
6336,587
6337,243
6338,37
6339,366
6340,332
6341,122
6342,479
6343,339
6344,51
6345,369
6346,58
6347,225
6348,317
6349,500
6350,788
6351,207
6352,236
6353,235
6354,555
6355,385
6356,51
6357,179
6358,208
6359,475
6360,242
6361,690
6362,484
6363,81
6364,145
6365,528
6366,589
6367,729
6368,55
6369,168
6370,40
6371,499
6372,767
6373,646
6374,457
6375,225
6376,529
6377,706
6378,422
6379,153
6380,398
6381,87
6382,687
6383,281
6384,71
6385,531
6386,36
6387,624
6388,727
6389,194
6390,180
6391,605
6392,349
6393,757
6394,505
6395,444
6396,101
6397,83
6398,202
6399,635
6400,737
6401,317
6402,55
6403,715
6404,545
6405,327
6406,251
6407,389
6408,613
6409,703
6410,34
6411,662
6412,765
6413,365
6414,524
6415,315
6416,29
6417,609
6418,142
6419,708
6420,560
6421,686
6422,644
6423,635
6424,656
6425,66
6426,518
6427,450
6428,640
6429,235
6430,513
6431,60
6432,340
6433,176
6434,278
6435,746
6436,488
6437,460
6438,561
6439,387
6440,367
6441,790
6442,643
6443,87
6444,262
6445,472
6446,450
6447,452
6448,758
6449,293
6450,231
6451,456
6452,163
6453,722
6454,303
6455,735
6456,717
6457,207
6458,692
6459,456
6460,488
6461,72
6462,726
6463,112
6464,735
6465,772
6466,233
6467,103
6468,169
6469,73
6470,478
6471,40
6472,678
6473,235
6474,2
6475,275
6476,628
6477,104
6478,470
6479,462
6480,359
6481,404
6482,514
6483,800
6484,359
6485,9
6486,547
6487,733
6488,530
6489,377
6490,657
6491,591
6492,253
6493,678
6494,520
6495,647
6496,794
6497,626
6498,68
6499,190
6500,674
6501,398
6502,320
6503,67
6504,756
6505,542
6506,229
6507,147
6508,315
6509,236
6510,731
6511,631
6512,533
6513,799
6514,658
6515,791
6516,641
6517,673
6518,780
6519,448
6520,135
6521,482
6522,355
6523,409
6524,737
6525,750
6526,28
6527,52
6528,630
6529,699
6530,468
6531,208
6532,372
6533,746
6534,658
6535,521
6536,618
6537,244
6538,355
6539,659
6540,507
6541,45
6542,395
6543,444
6544,121
6545,228
6546,189
6547,410
6548,245
6549,429
6550,346
6551,228
6552,202
6553,436
6554,294
6555,356
6556,656
6557,427
6558,12
6559,30
6560,444
6561,738
6562,353
6563,470
6564,480
6565,179
6566,746
6567,226
6568,586
6569,307
6570,279
6571,361
6572,131
6573,436
6574,720
6575,672
6576,43
6577,373
6578,697
6579,378
6580,209
6581,353
6582,664
6583,80
6584,425
6585,454
6586,403
6587,228
6588,154
6589,508
6590,644
6591,190
6592,364
6593,623
6594,382
6595,311
6596,429
6597,182
6598,347
6599,411
6600,172
6601,124
6602,124
6603,759
6604,677
6605,557
6606,339
6607,53
6608,442
6609,499
6610,238
6611,570
6612,49
6613,57
6614,353
6615,613
6616,510
6617,755
6618,688
6619,228
6620,523
6621,274
6622,488
6623,24
6624,483
6625,318
6626,260
6627,194
6628,631
6629,335
6630,168
6631,543
6632,374
6633,113
6634,590
6635,670
6636,16
6637,131
6638,338
6639,182
6640,426
6641,306
6642,740
6643,220
6644,217
6645,258
6646,160
6647,164
6648,568
6649,657
6650,479
6651,631
6652,113
6653,316
6654,473
6655,299
6656,307
6657,17
6658,239
6659,25
6660,646
6661,588
6662,80
6663,765
6664,566
6665,514
6666,304
6667,390
6668,12
6669,370
6670,736
6671,194
6672,405
6673,568
6674,406
6675,731
6676,769
6677,757
6678,93
6679,140
6680,109
6681,273
6682,293
6683,41
6684,57
6685,752
6686,77
6687,640
6688,789
6689,490
6690,426
6691,62
6692,747
6693,532
6694,757
6695,533
6696,390
6697,390
6698,582
6699,446
6700,740
6701,305
6702,363
6703,449
6704,639
6705,789
6706,720
6707,690
6708,238
6709,203
6710,744
6711,151
6712,429
6713,12
6714,680
6715,251
6716,580
6717,454
6718,103
6719,514
6720,176
6721,433
6722,280
6723,423
6724,486
6725,472
6726,696
6727,643
6728,244
6729,20
6730,775
6731,564
6732,505
6733,504
6734,140
6735,18
6736,772
6737,244
6738,46
6739,675
6740,290
6741,73
6742,24
6743,544
6744,4
6745,276
6746,481
6747,106
6748,718
6749,466
6750,59
6751,415
6752,449
6753,415
6754,722
6755,796
6756,665
6757,298
6758,651
6759,677
6760,379
6761,301
6762,228
6763,423
6764,55
6765,594
6766,157
6767,767
6768,380
6769,33
6770,237
6771,266
6772,199
6773,41
6774,489
6775,339
6776,480
6777,555
6778,83
6779,762
6780,636
6781,433
6782,536
6783,53
6784,364
6785,626
6786,38
6787,354
6788,696
6789,161
6790,262
6791,630
6792,187
6793,742
6794,430
6795,617
6796,600
6797,190
6798,151
6799,443
6800,509
6801,522
6802,635
6803,52
6804,309
6805,753
6806,68
6807,165
6808,67
6809,326
6810,69
6811,742
6812,141
6813,16
6814,189
6815,735
6816,692
6817,423
6818,379
6819,260
6820,170
6821,544
6822,481
6823,347
6824,91
6825,64
6826,173
6827,618
6828,425
6829,9
6830,189
6831,359
6832,617
6833,596
6834,279
6835,648
6836,101
6837,396
6838,594
6839,596
6840,728
6841,153
6842,75
6843,3
6844,602
6845,522
6846,112
6847,749
6848,62
6849,479
6850,70
6851,778
6852,626
6853,133
6854,603
6855,761
6856,441
6857,197
6858,501
6859,131
6860,510
6861,800
6862,741
6863,478
6864,515
6865,303
6866,306
6867,297
6868,462
6869,274
6870,531
6871,681
6872,369
6873,583
6874,241
6875,191
6876,666
6877,322
6878,423
6879,557
6880,603
6881,330
6882,510
6883,187
6884,313
6885,293
6886,294
6887,525
6888,601
6889,78
6890,265
6891,659
6892,747
6893,62
6894,562
6895,302
6896,109
6897,505
6898,154
6899,688
6900,546
6901,180
6902,704
6903,686
6904,436
6905,442
6906,470
6907,305
6908,169
6909,73
6910,236
6911,169
6912,184
6913,125
6914,479
6915,285
6916,361
6917,137
6918,220
6919,50
6920,643
6921,48
6922,680
6923,60
6924,350
6925,170
6926,372
6927,751
6928,143
6929,324
6930,368
6931,159
6932,448
6933,368
6934,630
6935,225
6936,100
6937,133
6938,676
6939,553
6940,261
6941,146
6942,246
6943,739
6944,57
6945,171
6946,240
6947,104
6948,742
6949,603
6950,479
6951,137
6952,37
6953,49
6954,474
6955,108
6956,79
6957,693
6958,334
6959,654
6960,735
6961,388
6962,4
6963,713
6964,62
6965,525
6966,640
6967,594
6968,253
6969,338
6970,440
6971,15
6972,516
6973,643
6974,702
6975,742
6976,695
6977,679
6978,242
6979,220
6980,441
6981,721
6982,22
6983,13
6984,543
6985,423
6986,47
6987,655
6988,653
6989,522
6990,132
6991,631
6992,126
6993,680
6994,633
6995,23
6996,554
6997,545
6998,217
6999,112
7000,497
