9000
1,83
2,626
3,765
4,190
5,163
6,125
7,797
8,760
9,111
10,165
11,457
12,693
13,303
14,229
15,389
16,772
17,337
18,795
19,772
20,15
21,677
22,197
23,640
24,357
25,671
26,284
27,283
28,549
29,20
30,64
31,344
32,584
33,534
34,676
35,422
36,793
37,140
38,260
39,401
40,417
41,293
42,501
43,341
44,737
45,114
46,97
47,261
48,17
49,43
50,659
51,403
52,359
53,590
54,684
55,277
56,650
57,296
58,137
59,738
60,75
61,56
62,158
63,102
64,142
65,541
66,374
67,664
68,188
69,333
70,519
71,246
72,616
73,639
74,450
75,190
76,559
77,365
78,775
79,486
80,669
81,629
82,696
83,229
84,358
85,778
86,67
87,273
88,307
89,299
90,515
91,721
92,329
93,258
94,284
95,32
96,797
97,88
98,406
99,94
100,607
101,221
102,237
103,83
104,164
105,300
106,776
107,467
108,136
109,52
110,109
111,488
112,481
113,571
114,732
115,23
116,719
117,556
118,649
119,547
120,93
121,179
122,259
123,557
124,541
125,704
126,209
127,56
128,109
129,742
130,542
131,23
132,621
133,137
134,119
135,645
136,310
137,290
138,660
139,90
140,610
141,85
142,283
143,103
144,605
145,652
146,211
147,523
148,595
149,378
150,695
151,22
152,391
153,752
154,85
155,407
156,142
157,5
158,753
159,60
160,336
161,554
162,150
163,31
164,412
165,92
166,474
167,341
168,145
169,638
170,66
171,644
172,205
173,368
174,700
175,122
176,442
177,165
178,1
179,295
180,167
181,371
182,370
183,217
184,300
185,201
186,642
187,186
188,786
189,78
190,373
191,126
192,580
193,362
194,502
195,139
196,48
197,409
198,455
199,149
200,199
201,146
202,699
203,401
204,759
205,278
206,667
207,631
208,683
209,521
210,408
211,3
212,207
213,660
214,669
215,238
216,128
217,734
218,779
219,477
220,571
221,730
222,751
223,180
224,336
225,699
226,90
227,768
228,352
229,146
230,687
231,702
232,638
233,340
234,761
235,535
236,38
237,143
238,685
239,356
240,164
241,251
242,186
243,471
244,257
245,297
246,158
247,770
248,98
249,235
250,796
251,449
252,462
253,33
254,577
255,629
256,42
257,494
258,531
259,513
260,779
261,534
262,508
263,382
264,459
265,26
266,318
267,339
268,261
269,525
270,729
271,196
272,111
273,608
274,543
275,155
276,200
277,393
278,707
279,267
280,36
281,119
282,312
283,772
284,516
285,504
286,732
287,5
288,222
289,777
290,680
291,507
292,683
293,594
294,203
295,15
296,96
297,441
298,455
299,640
300,28
301,93
302,337
303,576
304,584
305,173
306,557
307,4
308,434
309,243
310,623
311,145
312,77
313,586
314,320
315,335
316,301
317,285
318,81
319,6
320,38
321,581
322,538
323,182
324,795
325,178
326,236
327,557
328,208
329,211
330,241
331,216
332,33
333,106
334,492
335,576
336,332
337,59
338,783
339,530
340,641
341,58
342,788
343,574
344,757
345,73
346,651
347,362
348,323
349,523
350,248
351,336
352,34
353,248
354,566
355,445
356,94
357,788
358,691
359,186
360,682
361,101
362,282
363,416
364,196
365,290
366,109
367,485
368,34
369,514
370,661
371,672
372,361
373,691
374,593
375,467
376,113
377,513
378,30
379,726
380,444
381,143
382,209
383,147
384,287
385,135
386,390
387,637
388,77
389,212
390,100
391,398
392,632
393,771
394,88
395,369
396,180
397,519
398,719
399,531
400,150
401,126
402,133
403,65
404,569
405,370
406,473
407,73
408,582
409,781
410,342
411,469
412,109
413,435
414,673
415,482
416,352
417,311
418,115
419,501
420,436
421,148
422,84
423,295
424,189
425,729
426,431
427,407
428,115
429,291
430,157
431,630
432,567
433,25
434,645
435,704
436,642
437,423
438,643
439,568
440,95
441,757
442,684
443,118
444,364
445,226
446,670
447,516
448,211
449,467
450,233
451,751
452,527
453,436
454,585
455,674
456,110
457,86
458,304
459,80
460,721
461,8
462,43
463,324
464,449
465,288
466,763
467,12
468,333
469,7
470,31
471,646
472,178
473,772
474,434
475,197
476,483
477,65
478,733
479,393
480,621
481,19
482,136
483,635
484,245
485,685
486,104
487,325
488,765
489,508
490,480
491,369
492,430
493,58
494,670
495,524
496,683
497,544
498,781
499,105
500,347
501,642
502,218
503,513
504,649
505,466
506,104
507,750
508,389
509,195
510,685
511,275
512,461
513,9
514,23
515,504
516,295
517,504
518,131
519,515
520,541
521,574
522,77
523,506
524,712
525,87
526,88
527,651
528,126
529,776
530,329
531,459
532,708
533,532
534,765
535,473
536,112
537,242
538,5
539,252
540,76
541,339
542,24
543,378
544,678
545,413
546,610
547,578
548,267
549,729
550,187
551,86
552,38
553,124
554,513
555,589
556,392
557,87
558,589
559,775
560,53
561,727
562,189
563,379
564,138
565,301
566,358
567,526
568,660
569,518
570,703
571,327
572,33
573,473
574,110
575,413
576,438
577,40
578,643
579,710
580,106
581,51
582,253
583,342
584,65
585,16
586,70
587,399
588,577
589,65
590,194
591,762
592,7
593,301
594,299
595,59
596,424
597,118
598,535
599,155
600,772
601,383
602,485
603,267
604,264
605,209
606,145
607,32
608,672
609,641
610,207
611,355
612,184
613,650
614,208
615,542
616,642
617,483
618,651
619,16
620,175
621,731
622,336
623,408
624,245
625,169
626,368
627,257
628,595
629,226
630,25
631,716
632,405
633,448
634,212
635,544
636,315
637,773
638,563
639,265
640,622
641,9
642,236
643,337
644,779
645,416
646,267
647,791
648,193
649,481
650,342
651,635
652,423
653,371
654,147
655,587
656,382
657,174
658,681
659,553
660,90
661,74
662,484
663,37
664,698
665,304
666,385
667,131
668,291
669,780
670,214
671,364
672,194
673,486
674,621
675,12
676,138
677,585
678,8
679,332
680,544
681,446
682,572
683,785
684,4
685,728
686,539
687,590
688,647
689,332
690,715
691,221
692,537
693,41
694,426
695,799
696,668
697,172
698,1
699,414
700,486
701,220
702,148
703,442
704,97
705,64
706,125
707,236
708,759
709,765
710,17
711,36
712,126
713,449
714,674
715,739
716,773
717,280
718,496
719,463
720,122
721,437
722,344
723,94
724,519
725,171
726,563
727,736
728,506
729,359
730,416
731,511
732,397
733,631
734,402
735,318
736,599
737,491
738,487
739,136
740,657
741,565
742,516
743,297
744,165
745,146
746,642
747,738
748,80
749,520
750,754
751,355
752,794
753,667
754,452
755,628
756,152
757,694
758,537
759,623
760,274
761,111
762,605
763,790
764,355
765,681
766,181
767,153
768,470
769,374
770,340
771,467
772,39
773,623
774,200
775,718
776,685
777,537
778,95
779,204
780,90
781,436
782,487
783,55
784,605
785,784
786,544
787,173
788,253
789,364
790,657
791,467
792,407
793,668
794,620
795,179
796,141
797,744
798,650
799,499
800,133
801,482
802,511
803,786
804,178
805,637
806,75
807,8
808,705
809,316
810,635
811,356
812,508
813,785
814,593
815,334
816,294
817,342
818,554
819,636
820,118
821,580
822,632
823,698
824,7
825,517
826,452
827,92
828,214
829,484
830,713
831,132
832,207
833,453
834,742
835,17
836,83
837,792
838,288
839,67
840,234
841,426
842,406
843,626
844,299
845,579
846,780
847,486
848,48
849,687
850,453
851,547
852,290
853,120
854,108
855,362
856,141
857,447
858,691
859,534
860,728
861,628
862,200
863,500
864,257
865,495
866,591
867,415
868,575
869,189
870,367
871,685
872,72
873,14
874,58
875,77
876,415
877,157
878,48
879,71
880,349
881,763
882,67
883,327
884,732
885,468
886,204
887,314
888,139
889,1
890,185
891,430
892,761
893,148
894,56
895,761
896,146
897,91
898,549
899,535
900,555
901,277
902,454
903,26
904,206
905,583
906,104
907,619
908,313
909,469
910,578
911,56
912,623
913,319
914,678
915,557
916,4
917,142
918,443
919,203
920,494
921,531
922,301
923,530
924,132
925,41
926,318
927,225
928,773
929,101
930,145
931,395
932,681
933,478
934,341
935,126
936,5
937,748
938,80
939,24
940,281
941,152
942,615
943,156
944,483
945,105
946,440
947,437
948,230
949,425
950,692
951,471
952,355
953,451
954,587
955,133
956,627
957,105
958,708
959,196
960,230
961,269
962,260
963,448
964,40
965,416
966,301
967,580
968,225
969,788
970,308
971,346
972,759
973,11
974,354
975,374
976,385
977,684
978,389
979,460
980,275
981,92
982,94
983,539
984,29
985,295
986,228
987,398
988,221
989,720
990,616
991,414
992,545
993,127
994,35
995,743
996,216
997,751
998,531
999,434
1000,397
1001,201
1002,654
1003,533
1004,262
1005,495
1006,22
1007,345
1008,67
1009,631
1010,248
1011,474
1012,316
1013,742
1014,205
1015,403
1016,475
1017,765
1018,509
1019,667
1020,300
1021,25
1022,81
1023,494
1024,230
1025,95
1026,382
1027,293
1028,771
1029,200
1030,781
1031,278
1032,435
1033,259
1034,287
1035,445
1036,702
1037,180
1038,570
1039,476
1040,402
1041,537
1042,44
1043,350
1044,213
1045,321
1046,328
1047,19
1048,607
1049,188
1050,275
1051,575
1052,284
1053,101
1054,183
1055,769
1056,630
1057,388
1058,493
1059,643
1060,509
1061,773
1062,190
1063,535
1064,24
1065,357
1066,42
1067,271
1068,114
1069,43
1070,550
1071,87
1072,643
1073,19
1074,313
1075,48
1076,485
1077,457
1078,248
1079,501
1080,383
1081,169
1082,391
1083,769
1084,450
1085,545
1086,420
1087,134
1088,469
1089,120
1090,151
1091,36
1092,555
1093,399
1094,524
1095,757
1096,623
1097,174
1098,179
1099,147
1100,773
1101,747
1102,407
1103,555
1104,672
1105,513
1106,114
1107,685
1108,280
1109,387
1110,769
1111,709
1112,113
1113,248
1114,401
1115,626
1116,154
1117,250
1118,303
1119,480
1120,199
1121,606
1122,642
1123,578
1124,425
1125,152
1126,8
1127,710
1128,464
1129,422
1130,742
1131,768
1132,721
1133,112
1134,560
1135,651
1136,248
1137,289
1138,36
1139,197
1140,349
1141,684
1142,448
1143,440
1144,749
1145,747
1146,190
1147,165
1148,255
1149,187
1150,333
1151,144
1152,147
1153,69
1154,261
1155,403
1156,698
1157,487
1158,161
1159,71
1160,144
1161,601
1162,520
1163,209
1164,689
1165,402
1166,489
1167,85
1168,53
1169,47
1170,609
1171,410
1172,619
1173,787
1174,527
1175,623
1176,384
1177,233
1178,242
1179,568
1180,135
1181,780
1182,788
1183,346
1184,463
1185,539
1186,427
1187,445
1188,290
1189,62
1190,37
1191,716
1192,429
1193,154
1194,209
1195,538
1196,17
1197,598
1198,419
1199,45
1200,543
1201,726
1202,115
1203,705
1204,363
1205,731
1206,474
1207,505
1208,554
1209,364
1210,502
1211,95
1212,524
1213,289
1214,712
1215,629
1216,468
1217,562
1218,788
1219,199
1220,326
1221,370
1222,251
1223,413
1224,247
1225,619
1226,169
1227,235
1228,780
1229,81
1230,7
1231,743
1232,189
1233,705
1234,599
1235,684
1236,176
1237,676
1238,116
1239,647
1240,729
1241,546
1242,236
1243,600
1244,124
1245,584
1246,296
1247,104
1248,600
1249,101
1250,135
1251,90
1252,213
1253,169
1254,23
1255,313
1256,486
1257,785
1258,785
1259,405
1260,110
1261,107
1262,424
1263,749
1264,332
1265,406
1266,476
1267,636
1268,146
1269,634
1270,370
1271,513
1272,217
1273,789
1274,491
1275,645
1276,426
1277,328
1278,263
1279,489
1280,562
1281,42
1282,713
1283,38
1284,314
1285,507
1286,4
1287,640
1288,797
1289,45
1290,630
1291,799
1292,317
1293,690
1294,243
1295,539
1296,629
1297,703
1298,144
1299,604
1300,627
1301,398
1302,185
1303,261
1304,257
1305,756
1306,353
1307,22
1308,339
1309,354
1310,657
1311,552
1312,74
1313,295
1314,725
1315,625
1316,17
1317,356
1318,522
1319,587
1320,583
1321,348
1322,421
1323,27
1324,13
1325,77
1326,325
1327,633
1328,295
1329,720
1330,593
1331,452
1332,10
1333,473
1334,72
1335,338
1336,720
1337,624
1338,611
1339,463
1340,609
1341,444
1342,626
1343,351
1344,613
1345,499
1346,649
1347,463
1348,11
1349,436
1350,7
1351,800
1352,204
1353,358
1354,782
1355,776
1356,634
1357,30
1358,99
1359,737
1360,358
1361,638
1362,615
1363,130
1364,701
1365,5
1366,242
1367,467
1368,203
1369,529
1370,414
1371,163
1372,443
1373,310
1374,5
1375,76
1376,167
1377,129
1378,146
1379,159
1380,757
1381,48
1382,33
1383,477
1384,772
1385,200
1386,203
1387,24
1388,362
1389,104
1390,454
1391,686
1392,503
1393,699
1394,616
1395,141
1396,85
1397,505
1398,539
1399,440
1400,330
1401,228
1402,532
1403,491
1404,730
1405,768
1406,304
1407,690
1408,181
1409,394
1410,767
1411,79
1412,363
1413,500
1414,149
1415,254
1416,146
1417,23
1418,400
1419,261
1420,251
1421,123
1422,418
1423,781
1424,120
1425,408
1426,222
1427,609
1428,107
1429,185
1430,576
1431,312
1432,648
1433,547
1434,418
1435,109
1436,267
1437,323
1438,292
1439,772
1440,702
1441,747
1442,68
1443,718
1444,651
1445,737
1446,116
1447,500
1448,336
1449,347
1450,675
1451,100
1452,145
1453,465
1454,447
1455,738
1456,352
1457,339
1458,95
1459,543
1460,240
1461,483
1462,72
1463,787
1464,126
1465,239
1466,265
1467,486
1468,178
1469,742
1470,584
1471,755
1472,531
1473,384
1474,317
1475,67
1476,638
1477,372
1478,744
1479,605
1480,695
1481,220
1482,479
1483,298
1484,404
1485,134
1486,309
1487,421
1488,743
1489,139
1490,738
1491,504
1492,258
1493,790
1494,185
1495,615
1496,451
1497,235
1498,68
1499,420
1500,539
1501,39
1502,422
1503,173
1504,765
1505,752
1506,605
1507,774
1508,601
1509,509
1510,123
1511,74
1512,117
1513,371
1514,567
1515,368
1516,626
1517,646
1518,370
1519,790
1520,84
1521,729
1522,708
1523,672
1524,12
1525,583
1526,247
1527,579
1528,726
1529,102
1530,486
1531,347
1532,399
1533,49
1534,266
1535,695
1536,552
1537,249
1538,357
1539,718
1540,754
1541,779
1542,461
1543,617
1544,239
1545,165
1546,364
1547,202
1548,167
1549,501
1550,676
1551,237
1552,662
1553,311
1554,623
1555,713
1556,197
1557,153
1558,301
1559,490
1560,369
1561,290
1562,697
1563,463
1564,405
1565,608
1566,572
1567,573
1568,232
1569,331
1570,641
1571,569
1572,120
1573,564
1574,719
1575,443
1576,34
1577,354
1578,319
1579,279
1580,470
1581,266
1582,244
1583,733
1584,710
1585,171
1586,178
1587,643
1588,130
1589,731
1590,634
1591,376
1592,609
1593,593
1594,463
1595,638
1596,23
1597,335
1598,785
1599,481
1600,689
1601,615
1602,77
1603,356
1604,401
1605,428
1606,644
1607,748
1608,211
1609,436
1610,471
1611,487
1612,378
1613,655
1614,540
1615,564
1616,649
1617,282
1618,150
1619,299
1620,520
1621,21
1622,712
1623,274
1624,584
1625,399
1626,788
1627,533
1628,558
1629,5
1630,118
1631,754
1632,496
1633,581
1634,551
1635,237
1636,455
1637,546
1638,208
1639,407
1640,612
1641,203
1642,5
1643,740
1644,467
1645,2
1646,370
1647,77
1648,740
1649,709
1650,608
1651,598
1652,40
1653,726
1654,721
1655,220
1656,39
1657,744
1658,779
1659,716
1660,383
1661,535
1662,139
1663,435
1664,464
1665,680
1666,322
1667,659
1668,566
1669,131
1670,39
1671,468
1672,211
1673,699
1674,213
1675,189
1676,362
1677,747
1678,563
1679,418
1680,531
1681,11
1682,129
1683,213
1684,102
1685,77
1686,92
1687,446
1688,626
1689,169
1690,305
1691,778
1692,758
1693,356
1694,358
1695,510
1696,389
1697,433
1698,132
1699,333
1700,516
1701,265
1702,459
1703,40
1704,509
1705,573
1706,458
1707,646
1708,261
1709,111
1710,55
1711,76
1712,103
1713,250
1714,799
1715,429
1716,227
1717,364
1718,245
1719,164
1720,196
1721,369
1722,459
1723,52
1724,650
1725,198
1726,410
1727,153
1728,799
1729,739
1730,719
1731,789
1732,260
1733,528
1734,718
1735,387
1736,334
1737,632
1738,726
1739,592
1740,259
1741,176
1742,176
1743,420
1744,721
1745,188
1746,633
1747,618
1748,22
1749,462
1750,319
1751,560
1752,101
1753,52
1754,215
1755,126
1756,561
1757,64
1758,41
1759,368
1760,106
1761,777
1762,524
1763,756
1764,796
1765,624
1766,30
1767,419
1768,437
1769,595
1770,396
1771,601
1772,669
1773,562
1774,333
1775,249
1776,77
1777,696
1778,578
1779,301
1780,546
1781,364
1782,312
1783,790
1784,692
1785,188
1786,492
1787,361
1788,148
1789,412
1790,92
1791,628
1792,747
1793,709
1794,3
1795,315
1796,441
1797,614
1798,407
1799,381
1800,291
1801,50
1802,391
1803,151
1804,146
1805,108
1806,300
1807,122
1808,542
1809,754
1810,525
1811,616
1812,290
1813,306
1814,408
1815,564
1816,214
1817,666
1818,412
1819,8
1820,44
1821,333
1822,487
1823,520
1824,336
1825,586
1826,536
1827,474
1828,100
1829,542
1830,94
1831,148
1832,689
1833,401
1834,747
1835,244
1836,410
1837,352
1838,297
1839,509
1840,10
1841,60
1842,320
1843,384
1844,142
1845,96
1846,523
1847,543
1848,305
1849,350
1850,160
1851,522
1852,684
1853,730
1854,16
1855,781
1856,612
1857,252
1858,338
1859,535
1860,741
1861,265
1862,6
1863,114
1864,139
1865,631
1866,764
1867,619
1868,766
1869,406
1870,477
1871,129
1872,548
1873,228
1874,177
1875,373
1876,568
1877,248
1878,30
1879,527
1880,495
1881,525
1882,45
1883,83
1884,526
1885,495
1886,319
1887,544
1888,581
1889,245
1890,170
1891,452
1892,266
1893,281
1894,761
1895,684
1896,264
1897,447
1898,173
1899,374
1900,29
1901,38
1902,615
1903,89
1904,445
1905,597
1906,480
1907,570
1908,577
1909,102
1910,101
1911,249
1912,99
1913,562
1914,560
1915,306
1916,74
1917,91
1918,473
1919,378
1920,274
1921,504
1922,446
1923,207
1924,188
1925,359
1926,718
1927,366
1928,200
1929,441
1930,495
1931,374
1932,248
1933,552
1934,789
1935,230
1936,55
1937,632
1938,201
1939,42
1940,99
1941,162
1942,639
1943,365
1944,321
1945,160
1946,241
1947,365
1948,499
1949,531
1950,578
1951,728
1952,684
1953,70
1954,148
1955,170
1956,497
1957,769
1958,609
1959,461
1960,792
1961,38
1962,198
1963,275
1964,223
1965,261
1966,665
1967,463
1968,648
1969,129
1970,308
1971,204
1972,154
1973,620
1974,614
1975,444
1976,148
1977,212
1978,129
1979,102
1980,65
1981,152
1982,740
1983,561
1984,719
1985,195
1986,730
1987,69
1988,336
1989,507
1990,375
1991,356
1992,191
1993,456
1994,459
1995,537
1996,436
1997,574
1998,585
1999,715
2000,259
2001,418
2002,172
2003,288
2004,28
2005,85
2006,198
2007,363
2008,448
2009,647
2010,429
2011,147
2012,348
2013,399
2014,258
2015,199
2016,750
2017,439
2018,636
2019,555
2020,476
2021,527
2022,202
2023,214
2024,57
2025,655
2026,726
2027,641
2028,164
2029,268
2030,451
2031,271
2032,132
2033,167
2034,582
2035,206
2036,243
2037,114
2038,701
2039,295
2040,266
2041,93
2042,571
2043,636
2044,661
2045,604
2046,207
2047,371
2048,758
2049,580
2050,401
2051,168
2052,384
2053,771
2054,157
2055,667
2056,748
2057,693
2058,76
2059,706
2060,411
2061,370
2062,409
2063,509
2064,169
2065,187
2066,552
2067,417
2068,131
2069,339
2070,703
2071,103
2072,527
2073,528
2074,269
2075,125
2076,677
2077,161
2078,626
2079,644
2080,279
2081,313
2082,769
2083,504
2084,300
2085,594
2086,21
2087,307
2088,726
2089,478
2090,376
2091,102
2092,624
2093,438
2094,134
2095,649
2096,179
2097,436
2098,731
2099,395
2100,407
2101,197
2102,394
2103,530
2104,727
2105,131
2106,780
2107,305
2108,49
2109,107
2110,299
2111,472
2112,155
2113,759
2114,198
2115,382
2116,306
2117,195
2118,124
2119,574
2120,148
2121,327
2122,40
2123,273
2124,420
2125,634
2126,719
2127,89
2128,524
2129,422
2130,615
2131,495
2132,338
2133,56
2134,506
2135,589
2136,635
2137,741
2138,771
2139,523
2140,636
2141,101
2142,745
2143,436
2144,482
2145,563
2146,575
2147,607
2148,400
2149,647
2150,783
2151,454
2152,670
2153,113
2154,796
2155,547
2156,704
2157,8
2158,355
2159,149
2160,569
2161,606
2162,757
2163,19
2164,723
2165,151
2166,649
2167,758
2168,591
2169,307
2170,368
2171,494
2172,123
2173,406
2174,1
2175,480
2176,353
2177,203
2178,321
2179,143
2180,771
2181,126
2182,335
2183,165
2184,638
2185,224
2186,240
2187,555
2188,196
2189,577
2190,619
2191,412
2192,525
2193,7
2194,375
2195,280
2196,657
2197,505
2198,246
2199,770
2200,401
2201,743
2202,625
2203,21
2204,246
2205,59
2206,206
2207,760
2208,212
2209,91
2210,503
2211,474
2212,668
2213,736
2214,572
2215,249
2216,92
2217,314
2218,599
2219,448
2220,153
2221,400
2222,159
2223,66
2224,303
2225,407
2226,764
2227,673
2228,112
2229,261
2230,466
2231,800
2232,33
2233,783
2234,784
2235,506
2236,10
2237,61
2238,187
2239,282
2240,396
2241,480
2242,747
2243,570
2244,675
2245,341
2246,378
2247,67
2248,358
2249,660
2250,90
2251,515
2252,488
2253,459
2254,578
2255,244
2256,155
2257,354
2258,106
2259,539
2260,301
2261,414
2262,765
2263,465
2264,523
2265,233
2266,527
2267,275
2268,319
2269,348
2270,245
2271,540
2272,687
2273,764
2274,145
2275,58
2276,381
2277,597
2278,762
2279,486
2280,649
2281,512
2282,479
2283,192
2284,97
2285,541
2286,521
2287,164
2288,728
2289,564
2290,480
2291,430
2292,260
2293,333
2294,416
2295,407
2296,263
2297,426
2298,46
2299,485
2300,792
2301,173
2302,739
2303,564
2304,56
2305,582
2306,763
2307,185
2308,258
2309,773
2310,493
2311,374
2312,464
2313,650
2314,447
2315,489
2316,581
2317,109
2318,359
2319,677
2320,107
2321,728
2322,672
2323,379
2324,12
2325,98
2326,243
2327,90
2328,304
2329,78
2330,297
2331,47
2332,791
2333,284
2334,73
2335,157
2336,614
2337,328
2338,160
2339,184
2340,527
2341,587
2342,737
2343,487
2344,582
2345,537
2346,341
2347,197
2348,565
2349,191
2350,672
2351,799
2352,663
2353,514
2354,384
2355,763
2356,746
2357,622
2358,563
2359,589
2360,253
2361,137
2362,262
2363,340
2364,637
2365,504
2366,78
2367,139
2368,558
2369,245
2370,87
2371,243
2372,236
2373,32
2374,294
2375,367
2376,260
2377,471
2378,744
2379,310
2380,625
2381,650
2382,139
2383,61
2384,106
2385,772
2386,648
2387,171
2388,386
2389,784
2390,115
2391,383
2392,769
2393,41
2394,10
2395,527
2396,639
2397,709
2398,400
2399,384
2400,117
2401,540
2402,204
2403,669
2404,528
2405,205
2406,626
2407,226
2408,233
2409,742
2410,425
2411,641
2412,408
2413,68
2414,21
2415,244
2416,323
2417,137
2418,431
2419,671
2420,565
2421,355
2422,797
2423,142
2424,662
2425,571
2426,756
2427,273
2428,316
2429,407
2430,283
2431,466
2432,504
2433,78
2434,790
2435,456
2436,120
2437,335
2438,700
2439,644
2440,312
2441,185
2442,108
2443,636
2444,758
2445,625
2446,43
2447,125
2448,437
2449,633
2450,648
2451,473
2452,198
2453,732
2454,600
2455,525
2456,592
2457,502
2458,321
2459,259
2460,214
2461,116
2462,559
2463,500
2464,659
2465,93
2466,51
2467,51
2468,568
2469,614
2470,17
2471,55
2472,379
2473,533
2474,29
2475,390
2476,432
2477,375
2478,84
2479,16
2480,445
2481,678
2482,374
2483,402
2484,454
2485,259
2486,348
2487,167
2488,562
2489,664
2490,793
2491,501
2492,735
2493,547
2494,224
2495,580
2496,600
2497,87
2498,430
2499,319
2500,547
2501,426
2502,254
2503,441
2504,785
2505,571
2506,92
2507,269
2508,232
2509,125
2510,459
2511,105
2512,270
2513,285
2514,449
2515,157
2516,328
2517,164
2518,225
2519,271
2520,21
2521,186
2522,386
2523,464
2524,357
2525,376
2526,432
2527,424
2528,168
2529,337
2530,718
2531,111
2532,716
2533,772
2534,692
2535,426
2536,550
2537,90
2538,237
2539,718
2540,118
2541,118
2542,5
2543,599
2544,610
2545,71
2546,93
2547,382
2548,416
2549,283
2550,519
2551,601
2552,560
2553,158
2554,702
2555,182
2556,457
2557,630
2558,677
2559,14
2560,377
2561,598
2562,366
2563,431
2564,799
2565,505
2566,255
2567,561
2568,559
2569,41
2570,192
2571,685
2572,537
2573,108
2574,769
2575,465
2576,782
2577,456
2578,113
2579,131
2580,485
2581,590
2582,150
2583,471
2584,7
2585,283
2586,590
2587,770
2588,733
2589,460
2590,776
2591,437
2592,161
2593,606
2594,792
2595,1
2596,50
2597,753
2598,544
2599,21
2600,558
2601,490
2602,242
2603,233
2604,745
2605,440
2606,86
2607,371
2608,773
2609,268
2610,717
2611,135
2612,446
2613,526
2614,209
2615,738
2616,327
2617,529
2618,606
2619,342
2620,427
2621,324
2622,657
2623,126
2624,521
2625,785
2626,494
2627,626
2628,332
2629,752
2630,273
2631,693
2632,357
2633,371
2634,579
2635,158
2636,527
2637,128
2638,472
2639,226
2640,285
2641,349
2642,319
2643,669
2644,730
2645,127
2646,493
2647,394
2648,520
2649,582
2650,474
2651,531
2652,549
2653,565
2654,344
2655,104
2656,73
2657,746
2658,755
2659,765
2660,585
2661,273
2662,306
2663,272
2664,421
2665,639
2666,72
2667,204
2668,523
2669,738
2670,504
2671,126
2672,384
2673,158
2674,153
2675,414
2676,455
2677,557
2678,238
2679,556
2680,119
2681,304
2682,743
2683,398
2684,697
2685,187
2686,140
2687,622
2688,394
2689,395
2690,361
2691,493
2692,302
2693,651
2694,85
2695,745
2696,272
2697,426
2698,20
2699,683
2700,345
2701,61
2702,310
2703,690
2704,549
2705,173
2706,281
2707,331
2708,606
2709,31
2710,655
2711,658
2712,485
2713,386
2714,652
2715,155
2716,83
2717,640
2718,215
2719,403
2720,376
2721,434
2722,105
2723,270
2724,797
2725,415
2726,675
2727,289
2728,286
2729,591
2730,115
2731,287
2732,108
2733,396
2734,46
2735,403
2736,715
2737,499
2738,605
2739,520
2740,198
2741,347
2742,469
2743,442
2744,707
2745,797
2746,189
2747,280
2748,352
2749,192
2750,388
2751,83
2752,363
2753,669
2754,300
2755,704
2756,284
2757,716
2758,792
2759,561
2760,489
2761,279
2762,203
2763,506
2764,546
2765,226
2766,192
2767,361
2768,328
2769,465
2770,476
2771,491
2772,658
2773,17
2774,446
2775,550
2776,98
2777,244
2778,747
2779,31
2780,607
2781,512
2782,115
2783,250
2784,108
2785,108
2786,87
2787,123
2788,345
2789,555
2790,240
2791,585
2792,357
2793,73
2794,643
2795,645
2796,137
2797,501
2798,427
2799,408
2800,784
2801,37
2802,104
2803,430
2804,794
2805,389
2806,137
2807,115
2808,95
2809,623
2810,389
2811,164
2812,633
2813,648
2814,274
2815,488
2816,118
2817,471
2818,147
2819,337
2820,604
2821,214
2822,348
2823,451
2824,412
2825,546
2826,465
2827,241
2828,424
2829,713
2830,320
2831,277
2832,85
2833,614
2834,569
2835,262
2836,763
2837,785
2838,407
2839,153
2840,755
2841,472
2842,506
2843,250
2844,315
2845,7
2846,346
2847,219
2848,800
2849,290
2850,12
2851,604
2852,800
2853,84
2854,602
2855,400
2856,19
2857,216
2858,537
2859,77
2860,343
2861,776
2862,215
2863,138
2864,480
2865,435
2866,30
2867,522
2868,654
2869,223
2870,573
2871,754
2872,653
2873,630
2874,678
2875,190
2876,64
2877,730
2878,606
2879,542
2880,207
2881,413
2882,373
2883,601
2884,659
2885,493
2886,282
2887,117
2888,187
2889,101
2890,515
2891,202
2892,338
2893,707
2894,713
2895,530
2896,317
2897,585
2898,538
2899,218
2900,49
2901,148
2902,539
2903,72
2904,178
2905,483
2906,133
2907,331
2908,642
2909,678
2910,505
2911,675
2912,793
2913,111
2914,789
2915,386
2916,768
2917,136
2918,300
2919,624
2920,162
2921,472
2922,14
2923,543
2924,290
2925,501
2926,760
2927,110
2928,488
2929,796
2930,640
2931,500
2932,207
2933,163
2934,729
2935,720
2936,234
2937,23
2938,207
2939,187
2940,777
2941,203
2942,456
2943,197
2944,352
2945,577
2946,2
2947,565
2948,446
2949,305
2950,428
2951,771
2952,629
2953,207
2954,758
2955,126
2956,34
2957,213
2958,732
2959,791
2960,680
2961,251
2962,198
2963,523
2964,25
2965,355
2966,626
2967,358
2968,335
2969,503
2970,607
2971,549
2972,595
2973,331
2974,617
2975,690
2976,772
2977,636
2978,442
2979,261
2980,617
2981,514
2982,740
2983,327
2984,707
2985,344
2986,149
2987,487
2988,88
2989,236
2990,118
2991,283
2992,617
2993,188
2994,590
2995,718
2996,222
2997,623
2998,701
2999,84
3000,106
3001,488
3002,667
3003,205
3004,436
3005,342
3006,679
3007,380
3008,179
3009,643
3010,142
3011,78
3012,483
3013,732
3014,43
3015,70
3016,747
3017,639
3018,222
3019,495
3020,172
3021,181
3022,206
3023,38
3024,713
3025,307
3026,327
3027,654
3028,504
3029,212
3030,558
3031,230
3032,173
3033,108
3034,13
3035,56
3036,677
3037,346
3038,652
3039,177
3040,486
3041,190
3042,42
3043,466
3044,797
3045,610
3046,116
3047,480
3048,531
3049,312
3050,5
3051,163
3052,328
3053,354
3054,571
3055,585
3056,518
3057,170
3058,461
3059,306
3060,137
3061,638
3062,457
3063,349
3064,72
3065,715
3066,217
3067,232
3068,160
3069,64
3070,244
3071,317
3072,740
3073,10
3074,306
3075,294
3076,135
3077,510
3078,539
3079,631
3080,67
3081,609
3082,81
3083,667
3084,649
3085,233
3086,557
3087,279
3088,565
3089,7
3090,592
3091,724
3092,326
3093,16
3094,660
3095,208
3096,336
3097,737
3098,263
3099,608
3100,409
3101,206
3102,55
3103,406
3104,273
3105,81
3106,27
3107,407
3108,171
3109,334
3110,136
3111,481
3112,590
3113,352
3114,149
3115,561
3116,398
3117,355
3118,161
3119,635
3120,417
3121,117
3122,685
3123,95
3124,380
3125,392
3126,159
3127,178
3128,799
3129,528
3130,203
3131,722
3132,454
3133,50
3134,555
3135,459
3136,443
3137,328
3138,340
3139,202
3140,744
3141,155
3142,204
3143,163
3144,158
3145,494
3146,782
3147,194
3148,529
3149,384
3150,323
3151,677
3152,118
3153,477
3154,672
3155,412
3156,488
3157,70
3158,415
3159,228
3160,691
3161,226
3162,222
3163,690
3164,656
3165,21
3166,471
3167,538
3168,187
3169,728
3170,530
3171,785
3172,737
3173,240
3174,749
3175,280
3176,649
3177,69
3178,588
3179,729
3180,14
3181,600
3182,206
3183,271
3184,235
3185,543
3186,269
3187,741
3188,695
3189,542
3190,491
3191,716
3192,538
3193,204
3194,692
3195,723
3196,327
3197,469
3198,176
3199,603
3200,569
3201,15
3202,745
3203,346
3204,746
3205,487
3206,126
3207,791
3208,559
3209,354
3210,770
3211,154
3212,362
3213,370
3214,285
3215,475
3216,513
3217,51
3218,583
3219,284
3220,66
3221,16
3222,388
3223,176
3224,258
3225,128
3226,35
3227,42
3228,355
3229,650
3230,468
3231,543
3232,723
3233,183
3234,103
3235,120
3236,353
3237,46
3238,467
3239,105
3240,800
3241,414
3242,286
3243,702
3244,744
3245,32
3246,30
3247,73
3248,315
3249,28
3250,321
3251,50
3252,68
3253,745
3254,581
3255,516
3256,656
3257,605
3258,786
3259,796
3260,423
3261,304
3262,759
3263,424
3264,405
3265,788
3266,604
3267,154
3268,400
3269,355
3270,521
3271,776
3272,300
3273,64
3274,10
3275,469
3276,512
3277,571
3278,592
3279,322
3280,75
3281,789
3282,203
3283,719
3284,138
3285,556
3286,153
3287,405
3288,328
3289,241
3290,650
3291,180
3292,436
3293,631
3294,660
3295,128
3296,340
3297,657
3298,41
3299,75
3300,662
3301,364
3302,690
3303,187
3304,594
3305,616
3306,692
3307,425
3308,328
3309,301
3310,488
3311,290
3312,544
3313,144
3314,372
3315,706
3316,654
3317,579
3318,730
3319,67
3320,753
3321,95
3322,559
3323,346
3324,541
3325,676
3326,166
3327,794
3328,365
3329,585
3330,307
3331,57
3332,116
3333,765
3334,259
3335,647
3336,230
3337,237
3338,316
3339,435
3340,281
3341,540
3342,286
3343,398
3344,637
3345,602
3346,401
3347,33
3348,512
3349,377
3350,217
3351,668
3352,394
3353,330
3354,141
3355,126
3356,551
3357,302
3358,40
3359,61
3360,186
3361,645
3362,709
3363,385
3364,619
3365,423
3366,435
3367,481
3368,560
3369,701
3370,464
3371,276
3372,612
3373,291
3374,289
3375,562
3376,283
3377,776
3378,306
3379,391
3380,497
3381,472
3382,332
3383,714
3384,194
3385,271
3386,571
3387,543
3388,364
3389,173
3390,797
3391,308
3392,315
3393,90
3394,274
3395,423
3396,375
3397,201
3398,382
3399,521
3400,542
3401,746
3402,73
3403,47
3404,236
3405,722
3406,24
3407,136
3408,268
3409,583
3410,155
3411,607
3412,452
3413,277
3414,744
3415,636
3416,473
3417,255
3418,438
3419,130
3420,593
3421,328
3422,294
3423,298
3424,26
3425,654
3426,265
3427,178
3428,412
3429,592
3430,657
3431,398
3432,535
3433,23
3434,596
3435,795
3436,265
3437,242
3438,322
3439,449
3440,688
3441,251
3442,680
3443,314
3444,658
3445,224
3446,604
3447,386
3448,429
3449,487
3450,601
3451,47
3452,181
3453,567
3454,310
3455,614
3456,298
3457,459
3458,484
3459,472
3460,55
3461,350
3462,439
3463,631
3464,697
3465,54
3466,163
3467,521
3468,531
3469,184
3470,7
3471,351
3472,394
3473,324
3474,84
3475,610
3476,199
3477,92
3478,282
3479,427
3480,230
3481,94
3482,449
3483,596
3484,629
3485,225
3486,535
3487,506
3488,565
3489,121
3490,588
3491,101
3492,593
3493,111
3494,574
3495,123
3496,385
3497,583
3498,741
3499,6
3500,307
3501,279
3502,780
3503,752
3504,637
3505,262
3506,653
3507,134
3508,340
3509,735
3510,105
3511,522
3512,120
3513,377
3514,766
3515,337
3516,14
3517,549
3518,752
3519,529
3520,461
3521,247
3522,796
3523,409
3524,357
3525,630
3526,403
3527,249
3528,149
3529,134
3530,292
3531,20
3532,34
3533,738
3534,304
3535,564
3536,124
3537,448
3538,367
3539,123
3540,98
3541,414
3542,88
3543,329
3544,506
3545,269
3546,385
3547,207
3548,18
3549,84
3550,24
3551,587
3552,172
3553,745
3554,399
3555,446
3556,394
3557,407
3558,397
3559,346
3560,732
3561,759
3562,336
3563,344
3564,36
3565,532
3566,688
3567,41
3568,655
3569,391
3570,709
3571,86
3572,14
3573,126
3574,669
3575,192
3576,667
3577,782
3578,252
3579,632
3580,342
3581,646
3582,80
3583,573
3584,178
3585,327
3586,474
3587,344
3588,733
3589,715
3590,197
3591,610
3592,669
3593,197
3594,111
3595,581
3596,252
3597,666
3598,375
3599,324
3600,178
3601,330
3602,273
3603,66
3604,525
3605,326
3606,449
3607,529
3608,41
3609,69
3610,485
3611,449
3612,539
3613,701
3614,96
3615,408
3616,407
3617,210
3618,389
3619,75
3620,63
3621,429
3622,47
3623,382
3624,480
3625,227
3626,529
3627,377
3628,149
3629,465
3630,625
3631,779
3632,435
3633,637
3634,580
3635,706
3636,540
3637,267
3638,522
3639,626
3640,532
3641,672
3642,33
3643,16
3644,427
3645,149
3646,487
3647,288
3648,375
3649,21
3650,116
3651,22
3652,404
3653,656
3654,26
3655,642
3656,673
3657,18
3658,343
3659,637
3660,455
3661,445
3662,200
3663,538
3664,409
3665,622
3666,82
3667,321
3668,209
3669,719
3670,213
3671,31
3672,199
3673,178
3674,541
3675,536
3676,717
3677,496
3678,485
3679,320
3680,343
3681,305
3682,342
3683,143
3684,780
3685,764
3686,287
3687,300
3688,737
3689,89
3690,501
3691,136
3692,271
3693,599
3694,649
3695,245
3696,371
3697,738
3698,376
3699,156
3700,697
3701,504
3702,213
3703,138
3704,763
3705,475
3706,2
3707,367
3708,636
3709,439
3710,729
3711,366
3712,257
3713,423
3714,376
3715,140
3716,691
3717,210
3718,692
3719,685
3720,744
3721,57
3722,710
3723,344
3724,2
3725,472
3726,597
3727,791
3728,529
3729,181
3730,613
3731,260
3732,158
3733,420
3734,311
3735,387
3736,95
3737,400
3738,224
3739,339
3740,546
3741,441
3742,447
3743,85
3744,497
3745,659
3746,263
3747,625
3748,586
3749,569
3750,644
3751,643
3752,743
3753,597
3754,193
3755,35
3756,475
3757,239
3758,625
3759,662
3760,675
3761,297
3762,106
3763,347
3764,304
3765,177
3766,534
3767,249
3768,120
3769,599
3770,89
3771,476
3772,771
3773,310
3774,445
3775,772
3776,429
3777,523
3778,689
3779,482
3780,137
3781,564
3782,726
3783,621
3784,360
3785,788
3786,254
3787,507
3788,665
3789,389
3790,356
3791,675
3792,33
3793,189
3794,346
3795,66
3796,384
3797,317
3798,79
3799,620
3800,515
3801,579
3802,210
3803,105
3804,616
3805,183
3806,687
3807,203
3808,348
3809,455
3810,698
3811,40
3812,709
3813,92
3814,533
3815,561
3816,193
3817,477
3818,633
3819,597
3820,413
3821,797
3822,545
3823,122
3824,507
3825,511
3826,5
3827,266
3828,148
3829,352
3830,450
3831,613
3832,602
3833,761
3834,594
3835,577
3836,791
3837,96
3838,487
3839,473
3840,427
3841,532
3842,396
3843,435
3844,34
3845,457
3846,710
3847,394
3848,214
3849,422
3850,67
3851,701
3852,155
3853,9
3854,557
3855,311
3856,526
3857,283
3858,551
3859,462
3860,629
3861,284
3862,790
3863,148
3864,649
3865,732
3866,100
3867,184
3868,434
3869,572
3870,486
3871,37
3872,665
3873,164
3874,664
3875,777
3876,684
3877,796
3878,385
3879,727
3880,763
3881,255
3882,254
3883,583
3884,37
3885,317
3886,59
3887,308
3888,297
3889,289
3890,57
3891,502
3892,307
3893,742
3894,620
3895,345
3896,167
3897,104
3898,104
3899,471
3900,734
3901,194
3902,44
3903,355
3904,237
3905,408
3906,670
3907,319
3908,345
3909,310
3910,405
3911,539
3912,546
3913,631
3914,410
3915,600
3916,46
3917,240
3918,98
3919,77
3920,46
3921,279
3922,10
3923,33
3924,289
3925,106
3926,372
3927,112
3928,407
3929,365
3930,351
3931,758
3932,754
3933,585
3934,422
3935,732
3936,235
3937,64
3938,373
3939,20
3940,686
3941,689
3942,369
3943,669
3944,434
3945,783
3946,28
3947,712
3948,325
3949,1
3950,394
3951,622
3952,72
3953,380
3954,322
3955,569
3956,76
3957,636
3958,524
3959,141
3960,661
3961,531
3962,624
3963,50
3964,650
3965,390
3966,166
3967,558
3968,223
3969,783
3970,40
3971,313
3972,434
3973,747
3974,669
3975,307
3976,261
3977,276
3978,242
3979,501
3980,101
3981,9
3982,19
3983,329
3984,190
3985,294
3986,142
3987,553
3988,738
3989,403
3990,138
3991,696
3992,353
3993,205
3994,198
3995,759
3996,300
3997,649
3998,295
3999,150
4000,581
4001,369
4002,753
4003,671
4004,646
4005,46
4006,719
4007,89
4008,620
4009,162
4010,584
4011,188
4012,6
4013,335
4014,685
4015,308
4016,181
4017,303
4018,461
4019,231
4020,290
4021,617
4022,389
4023,407
4024,544
4025,426
4026,701
4027,620
4028,519
4029,783
4030,87
4031,194
4032,253
4033,683
4034,319
4035,175
4036,584
4037,325
4038,593
4039,587
4040,60
4041,331
4042,746
4043,247
4044,597
4045,391
4046,628
4047,331
4048,439
4049,74
4050,528
4051,309
4052,456
4053,356
4054,307
4055,57
4056,23
4057,724
4058,377
4059,2
4060,489
4061,368
4062,258
4063,586
4064,294
4065,549
4066,579
4067,677
4068,184
4069,731
4070,458
4071,196
4072,487
4073,267
4074,138
4075,425
4076,284
4077,410
4078,695
4079,578
4080,419
4081,62
4082,58
4083,28
4084,52
4085,295
4086,710
4087,180
4088,410
4089,377
4090,545
4091,631
4092,176
4093,314
4094,753
4095,273
4096,421
4097,56
4098,522
4099,570
4100,330
4101,450
4102,215
4103,432
4104,760
4105,4
4106,50
4107,555
4108,648
4109,727
4110,226
4111,375
4112,483
4113,716
4114,40
4115,224
4116,551
4117,233
4118,335
4119,448
4120,251
4121,660
4122,256
4123,502
4124,559
4125,246
4126,332
4127,497
4128,555
4129,262
4130,793
4131,754
4132,127
4133,729
4134,124
4135,221
4136,85
4137,475
4138,412
4139,774
4140,765
4141,452
4142,341
4143,337
4144,751
4145,281
4146,549
4147,200
4148,659
4149,25
4150,179
4151,60
4152,516
4153,104
4154,759
4155,198
4156,43
4157,84
4158,349
4159,231
4160,174
4161,699
4162,400
4163,398
4164,775
4165,711
4166,51
4167,788
4168,21
4169,69
4170,754
4171,338
4172,532
4173,356
4174,229
4175,709
4176,146
4177,799
4178,359
4179,388
4180,685
4181,711
4182,31
4183,741
4184,698
4185,346
4186,555
4187,604
4188,693
4189,217
4190,743
4191,627
4192,259
4193,274
4194,31
4195,113
4196,40
4197,663
4198,493
4199,351
4200,269
4201,186
4202,566
4203,642
4204,183
4205,344
4206,23
4207,708
4208,441
4209,720
4210,746
4211,415
4212,719
4213,239
4214,8
4215,326
4216,707
4217,184
4218,261
4219,27
4220,246
4221,286
4222,218
4223,53
4224,638
4225,777
4226,758
4227,513
4228,526
4229,602
4230,620
4231,212
4232,274
4233,586
4234,657
4235,433
4236,17
4237,337
4238,698
4239,462
4240,109
4241,501
4242,706
4243,575
4244,600
4245,604
4246,690
4247,156
4248,573
4249,233
4250,470
4251,308
4252,343
4253,562
4254,635
4255,533
4256,740
4257,184
4258,550
4259,184
4260,548
4261,727
4262,506
4263,649
4264,223
4265,550
4266,718
4267,26
4268,319
4269,551
4270,144
4271,756
4272,371
4273,410
4274,360
4275,290
4276,88
4277,765
4278,256
4279,667
4280,339
4281,575
4282,609
4283,341
4284,544
4285,325
4286,390
4287,796
4288,539
4289,556
4290,582
4291,251
4292,407
4293,445
4294,367
4295,203
4296,640
4297,227
4298,279
4299,123
4300,683
4301,374
4302,660
4303,568
4304,240
4305,130
4306,565
4307,776
4308,41
4309,186
4310,616
4311,383
4312,161
4313,216
4314,403
4315,191
4316,556
4317,442
4318,4
4319,707
4320,101
4321,151
4322,548
4323,342
4324,60
4325,4
4326,794
4327,778
4328,588
4329,592
4330,671
4331,29
4332,333
4333,647
4334,636
4335,415
4336,572
4337,167
4338,326
4339,716
4340,583
4341,154
4342,150
4343,707
4344,605
4345,739
4346,730
4347,605
4348,253
4349,546
4350,706
4351,317
4352,133
4353,121
4354,567
4355,357
4356,194
4357,717
4358,789
4359,124
4360,61
4361,401
4362,787
4363,66
4364,249
4365,541
4366,36
4367,292
4368,313
4369,247
4370,5
4371,117
4372,282
4373,517
4374,242
4375,509
4376,745
4377,558
4378,684
4379,334
4380,699
4381,417
4382,19
4383,702
4384,331
4385,219
4386,95
4387,31
4388,297
4389,595
4390,1
4391,533
4392,186
4393,539
4394,238
4395,191
4396,686
4397,237
4398,488
4399,212
4400,146
4401,326
4402,731
4403,387
4404,317
4405,607
4406,15
4407,525
4408,460
4409,571
4410,438
4411,48
4412,572
4413,758
4414,345
4415,200
4416,327
4417,303
4418,236
4419,304
4420,134
4421,574
4422,360
4423,128
4424,419
4425,580
4426,319
4427,414
4428,498
4429,605
4430,763
4431,152
4432,738
4433,190
4434,11
4435,590
4436,54
4437,369
4438,64
4439,741
4440,533
4441,417
4442,297
4443,49
4444,784
4445,175
4446,148
4447,458
4448,36
4449,440
4450,653
4451,88
4452,615
4453,544
4454,711
4455,356
4456,744
4457,339
4458,366
4459,611
4460,662
4461,684
4462,467
4463,190
4464,390
4465,61
4466,338
4467,322
4468,17
4469,96
4470,796
4471,387
4472,546
4473,523
4474,765
4475,592
4476,507
4477,358
4478,544
4479,673
4480,206
4481,407
4482,673
4483,427
4484,72
4485,378
4486,454
4487,81
4488,68
4489,24
4490,713
4491,544
4492,800
4493,158
4494,720
4495,49
4496,82
4497,601
4498,404
4499,372
4500,263
4501,349
4502,158
4503,531
4504,182
4505,368
4506,402
4507,798
4508,593
4509,255
4510,81
4511,29
4512,762
4513,201
4514,603
4515,71
4516,329
4517,361
4518,173
4519,270
4520,421
4521,592
4522,261
4523,74
4524,699
4525,436
4526,247
4527,437
4528,723
4529,713
4530,109
4531,390
4532,553
4533,493
4534,382
4535,465
4536,718
4537,126
4538,284
4539,174
4540,796
4541,57
4542,129
4543,342
4544,158
4545,735
4546,39
4547,38
4548,176
4549,219
4550,75
4551,91
4552,153
4553,304
4554,628
4555,380
4556,440
4557,333
4558,456
4559,588
4560,596
4561,348
4562,169
4563,755
4564,723
4565,623
4566,509
4567,703
4568,324
4569,130
4570,665
4571,325
4572,400
4573,572
4574,59
4575,102
4576,520
4577,748
4578,372
4579,383
4580,241
4581,748
4582,224
4583,399
4584,130
4585,275
4586,115
4587,574
4588,711
4589,746
4590,330
4591,6
4592,210
4593,310
4594,330
4595,637
4596,460
4597,493
4598,334
4599,567
4600,765
4601,518
4602,234
4603,474
4604,635
4605,406
4606,636
4607,711
4608,199
4609,307
4610,304
4611,360
4612,63
4613,43
4614,176
4615,230
4616,536
4617,630
4618,667
4619,118
4620,141
4621,734
4622,309
4623,404
4624,142
4625,656
4626,176
4627,269
4628,74
4629,245
4630,534
4631,779
4632,691
4633,291
4634,378
4635,377
4636,103
4637,542
4638,395
4639,127
4640,111
4641,511
4642,354
4643,394
4644,164
4645,325
4646,416
4647,693
4648,265
4649,60
4650,630
4651,640
4652,12
4653,200
4654,774
4655,646
4656,690
4657,100
4658,140
4659,209
4660,668
4661,539
4662,608
4663,656
4664,341
4665,568
4666,42
4667,237
4668,1
4669,318
4670,236
4671,306
4672,695
4673,194
4674,369
4675,245
4676,322
4677,574
4678,789
4679,259
4680,525
4681,372
4682,510
4683,752
4684,390
4685,362
4686,736
4687,688
4688,114
4689,423
4690,312
4691,7
4692,512
4693,480
4694,209
4695,298
4696,38
4697,34
4698,388
4699,27
4700,743
4701,8
4702,202
4703,442
4704,651
4705,30
4706,437
4707,572
4708,444
4709,553
4710,740
4711,655
4712,628
4713,47
4714,140
4715,663
4716,442
4717,442
4718,717
4719,121
4720,293
4721,669
4722,251
4723,276
4724,419
4725,548
4726,682
4727,581
4728,487
4729,201
4730,55
4731,600
4732,380
4733,398
4734,465
4735,6
4736,693
4737,437
4738,392
4739,703
4740,39
4741,241
4742,545
4743,155
4744,394
4745,790
4746,32
4747,599
4748,562
4749,136
4750,238
4751,112
4752,565
4753,354
4754,597
4755,151
4756,512
4757,127
4758,394
4759,147
4760,71
4761,457
4762,221
4763,207
4764,429
4765,166
4766,114
4767,394
4768,296
4769,479
4770,329
4771,600
4772,289
4773,260
4774,351
4775,667
4776,348
4777,686
4778,542
4779,217
4780,692
4781,700
4782,301
4783,741
4784,576
4785,468
4786,77
4787,561
4788,401
4789,34
4790,677
4791,598
4792,353
4793,523
4794,259
4795,15
4796,688
4797,661
4798,140
4799,361
4800,241
4801,172
4802,512
4803,625
4804,724
4805,104
4806,205
4807,632
4808,512
4809,354
4810,428
4811,622
4812,445
4813,622
4814,480
4815,151
4816,131
4817,679
4818,717
4819,494
4820,353
4821,447
4822,755
4823,685
4824,569
4825,705
4826,3
4827,223
4828,667
4829,485
4830,218
4831,468
4832,567
4833,589
4834,682
4835,708
4836,92
4837,567
4838,295
4839,110
4840,212
4841,500
4842,414
4843,185
4844,229
4845,307
4846,200
4847,281
4848,39
4849,739
4850,455
4851,662
4852,266
4853,635
4854,86
4855,299
4856,328
4857,748
4858,605
4859,376
4860,401
4861,665
4862,494
4863,521
4864,315
4865,161
4866,373
4867,511
4868,635
4869,775
4870,580
4871,472
4872,466
4873,473
4874,544
4875,158
4876,168
4877,554
4878,224
4879,13
4880,760
4881,484
4882,346
4883,169
4884,442
4885,487
4886,92
4887,664
4888,111
4889,490
4890,793
4891,686
4892,682
4893,438
4894,371
4895,411
4896,676
4897,780
4898,216
4899,595
4900,558
4901,211
4902,631
4903,294
4904,188
4905,214
4906,147
4907,89
4908,23
4909,432
4910,340
4911,510
4912,454
4913,41
4914,775
4915,576
4916,158
4917,638
4918,498
4919,731
4920,364
4921,717
4922,536
4923,344
4924,275
4925,428
4926,692
4927,360
4928,342
4929,508
4930,253
4931,590
4932,303
4933,148
4934,458
4935,246
4936,583
4937,17
4938,395
4939,641
4940,119
4941,163
4942,444
4943,360
4944,430
4945,230
4946,268
4947,571
4948,441
4949,403
4950,664
4951,161
4952,1
4953,217
4954,100
4955,38
4956,544
4957,425
4958,530
4959,556
4960,649
4961,76
4962,45
4963,756
4964,224
4965,473
4966,756
4967,182
4968,148
4969,477
4970,665
4971,207
4972,66
4973,199
4974,229
4975,515
4976,389
4977,771
4978,100
4979,429
4980,639
4981,702
4982,322
4983,126
4984,699
4985,232
4986,111
4987,670
4988,674
4989,561
4990,564
4991,201
4992,528
4993,791
4994,585
4995,551
4996,56
4997,720
4998,129
4999,437
5000,264
5001,246
5002,696
5003,527
5004,80
5005,500
5006,662
5007,634
5008,279
5009,284
5010,307
5011,284
5012,793
5013,790
5014,512
5015,295
5016,193
5017,312
5018,212
5019,672
5020,293
5021,294
5022,275
5023,747
5024,453
5025,239
5026,4
5027,601
5028,191
5029,498
5030,534
5031,112
5032,597
5033,387
5034,551
5035,504
5036,105
5037,15
5038,79
5039,425
5040,735
5041,494
5042,694
5043,194
5044,211
5045,785
5046,713
5047,25
5048,181
5049,771
5050,329
5051,723
5052,694
5053,784
5054,124
5055,541
5056,183
5057,186
5058,685
5059,63
5060,746
5061,118
5062,110
5063,371
5064,297
5065,128
5066,780
5067,620
5068,741
5069,360
5070,63
5071,383
5072,531
5073,237
5074,449
5075,405
5076,242
5077,400
5078,184
5079,557
5080,13
5081,542
5082,522
5083,662
5084,662
5085,272
5086,737
5087,66
5088,718
5089,288
5090,570
5091,589
5092,42
5093,625
5094,617
5095,726
5096,194
5097,17
5098,375
5099,354
5100,361
5101,96
5102,332
5103,337
5104,627
5105,63
5106,347
5107,221
5108,44
5109,268
5110,295
5111,203
5112,197
5113,24
5114,255
5115,610
5116,491
5117,61
5118,696
5119,178
5120,42
5121,788
5122,673
5123,101
5124,472
5125,23
5126,669
5127,337
5128,393
5129,473
5130,532
5131,597
5132,436
5133,409
5134,226
5135,586
5136,417
5137,638
5138,367
5139,269
5140,563
5141,274
5142,664
5143,137
5144,490
5145,144
5146,249
5147,683
5148,607
5149,289
5150,118
5151,554
5152,268
5153,627
5154,788
5155,346
5156,174
5157,110
5158,370
5159,293
5160,478
5161,542
5162,613
5163,668
5164,656
5165,589
5166,387
5167,42
5168,574
5169,548
5170,698
5171,163
5172,699
5173,481
5174,290
5175,790
5176,597
5177,6
5178,546
5179,108
5180,398
5181,716
5182,444
5183,730
5184,593
5185,541
5186,202
5187,274
5188,105
5189,698
5190,551
5191,513
5192,704
5193,50
5194,705
5195,331
5196,658
5197,108
5198,648
5199,174
5200,501
5201,708
5202,550
5203,373
5204,84
5205,662
5206,491
5207,41
5208,273
5209,348
5210,367
5211,541
5212,427
5213,97
5214,420
5215,542
5216,38
5217,770
5218,201
5219,793
5220,116
5221,450
5222,601
5223,33
5224,197
5225,359
5226,379
5227,414
5228,339
5229,100
5230,519
5231,347
5232,778
5233,160
5234,362
5235,294
5236,453
5237,27
5238,38
5239,404
5240,415
5241,793
5242,574
5243,783
5244,60
5245,564
5246,289
5247,769
5248,403
5249,560
5250,383
5251,146
5252,17
5253,306
5254,504
5255,695
5256,151
5257,517
5258,51
5259,420
5260,390
5261,239
5262,668
5263,563
5264,207
5265,78
5266,219
5267,505
5268,14
5269,351
5270,89
5271,425
5272,365
5273,504
5274,728
5275,496
5276,89
5277,202
5278,568
5279,771
5280,606
5281,265
5282,767
5283,670
5284,59
5285,711
5286,677
5287,644
5288,26
5289,16
5290,145
5291,347
5292,610
5293,617
5294,611
5295,404
5296,265
5297,773
5298,55
5299,442
5300,25
5301,505
5302,526
5303,669
5304,200
5305,639
5306,351
5307,119
5308,752
5309,233
5310,241
5311,336
5312,40
5313,455
5314,105
5315,565
5316,800
5317,644
5318,402
5319,15
5320,347
5321,144
5322,445
5323,306
5324,31
5325,627
5326,593
5327,572
5328,144
5329,500
5330,64
5331,263
5332,365
5333,786
5334,489
5335,314
5336,40
5337,603
5338,386
5339,185
5340,758
5341,388
5342,737
5343,117
5344,514
5345,417
5346,790
5347,262
5348,781
5349,48
5350,460
5351,426
5352,98
5353,737
5354,467
5355,332
5356,443
5357,436
5358,476
5359,631
5360,6
5361,55
5362,515
5363,511
5364,103
5365,242
5366,712
5367,341
5368,336
5369,105
5370,57
5371,38
5372,507
5373,91
5374,520
5375,675
5376,402
5377,60
5378,367
5379,185
5380,796
5381,61
5382,370
5383,671
5384,725
5385,337
5386,8
5387,407
5388,514
5389,270
5390,421
5391,149
5392,427
5393,384
5394,158
5395,384
5396,677
5397,603
5398,456
5399,529
5400,774
5401,607
5402,327
5403,750
5404,716
5405,637
5406,273
5407,120
5408,193
5409,419
5410,42
5411,322
5412,367
5413,237
5414,622
5415,607
5416,726
5417,544
5418,712
5419,669
5420,515
5421,686
5422,179
5423,39
5424,445
5425,386
5426,435
5427,202
5428,462
5429,9
5430,248
5431,638
5432,169
5433,584
5434,361
5435,232
5436,440
5437,369
5438,283
5439,752
5440,236
5441,356
5442,596
5443,790
5444,17
5445,786
5446,312
5447,451
5448,59
5449,168
5450,632
5451,236
5452,40
5453,658
5454,169
5455,99
5456,608
5457,515
5458,289
5459,70
5460,746
5461,543
5462,13
5463,212
5464,566
5465,571
5466,585
5467,560
5468,93
5469,459
5470,424
5471,705
5472,290
5473,669
5474,91
5475,200
5476,540
5477,193
5478,576
5479,266
5480,729
5481,785
5482,182
5483,217
5484,729
5485,652
5486,368
5487,757
5488,621
5489,188
5490,779
5491,347
5492,698
5493,753
5494,609
5495,160
5496,333
5497,424
5498,348
5499,283
5500,673
5501,486
5502,347
5503,184
5504,70
5505,393
5506,580
5507,624
5508,76
5509,253
5510,231
5511,458
5512,393
5513,491
5514,308
5515,530
5516,395
5517,305
5518,195
5519,208
5520,394
5521,184
5522,283
5523,710
5524,547
5525,386
5526,765
5527,552
5528,264
5529,768
5530,578
5531,542
5532,785
5533,616
5534,660
5535,709
5536,794
5537,503
5538,620
5539,762
5540,182
5541,98
5542,400
5543,60
5544,556
5545,657
5546,37
5547,120
5548,139
5549,304
5550,195
5551,559
5552,493
5553,450
5554,314
5555,223
5556,147
5557,517
5558,613
5559,213
5560,273
5561,655
5562,246
5563,187
5564,261
5565,778
5566,316
5567,559
5568,533
5569,621
5570,783
5571,510
5572,107
5573,25
5574,558
5575,33
5576,565
5577,78
5578,648
5579,573
5580,480
5581,466
5582,726
5583,566
5584,380
5585,506
5586,327
5587,4
5588,158
5589,673
5590,625
5591,508
5592,292
5593,215
5594,224
5595,696
5596,785
5597,46
5598,599
5599,7
5600,156
5601,715
5602,561
5603,122
5604,62
5605,728
5606,360
5607,349
5608,612
5609,533
5610,422
5611,334
5612,74
5613,418
5614,41
5615,582
5616,69
5617,48
5618,731
5619,487
5620,211
5621,169
5622,749
5623,540
5624,571
5625,312
5626,146
5627,85
5628,316
5629,217
5630,506
5631,367
5632,680
5633,609
5634,281
5635,380
5636,693
5637,321
5638,77
5639,485
5640,128
5641,534
5642,12
5643,322
5644,235
5645,470
5646,579
5647,494
5648,368
5649,552
5650,497
5651,493
5652,486
5653,430
5654,541
5655,535
5656,573
5657,797
5658,269
5659,631
5660,506
5661,788
5662,334
5663,33
5664,18
5665,482
5666,11
5667,560
5668,357
5669,374
5670,436
5671,117
5672,383
5673,484
5674,793
5675,148
5676,64
5677,303
5678,243
5679,262
5680,128
5681,678
5682,571
5683,494
5684,284
5685,325
5686,303
5687,641
5688,473
5689,562
5690,332
5691,782
5692,731
5693,539
5694,666
5695,321
5696,323
5697,774
5698,276
5699,598
5700,590
5701,137
5702,248
5703,9
5704,81
5705,29
5706,231
5707,130
5708,563
5709,238
5710,692
5711,666
5712,92
5713,671
5714,282
5715,480
5716,795
5717,493
5718,17
5719,710
5720,454
5721,194
5722,215
5723,81
5724,305
5725,108
5726,756
5727,309
5728,338
5729,691
5730,563
5731,253
5732,582
5733,571
5734,649
5735,704
5736,760
5737,409
5738,239
5739,311
5740,166
5741,325
5742,618
5743,246
5744,543
5745,572
5746,352
5747,426
5748,77
5749,673
5750,81
5751,298
5752,209
5753,28
5754,2
5755,274
5756,109
5757,772
5758,310
5759,682
5760,747
5761,105
5762,432
5763,82
5764,650
5765,576
5766,732
5767,616
5768,390
5769,618
5770,535
5771,474
5772,56
5773,414
5774,442
5775,441
5776,748
5777,213
5778,508
5779,157
5780,225
5781,435
5782,642
5783,453
5784,232
5785,3
5786,240
5787,235
5788,409
5789,223
5790,679
5791,569
5792,115
5793,64
5794,29
5795,196
5796,310
5797,621
5798,583
5799,724
5800,767
5801,154
5802,208
5803,359
5804,89
5805,436
5806,788
5807,531
5808,210
5809,230
5810,490
5811,215
5812,343
5813,103
5814,333
5815,105
5816,122
5817,514
5818,797
5819,675
5820,483
5821,553
5822,637
5823,188
5824,642
5825,288
5826,791
5827,35
5828,550
5829,169
5830,517
5831,659
5832,715
5833,371
5834,274
5835,79
5836,518
5837,84
5838,375
5839,779
5840,114
5841,58
5842,463
5843,527
5844,120
5845,289
5846,10
5847,659
5848,277
5849,266
5850,726
5851,262
5852,40
5853,426
5854,368
5855,483
5856,509
5857,81
5858,763
5859,729
5860,701
5861,115
5862,512
5863,597
5864,681
5865,440
5866,36
5867,736
5868,715
5869,291
5870,502
5871,175
5872,173
5873,141
5874,28
5875,69
5876,401
5877,23
5878,282
5879,386
5880,593
5881,729
5882,722
5883,738
5884,44
5885,262
5886,55
5887,572
5888,25
5889,229
5890,502
5891,467
5892,313
5893,602
5894,644
5895,152
5896,334
5897,694
5898,46
5899,440
5900,493
5901,107
5902,130
5903,773
5904,477
5905,336
5906,626
5907,734
5908,757
5909,676
5910,52
5911,216
5912,160
5913,392
5914,184
5915,234
5916,538
5917,413
5918,260
5919,182
5920,774
5921,307
5922,390
5923,461
5924,425
5925,664
5926,124
5927,666
5928,361
5929,590
5930,465
5931,122
5932,29
5933,180
5934,769
5935,234
5936,343
5937,113
5938,157
5939,197
5940,461
5941,493
5942,45
5943,125
5944,364
5945,415
5946,74
5947,385
5948,265
5949,342
5950,111
5951,695
5952,166
5953,182
5954,546
5955,716
5956,238
5957,441
5958,530
5959,501
5960,467
5961,55
5962,422
5963,752
5964,788
5965,35
5966,363
5967,569
5968,559
5969,560
5970,585
5971,182
5972,462
5973,523
5974,153
5975,533
5976,177
5977,86
5978,378
5979,50
5980,491
5981,404
5982,490
5983,785
5984,579
5985,116
5986,130
5987,795
5988,388
5989,420
5990,446
5991,129
5992,771
5993,249
5994,774
5995,756
5996,243
5997,352
5998,175
5999,279
6000,232
6001,189
6002,547
6003,532
6004,752
6005,345
6006,160
6007,690
6008,464
6009,470
6010,165
6011,426
6012,227
6013,624
6014,212
6015,264
6016,311
6017,272
6018,60
6019,782
6020,19
6021,56
6022,694
6023,226
6024,203
6025,510
6026,668
6027,31
6028,399
6029,643
6030,671
6031,295
6032,239
6033,540
6034,167
6035,667
6036,344
6037,398
6038,685
6039,468
6040,472
6041,268
6042,250
6043,765
6044,454
6045,473
6046,418
6047,121
6048,730
6049,417
6050,318
6051,54
6052,455
6053,603
6054,170
6055,760
6056,706
6057,315
6058,699
6059,163
6060,517
6061,335
6062,10
6063,524
6064,470
6065,782
6066,464
6067,459
6068,642
6069,510
6070,310
6071,755
6072,134
6073,670
6074,449
6075,691
6076,543
6077,453
6078,352
6079,362
6080,12
6081,623
6082,663
6083,243
6084,273
6085,145
6086,681
6087,287
6088,426
6089,627
6090,673
6091,41
6092,435
6093,47
6094,721
6095,585
6096,481
6097,519
6098,562
6099,494
6100,215
6101,227
6102,124
6103,45
6104,163
6105,6
6106,246
6107,313
6108,479
6109,669
6110,552
6111,456
6112,700
6113,576
6114,738
6115,406
6116,177
6117,24
6118,776
6119,236
6120,717
6121,657
6122,764
6123,478
6124,90
6125,669
6126,595
6127,753
6128,335
6129,394
6130,702
6131,140
6132,167
6133,142
6134,450
6135,30
6136,752
6137,602
6138,445
6139,547
6140,82
6141,413
6142,634
6143,771
6144,645
6145,677
6146,381
6147,386
6148,67
6149,265
6150,188
6151,608
6152,536
6153,412
6154,476
6155,220
6156,44
6157,238
6158,569
6159,701
6160,57
6161,490
6162,649
6163,610
6164,115
6165,223
6166,183
6167,189
6168,470
6169,633
6170,239
6171,429
6172,35
6173,342
6174,474
6175,218
6176,154
6177,146
6178,138
6179,386
6180,315
6181,10
6182,461
6183,660
6184,637
6185,249
6186,201
6187,171
6188,601
6189,623
6190,8
6191,41
6192,76
6193,541
6194,705
6195,234
6196,755
6197,742
6198,328
6199,583
6200,159
6201,580
6202,63
6203,231
6204,698
6205,54
6206,799
6207,495
6208,540
6209,126
6210,370
6211,729
6212,38
6213,547
6214,191
6215,603
6216,775
6217,632
6218,583
6219,601
6220,336
6221,798
6222,193
6223,663
6224,275
6225,326
6226,518
6227,321
6228,240
6229,207
6230,531
6231,43
6232,634
6233,278
6234,658
6235,779
6236,338
6237,669
6238,766
6239,122
6240,469
6241,588
6242,564
6243,227
6244,368
6245,534
6246,58
6247,289
6248,301
6249,484
6250,475
6251,171
6252,414
6253,725
6254,4
6255,480
6256,38
6257,282
6258,491
6259,28
6260,349
6261,687
6262,616
6263,165
6264,581
6265,176
6266,729
6267,570
6268,749
6269,411
6270,550
6271,690
6272,506
6273,633
6274,444
6275,347
6276,725
6277,231
6278,64
6279,502
6280,558
6281,542
6282,701
6283,741
6284,312
6285,632
6286,609
6287,168
6288,99
6289,701
6290,196
6291,225
6292,64
6293,540
6294,720
6295,697
6296,250
6297,386
6298,408
6299,284
6300,274
6301,779
6302,130
6303,495
6304,663
6305,596
6306,479
6307,779
6308,92
6309,331
6310,166
6311,455
6312,279
6313,510
6314,14
6315,393
6316,145
6317,488
6318,744
6319,507
6320,588
6321,339
6322,179
6323,360
6324,536
6325,149
6326,28
6327,734
6328,557
6329,742
6330,110
6331,306
6332,628
6333,136
6334,673
6335,384
6336,551
6337,355
6338,197
6339,798
6340,85
6341,185
6342,312
6343,274
6344,788
6345,411
6346,58
6347,243
6348,785
6349,488
6350,203
6351,722
6352,79
6353,18
6354,775
6355,330
6356,665
6357,641
6358,510
6359,110
6360,782
6361,249
6362,398
6363,39
6364,322
6365,277
6366,520
6367,197
6368,520
6369,226
6370,691
6371,36
6372,229
6373,232
6374,674
6375,494
6376,193
6377,546
6378,127
6379,262
6380,187
6381,128
6382,319
6383,225
6384,438
6385,27
6386,314
6387,143
6388,67
6389,426
6390,452
6391,185
6392,464
6393,739
6394,439
6395,623
6396,284
6397,418
6398,169
6399,205
6400,614
6401,475
6402,131
6403,244
6404,627
6405,630
6406,488
6407,150
6408,589
6409,43
6410,128
6411,85
6412,307
6413,685
6414,652
6415,558
6416,672
6417,132
6418,734
6419,586
6420,651
6421,716
6422,195
6423,40
6424,698
6425,324
6426,666
6427,649
6428,82
6429,169
6430,263
6431,354
6432,513
6433,216
6434,675
6435,62
6436,34
6437,83
6438,284
6439,668
6440,249
6441,413
6442,536
6443,37
6444,631
6445,697
6446,675
6447,331
6448,573
6449,575
6450,589
6451,90
6452,387
6453,63
6454,69
6455,68
6456,38
6457,654
6458,38
6459,74
6460,748
6461,313
6462,573
6463,505
6464,485
6465,519
6466,378
6467,382
6468,530
6469,469
6470,325
6471,355
6472,428
6473,505
6474,159
6475,741
6476,693
6477,439
6478,53
6479,767
6480,570
6481,79
6482,263
6483,601
6484,84
6485,280
6486,126
6487,164
6488,189
6489,765
6490,702
6491,342
6492,599
6493,587
6494,784
6495,76
6496,131
6497,513
6498,503
6499,316
6500,394
6501,472
6502,38
6503,292
6504,356
6505,457
6506,495
6507,539
6508,398
6509,204
6510,737
6511,240
6512,173
6513,452
6514,175
6515,41
6516,757
6517,578
6518,80
6519,518
6520,706
6521,736
6522,49
6523,698
6524,59
6525,61
6526,681
6527,284
6528,533
6529,87
6530,229
6531,564
6532,773
6533,607
6534,55
6535,25
6536,440
6537,252
6538,694
6539,308
6540,546
6541,383
6542,442
6543,219
6544,624
6545,194
6546,793
6547,176
6548,404
6549,687
6550,238
6551,205
6552,294
6553,742
6554,577
6555,303
6556,286
6557,116
6558,532
6559,186
6560,202
6561,400
6562,363
6563,577
6564,558
6565,455
6566,442
6567,658
6568,56
6569,72
6570,719
6571,473
6572,356
6573,141
6574,736
6575,208
6576,541
6577,294
6578,442
6579,284
6580,578
6581,189
6582,235
6583,778
6584,703
6585,310
6586,750
6587,554
6588,388
6589,421
6590,75
6591,118
6592,27
6593,576
6594,52
6595,725
6596,256
6597,82
6598,738
6599,139
6600,353
6601,51
6602,701
6603,628
6604,785
6605,298
6606,125
6607,89
6608,569
6609,642
6610,515
6611,622
6612,357
6613,448
6614,373
6615,458
6616,428
6617,170
6618,461
6619,396
6620,453
6621,717
6622,104
6623,542
6624,420
6625,218
6626,90
6627,666
6628,462
6629,79
6630,190
6631,760
6632,44
6633,229
6634,507
6635,152
6636,53
6637,6
6638,134
6639,260
6640,224
6641,626
6642,484
6643,487
6644,120
6645,336
6646,752
6647,526
6648,604
6649,311
6650,289
6651,642
6652,764
6653,388
6654,251
6655,281
6656,266
6657,503
6658,27
6659,307
6660,530
6661,183
6662,587
6663,39
6664,212
6665,706
6666,292
6667,620
6668,565
6669,32
6670,398
6671,383
6672,547
6673,742
6674,309
6675,489
6676,717
6677,163
6678,607
6679,713
6680,706
6681,632
6682,158
6683,488
6684,428
6685,650
6686,173
6687,565
6688,69
6689,692
6690,285
6691,175
6692,649
6693,510
6694,494
6695,219
6696,499
6697,397
6698,468
6699,427
6700,34
6701,632
6702,345
6703,716
6704,543
6705,390
6706,647
6707,214
6708,444
6709,207
6710,244
6711,395
6712,44
6713,201
6714,601
6715,627
6716,196
6717,521
6718,138
6719,470
6720,501
6721,432
6722,461
6723,382
6724,114
6725,581
6726,90
6727,355
6728,309
6729,784
6730,254
6731,798
6732,405
6733,432
6734,278
6735,462
6736,236
6737,688
6738,66
6739,91
6740,212
6741,241
6742,774
6743,781
6744,266
6745,705
6746,220
6747,173
6748,686
6749,205
6750,208
6751,562
6752,348
6753,658
6754,244
6755,590
6756,600
6757,154
6758,601
6759,609
6760,203
6761,271
6762,445
6763,8
6764,174
6765,308
6766,265
6767,309
6768,713
6769,267
6770,452
6771,258
6772,126
6773,64
6774,47
6775,106
6776,47
6777,503
6778,541
6779,167
6780,3
6781,669
6782,427
6783,334
6784,260
6785,700
6786,520
6787,181
6788,30
6789,250
6790,738
6791,336
6792,299
6793,739
6794,768
6795,597
6796,514
6797,262
6798,21
6799,368
6800,372
6801,80
6802,619
6803,429
6804,250
6805,227
6806,790
6807,220
6808,395
6809,84
6810,681
6811,101
6812,369
6813,222
6814,403
6815,651
6816,295
6817,385
6818,685
6819,217
6820,255
6821,384
6822,526
6823,380
6824,470
6825,696
6826,642
6827,789
6828,396
6829,505
6830,595
6831,719
6832,171
6833,404
6834,520
6835,760
6836,786
6837,566
6838,541
6839,584
6840,546
6841,517
6842,202
6843,233
6844,535
6845,94
6846,695
6847,792
6848,73
6849,740
6850,151
6851,15
6852,520
6853,794
6854,547
6855,766
6856,736
6857,637
6858,140
6859,503
6860,712
6861,333
6862,652
6863,548
6864,274
6865,445
6866,58
6867,517
6868,42
6869,527
6870,181
6871,457
6872,458
6873,508
6874,577
6875,101
6876,415
6877,616
6878,400
6879,488
6880,716
6881,100
6882,64
6883,306
6884,740
6885,67
6886,570
6887,186
6888,269
6889,592
6890,347
6891,376
6892,600
6893,405
6894,164
6895,692
6896,101
6897,539
6898,496
6899,140
6900,609
6901,498
6902,675
6903,490
6904,313
6905,51
6906,444
6907,441
6908,300
6909,797
6910,532
6911,566
6912,600
6913,7
6914,407
6915,204
6916,174
6917,172
6918,788
6919,497
6920,586
6921,282
6922,722
6923,172
6924,361
6925,425
6926,289
6927,779
6928,172
6929,561
6930,466
6931,309
6932,529
6933,134
6934,4
6935,516
6936,214
6937,285
6938,671
6939,504
6940,283
6941,505
6942,415
6943,590
6944,103
6945,116
6946,512
6947,775
6948,292
6949,486
6950,52
6951,207
6952,150
6953,276
6954,656
6955,607
6956,587
6957,219
6958,259
6959,568
6960,158
6961,125
6962,178
6963,415
6964,672
6965,91
6966,697
6967,743
6968,82
6969,344
6970,16
6971,371
6972,686
6973,443
6974,662
6975,700
6976,151
6977,501
6978,572
6979,799
6980,655
6981,22
6982,706
6983,169
6984,364
6985,141
6986,437
6987,559
6988,683
6989,214
6990,65
6991,692
6992,327
6993,587
6994,235
6995,420
6996,306
6997,749
6998,774
6999,744
7000,552
7001,16
7002,583
7003,270
7004,276
7005,733
7006,764
7007,459
7008,166
7009,156
7010,150
7011,739
7012,583
7013,664
7014,26
7015,674
7016,570
7017,795
7018,2
7019,84
7020,785
7021,518
7022,144
7023,402
7024,793
7025,55
7026,637
7027,530
7028,70
7029,349
7030,74
7031,246
7032,74
7033,191
7034,686
7035,95
7036,291
7037,488
7038,72
7039,287
7040,215
7041,497
7042,89
7043,508
7044,226
7045,187
7046,249
7047,338
7048,449
7049,666
7050,306
7051,439
7052,690
7053,196
7054,459
7055,302
7056,162
7057,584
7058,796
7059,255
7060,347
7061,512
7062,392
7063,129
7064,207
7065,321
7066,709
7067,715
7068,665
7069,796
7070,584
7071,710
7072,155
7073,274
7074,620
7075,631
7076,244
7077,694
7078,413
7079,798
7080,214
7081,41
7082,77
7083,291
7084,572
7085,753
7086,589
7087,495
7088,779
7089,388
7090,544
7091,79
7092,637
7093,776
7094,217
7095,410
7096,721
7097,68
7098,361
7099,701
7100,444
7101,698
7102,332
7103,195
7104,583
7105,264
7106,479
7107,419
7108,70
7109,440
7110,391
7111,399
7112,215
7113,23
7114,774
7115,137
7116,308
7117,212
7118,14
7119,525
7120,581
7121,640
7122,544
7123,129
7124,730
7125,521
7126,64
7127,36
7128,489
7129,363
7130,147
7131,432
7132,17
7133,565
7134,563
7135,396
7136,783
7137,185
7138,207
7139,328
7140,393
7141,261
7142,324
7143,89
7144,726
7145,83
7146,555
7147,522
7148,602
7149,187
7150,195
7151,315
7152,336
7153,475
7154,497
7155,634
7156,477
7157,299
7158,10
7159,78
7160,192
7161,657
7162,614
7163,18
7164,332
7165,80
7166,328
7167,391
7168,74
7169,594
7170,71
7171,529
7172,220
7173,606
7174,259
7175,711
7176,354
7177,616
7178,430
7179,451
7180,302
7181,372
7182,467
7183,511
7184,698
7185,196
7186,759
7187,199
7188,563
7189,162
7190,630
7191,721
7192,409
7193,375
7194,225
7195,616
7196,721
7197,414
7198,62
7199,728
7200,156
7201,191
7202,566
7203,476
7204,558
7205,364
7206,783
7207,488
7208,228
7209,91
7210,224
7211,8
7212,329
7213,412
7214,517
7215,623
7216,252
7217,679
7218,144
7219,666
7220,282
7221,592
7222,131
7223,53
7224,719
7225,570
7226,609
7227,343
7228,123
7229,206
7230,577
7231,465
7232,460
7233,525
7234,728
7235,268
7236,280
7237,693
7238,656
7239,723
7240,402
7241,410
7242,338
7243,774
7244,598
7245,385
7246,674
7247,563
7248,161
7249,572
7250,337
7251,183
7252,308
7253,429
7254,488
7255,262
7256,600
7257,181
7258,26
7259,795
7260,107
7261,542
7262,640
7263,7
7264,93
7265,498
7266,644
7267,617
7268,202
7269,248
7270,252
7271,484
7272,449
7273,457
7274,504
7275,39
7276,337
7277,679
7278,790
7279,795
7280,215
7281,106
7282,107
7283,71
7284,64
7285,603
7286,179
7287,422
7288,521
7289,479
7290,626
7291,162
7292,94
7293,535
7294,362
7295,156
7296,789
7297,667
7298,165
7299,619
7300,154
7301,211
7302,387
7303,300
7304,262
7305,257
7306,355
7307,423
7308,213
7309,475
7310,130
7311,266
7312,677
7313,292
7314,110
7315,687
7316,104
7317,56
7318,720
7319,686
7320,46
7321,126
7322,709
7323,147
7324,778
7325,301
7326,781
7327,544
7328,454
7329,550
7330,210
7331,512
7332,250
7333,721
7334,560
7335,447
7336,248
7337,526
7338,175
7339,489
7340,656
7341,421
7342,653
7343,154
7344,333
7345,728
7346,708
7347,696
7348,675
7349,678
7350,600
7351,279
7352,127
7353,31
7354,786
7355,279
7356,552
7357,141
7358,448
7359,680
7360,514
7361,127
7362,282
7363,650
7364,766
7365,701
7366,584
7367,245
7368,130
7369,24
7370,265
7371,762
7372,377
7373,714
7374,100
7375,608
7376,337
7377,4
7378,772
7379,531
7380,497
7381,433
7382,615
7383,488
7384,5
7385,399
7386,237
7387,431
7388,129
7389,718
7390,215
7391,387
7392,663
7393,749
7394,174
7395,666
7396,610
7397,287
7398,23
7399,746
7400,340
7401,314
7402,501
7403,344
7404,695
7405,179
7406,477
7407,88
7408,260
7409,305
7410,696
7411,465
7412,532
7413,288
7414,607
7415,652
7416,706
7417,385
7418,574
7419,337
7420,164
7421,237
7422,215
7423,448
7424,212
7425,634
7426,283
7427,436
7428,792
7429,258
7430,230
7431,427
7432,421
7433,312
7434,96
7435,129
7436,457
7437,346
7438,741
7439,509
7440,739
7441,213
7442,6
7443,473
7444,760
7445,141
7446,395
7447,759
7448,736
7449,355
7450,101
7451,108
7452,677
7453,622
7454,249
7455,244
7456,435
7457,180
7458,517
7459,452
7460,102
7461,64
7462,174
7463,680
7464,22
7465,642
7466,757
7467,623
7468,763
7469,128
7470,85
7471,579
7472,722
7473,515
7474,770
7475,302
7476,348
7477,550
7478,112
7479,228
7480,785
7481,329
7482,770
7483,148
7484,676
7485,298
7486,375
7487,398
7488,717
7489,263
7490,206
7491,782
7492,578
7493,56
7494,485
7495,304
7496,95
7497,187
7498,449
7499,757
7500,286
7501,305
7502,626
7503,544
7504,517
7505,601
7506,7
7507,534
7508,423
7509,666
7510,740
7511,111
7512,620
7513,244
7514,46
7515,470
7516,382
7517,768
7518,88
7519,12
7520,501
7521,741
7522,613
7523,239
7524,381
7525,714
7526,483
7527,597
7528,294
7529,50
7530,152
7531,106
7532,396
7533,199
7534,684
7535,727
7536,241
7537,675
7538,702
7539,656
7540,648
7541,356
7542,46
7543,677
7544,183
7545,404
7546,565
7547,214
7548,446
7549,591
7550,106
7551,515
7552,637
7553,761
7554,443
7555,550
7556,467
7557,475
7558,213
7559,249
7560,575
7561,501
7562,423
7563,503
7564,84
7565,151
7566,273
7567,269
7568,63
7569,152
7570,609
7571,523
7572,791
7573,134
7574,714
7575,4
7576,89
7577,535
7578,796
7579,561
7580,576
7581,763
7582,358
7583,98
7584,130
7585,60
7586,355
7587,317
7588,261
7589,164
7590,284
7591,27
7592,590
7593,533
7594,554
7595,658
7596,681
7597,205
7598,382
7599,73
7600,659
7601,267
7602,467
7603,426
7604,101
7605,494
7606,285
7607,776
7608,726
7609,637
7610,295
7611,652
7612,759
7613,695
7614,568
7615,360
7616,285
7617,471
7618,470
7619,386
7620,728
7621,423
7622,301
7623,474
7624,84
7625,18
7626,337
7627,572
7628,384
7629,584
7630,64
7631,344
7632,653
7633,477
7634,407
7635,561
7636,78
7637,631
7638,489
7639,468
7640,749
7641,441
7642,376
7643,103
7644,283
7645,791
7646,237
7647,347
7648,257
7649,426
7650,482
7651,616
7652,445
7653,136
7654,702
7655,596
7656,296
7657,458
7658,417
7659,555
7660,179
7661,769
7662,119
7663,729
7664,668
7665,665
7666,564
7667,689
7668,244
7669,578
7670,778
7671,139
7672,581
7673,659
7674,160
7675,122
7676,160
7677,428
7678,434
7679,392
7680,799
7681,60
7682,767
7683,42
7684,676
7685,663
7686,791
7687,756
7688,757
7689,341
7690,458
7691,440
7692,359
7693,378
7694,578
7695,661
7696,372
7697,344
7698,285
7699,9
7700,522
7701,328
7702,68
7703,626
7704,506
7705,441
7706,42
7707,25
7708,149
7709,135
7710,175
7711,563
7712,208
7713,113
7714,498
7715,440
7716,243
7717,665
7718,176
7719,163
7720,282
7721,293
7722,702
7723,605
7724,453
7725,246
7726,790
7727,697
7728,527
7729,459
7730,742
7731,421
7732,603
7733,769
7734,268
7735,534
7736,573
7737,630
7738,549
7739,351
7740,777
7741,772
7742,213
7743,95
7744,72
7745,239
7746,748
7747,499
7748,199
7749,738
7750,401
7751,164
7752,576
7753,433
7754,527
7755,783
7756,145
7757,501
7758,506
7759,65
7760,438
7761,594
7762,539
7763,392
7764,319
7765,8
7766,416
7767,26
7768,689
7769,12
7770,602
7771,581
7772,763
7773,507
7774,620
7775,239
7776,22
7777,703
7778,605
7779,584
7780,702
7781,233
7782,383
7783,535
7784,423
7785,329
7786,409
7787,680
7788,394
7789,447
7790,368
7791,799
7792,395
7793,376
7794,326
7795,223
7796,221
7797,301
7798,617
7799,17
7800,118
7801,571
7802,771
7803,254
7804,243
7805,798
7806,175
7807,100
7808,675
7809,292
7810,680
7811,500
7812,484
7813,695
7814,49
7815,777
7816,490
7817,747
7818,80
7819,795
7820,765
7821,239
7822,187
7823,84
7824,328
7825,275
7826,404
7827,319
7828,744
7829,787
7830,576
7831,761
7832,379
7833,145
7834,342
7835,282
7836,187
7837,569
7838,746
7839,679
7840,381
7841,13
7842,421
7843,664
7844,528
7845,684
7846,166
7847,799
7848,322
7849,10
7850,93
7851,234
7852,142
7853,367
7854,634
7855,397
7856,249
7857,212
7858,140
7859,449
7860,784
7861,8
7862,735
7863,648
7864,341
7865,478
7866,173
7867,466
7868,426
7869,192
7870,677
7871,314
7872,178
7873,600
7874,416
7875,266
7876,739
7877,411
7878,782
7879,218
7880,341
7881,146
7882,376
7883,323
7884,58
7885,527
7886,323
7887,648
7888,104
7889,761
7890,776
7891,17
7892,473
7893,245
7894,404
7895,793
7896,328
7897,277
7898,154
7899,415
7900,273
7901,61
7902,374
7903,723
7904,130
7905,218
7906,110
7907,440
7908,14
7909,158
7910,657
7911,243
7912,42
7913,451
7914,596
7915,432
7916,214
7917,308
7918,296
7919,323
7920,615
7921,553
7922,435
7923,126
7924,145
7925,44
7926,101
7927,224
7928,6
7929,459
7930,68
7931,660
7932,148
7933,176
7934,87
7935,442
7936,682
7937,366
7938,512
7939,426
7940,521
7941,517
7942,99
7943,172
7944,391
7945,33
7946,720
7947,383
7948,601
7949,67
7950,710
7951,621
7952,335
7953,279
7954,539
7955,247
7956,314
7957,546
7958,85
7959,81
7960,491
7961,14
7962,654
7963,773
7964,197
7965,722
7966,298
7967,472
7968,204
7969,779
7970,705
7971,341
7972,163
7973,410
7974,800
7975,481
7976,23
7977,571
7978,170
7979,674
7980,626
7981,407
7982,119
7983,201
7984,90
7985,498
7986,411
7987,683
7988,245
7989,14
7990,691
7991,799
7992,238
7993,50
7994,62
7995,78
7996,717
7997,440
7998,707
7999,515
8000,739
8001,137
8002,157
8003,141
8004,460
8005,125
8006,273
8007,516
8008,442
8009,469
8010,390
8011,489
8012,33
8013,258
8014,562
8015,720
8016,427
8017,435
8018,91
8019,436
8020,728
8021,565
8022,465
8023,306
8024,745
8025,54
8026,115
8027,176
8028,378
8029,18
8030,213
8031,217
8032,354
8033,165
8034,431
8035,392
8036,213
8037,538
8038,82
8039,382
8040,213
8041,410
8042,400
8043,720
8044,23
8045,755
8046,47
8047,575
8048,65
8049,189
8050,143
8051,75
8052,647
8053,696
8054,100
8055,411
8056,447
8057,742
8058,773
8059,452
8060,245
8061,60
8062,303
8063,610
8064,80
8065,337
8066,695
8067,30
8068,584
8069,149
8070,682
8071,639
8072,567
8073,308
8074,561
8075,778
8076,582
8077,518
8078,435
8079,44
8080,141
8081,736
8082,67
8083,798
8084,157
8085,14
8086,171
8087,595
8088,17
8089,715
8090,388
8091,199
8092,4
8093,69
8094,636
8095,155
8096,670
8097,780
8098,634
8099,734
8100,762
8101,306
8102,451
8103,589
8104,790
8105,462
8106,132
8107,415
8108,399
8109,728
8110,329
8111,228
8112,655
8113,133
8114,108
8115,506
8116,52
8117,166
8118,670
8119,5
8120,659
8121,511
8122,164
8123,130
8124,778
8125,27
8126,427
8127,581
8128,338
8129,581
8130,355
8131,291
8132,243
8133,235
8134,528
8135,772
8136,230
8137,511
8138,632
8139,135
8140,191
8141,10
8142,153
8143,594
8144,324
8145,320
8146,66
8147,461
8148,544
8149,365
8150,740
8151,443
8152,210
8153,458
8154,24
8155,95
8156,159
8157,569
8158,33
8159,125
8160,709
8161,286
8162,503
8163,557
8164,495
8165,270
8166,247
8167,51
8168,488
8169,191
8170,597
8171,215
8172,625
8173,710
8174,244
8175,713
8176,621
8177,527
8178,706
8179,158
8180,228
8181,322
8182,212
8183,760
8184,634
8185,334
8186,262
8187,201
8188,220
8189,169
8190,339
8191,578
8192,171
8193,609
8194,168
8195,432
8196,436
8197,482
8198,769
8199,109
8200,616
8201,281
8202,145
8203,717
8204,440
8205,170
8206,731
8207,605
8208,431
8209,475
8210,571
8211,389
8212,63
8213,174
8214,540
8215,244
8216,524
8217,13
8218,207
8219,522
8220,546
8221,513
8222,743
8223,124
8224,217
8225,531
8226,596
8227,217
8228,106
8229,305
8230,122
8231,540
8232,520
8233,565
8234,133
8235,108
8236,372
8237,615
8238,25
8239,477
8240,493
8241,583
8242,189
8243,111
8244,336
8245,613
8246,334
8247,615
8248,596
8249,324
8250,284
8251,222
8252,254
8253,81
8254,539
8255,779
8256,794
8257,407
8258,299
8259,590
8260,535
8261,769
8262,434
8263,536
8264,551
8265,380
8266,717
8267,477
8268,73
8269,25
8270,703
8271,666
8272,52
8273,768
8274,82
8275,711
8276,242
8277,11
8278,698
8279,213
8280,586
8281,103
8282,271
8283,65
8284,214
8285,725
8286,505
8287,36
8288,653
8289,470
8290,766
8291,165
8292,624
8293,525
8294,169
8295,783
8296,508
8297,174
8298,115
8299,146
8300,38
8301,18
8302,388
8303,182
8304,101
8305,254
8306,582
8307,73
8308,53
8309,558
8310,364
8311,391
8312,353
8313,647
8314,164
8315,339
8316,674
8317,46
8318,687
8319,307
8320,296
8321,334
8322,370
8323,462
8324,609
8325,79
8326,159
8327,751
8328,430
8329,58
8330,762
8331,93
8332,523
8333,326
8334,443
8335,246
8336,435
8337,771
8338,235
8339,444
8340,289
8341,180
8342,626
8343,108
8344,371
8345,769
8346,431
8347,564
8348,680
8349,776
8350,782
8351,159
8352,321
8353,295
8354,483
8355,672
8356,140
8357,615
8358,244
8359,184
8360,1
8361,160
8362,477
8363,164
8364,672
8365,675
8366,450
8367,34
8368,93
8369,360
8370,14
8371,501
8372,297
8373,677
8374,75
8375,317
8376,28
8377,51
8378,77
8379,215
8380,104
8381,358
8382,727
8383,162
8384,771
8385,442
8386,583
8387,625
8388,549
8389,627
8390,104
8391,793
8392,541
8393,379
8394,616
8395,290
8396,235
8397,465
8398,96
8399,619
8400,411
8401,180
8402,528
8403,417
8404,215
8405,46
8406,739
8407,561
8408,127
8409,698
8410,502
8411,437
8412,258
8413,719
8414,683
8415,126
8416,684
8417,755
8418,764
8419,754
8420,129
8421,748
8422,294
8423,148
8424,7
8425,339
8426,38
8427,306
8428,698
8429,249
8430,461
8431,308
8432,265
8433,309
8434,235
8435,729
8436,753
8437,213
8438,12
8439,558
8440,780
8441,791
8442,763
8443,357
8444,726
8445,654
8446,418
8447,542
8448,239
8449,610
8450,447
8451,663
8452,797
8453,778
8454,281
8455,166
8456,190
8457,342
8458,461
8459,764
8460,195
8461,209
8462,698
8463,590
8464,322
8465,548
8466,249
8467,599
8468,759
8469,560
8470,391
8471,398
8472,305
8473,543
8474,231
8475,6
8476,380
8477,404
8478,494
8479,230
8480,701
8481,84
8482,491
8483,294
8484,577
8485,116
8486,678
8487,607
8488,512
8489,126
8490,26
8491,752
8492,642
8493,437
8494,523
8495,271
8496,285
8497,626
8498,549
8499,290
8500,598
8501,455
8502,214
8503,134
8504,728
8505,752
8506,654
8507,233
8508,205
8509,34
8510,452
8511,570
8512,574
8513,659
8514,703
8515,491
8516,665
8517,782
8518,80
8519,763
8520,26
8521,211
8522,652
8523,709
8524,651
8525,616
8526,500
8527,220
8528,342
8529,603
8530,395
8531,621
8532,117
8533,382
8534,591
8535,368
8536,677
8537,653
8538,416
8539,422
8540,723
8541,410
8542,398
8543,352
8544,742
8545,525
8546,745
8547,571
8548,706
8549,253
8550,97
8551,548
8552,410
8553,262
8554,403
8555,643
8556,656
8557,694
8558,121
8559,308
8560,415
8561,676
8562,532
8563,244
8564,26
8565,68
8566,541
8567,650
8568,482
8569,774
8570,197
8571,407
8572,412
8573,384
8574,384
8575,415
8576,225
8577,484
8578,448
8579,84
8580,664
8581,489
8582,191
8583,192
8584,368
8585,35
8586,441
8587,143
8588,238
8589,166
8590,98
8591,549
8592,405
8593,378
8594,5
8595,302
8596,263
8597,12
8598,330
8599,464
8600,268
8601,392
8602,34
8603,190
8604,734
8605,565
8606,800
8607,486
8608,119
8609,455
8610,321
8611,784
8612,497
8613,360
8614,713
8615,132
8616,624
8617,537
8618,193
8619,203
8620,443
8621,755
8622,43
8623,45
8624,641
8625,389
8626,363
8627,500
8628,171
8629,14
8630,199
8631,421
8632,659
8633,782
8634,581
8635,657
8636,152
8637,107
8638,554
8639,224
8640,547
8641,177
8642,660
8643,795
8644,28
8645,280
8646,534
8647,301
8648,326
8649,577
8650,703
8651,431
8652,708
8653,485
8654,356
8655,123
8656,127
8657,532
8658,478
8659,173
8660,473
8661,306
8662,109
8663,451
8664,474
8665,672
8666,566
8667,493
8668,355
8669,77
8670,258
8671,460
8672,208
8673,112
8674,61
8675,176
8676,618
8677,631
8678,481
8679,423
8680,34
8681,718
8682,201
8683,469
8684,782
8685,765
8686,308
8687,478
8688,593
8689,386
8690,345
8691,346
8692,637
8693,478
8694,465
8695,593
8696,218
8697,702
8698,58
8699,502
8700,684
8701,643
8702,14
8703,641
8704,121
8705,150
8706,525
8707,287
8708,639
8709,392
8710,577
8711,502
8712,129
8713,235
8714,258
8715,9
8716,449
8717,67
8718,329
8719,317
8720,336
8721,79
8722,301
8723,406
8724,455
8725,209
8726,661
8727,389
8728,191
8729,71
8730,720
8731,119
8732,748
8733,51
8734,600
8735,466
8736,376
8737,115
8738,775
8739,158
8740,746
8741,774
8742,668
8743,714
8744,200
8745,668
8746,146
8747,609
8748,251
8749,602
8750,489
8751,496
8752,274
8753,503
8754,430
8755,567
8756,215
8757,195
8758,209
8759,72
8760,377
8761,595
8762,675
8763,528
8764,52
8765,199
8766,52
8767,134
8768,279
8769,465
8770,160
8771,253
8772,551
8773,240
8774,467
8775,698
8776,250
8777,773
8778,200
8779,511
8780,13
8781,3
8782,788
8783,264
8784,590
8785,510
8786,175
8787,535
8788,271
8789,76
8790,78
8791,360
8792,543
8793,560
8794,759
8795,782
8796,219
8797,422
8798,53
8799,780
8800,304
8801,796
8802,368
8803,37
8804,294
8805,142
8806,581
8807,648
8808,487
8809,478
8810,578
8811,54
8812,758
8813,1
8814,39
8815,605
8816,783
8817,719
8818,547
8819,775
8820,17
8821,570
8822,226
8823,46
8824,541
8825,777
8826,591
8827,513
8828,208
8829,267
8830,517
8831,320
8832,234
8833,151
8834,136
8835,543
8836,317
8837,144
8838,552
8839,204
8840,529
8841,239
8842,220
8843,95
8844,441
8845,104
8846,551
8847,576
8848,709
8849,319
8850,137
8851,780
8852,260
8853,197
8854,535
8855,191
8856,799
8857,431
8858,423
8859,454
8860,544
8861,74
8862,771
8863,691
8864,715
8865,718
8866,562
8867,738
8868,735
8869,254
8870,291
8871,746
8872,393
8873,589
8874,8
8875,620
8876,260
8877,278
8878,216
8879,252
8880,239
8881,474
8882,125
8883,733
8884,193
8885,210
8886,351
8887,513
8888,627
8889,344
8890,9
8891,750
8892,534
8893,155
8894,144
8895,92
8896,198
8897,538
8898,210
8899,490
8900,512
8901,653
8902,108
8903,678
8904,100
8905,295
8906,529
8907,365
8908,787
8909,624
8910,798
8911,668
8912,696
8913,727
8914,689
8915,177
8916,167
8917,124
8918,614
8919,781
8920,706
8921,18
8922,57
8923,281
8924,494
8925,170
8926,351
8927,626
8928,94
8929,6
8930,24
8931,533
8932,729
8933,121
8934,157
8935,531
8936,268
8937,314
8938,32
8939,631
8940,688
8941,459
8942,410
8943,756
8944,109
8945,403
8946,18
8947,80
8948,663
8949,643
8950,595
8951,4
8952,190
8953,499
8954,695
8955,174
8956,170
8957,309
8958,80
8959,140
8960,514
8961,576
8962,441
8963,234
8964,60
8965,271
8966,62
8967,241
8968,515
8969,741
8970,589
8971,499
8972,444
8973,791
8974,605
8975,89
8976,661
8977,211
8978,719
8979,299
8980,666
8981,393
8982,431
8983,624
8984,406
8985,224
8986,131
8987,318
8988,560
8989,272
8990,170
8991,270
8992,220
8993,466
8994,292
8995,360
8996,44
8997,372
8998,356
8999,653
9000,447
