10001
0,557
0,703
0,191
0,593
0,793
0,270
0,461
0,15
0,135
0,700
0,307
0,439
0,756
0,673
0,783
0,257
0,530
0,191
0,659
0,236
0,318
0,674
0,162
0,372
0,722
0,215
0,535
0,248
0,648
0,365
0,324
0,64
0,743
0,763
0,397
0,689
0,731
0,580
0,435
0,627
0,262
0,771
0,149
0,21
0,702
0,402
0,703
0,429
0,503
0,792
0,558
0,394
0,104
0,761
0,33
0,443
0,520
0,185
0,682
0,739
0,182
0,35
0,293
0,59
0,633
0,78
0,376
0,585
0,319
0,623
0,377
0,334
0,450
0,332
0,343
0,290
0,544
0,13
0,209
0,86
0,687
0,547
0,390
0,400
0,619
0,90
0,671
0,28
0,606
0,158
0,760
0,597
0,26
0,630
0,4
0,709
0,670
0,60
0,406
0,547
0,159
0,713
0,266
0,288
0,257
0,395
0,662
0,329
0,651
0,795
0,796
0,697
0,430
0,551
0,600
0,740
0,341
0,792
0,660
0,604
0,379
0,407
0,105
0,765
0,2
0,103
0,242
0,165
0,361
0,469
0,568
0,101
0,141
0,114
0,342
0,345
0,144
0,338
0,436
0,429
0,196
0,336
0,552
0,610
0,577
0,740
0,704
0,124
0,30
0,301
0,474
0,580
0,98
0,182
0,399
0,490
0,53
0,372
0,340
0,217
0,594
0,645
0,733
0,212
0,481
0,388
0,214
0,567
0,434
0,174
0,783
0,525
0,445
0,112
0,318
0,21
0,688
0,10
0,571
0,571
0,271
0,796
0,480
0,502
0,346
0,482
0,404
0,254
0,43
0,222
0,32
0,553
0,555
0,121
0,738
0,74
0,567
0,143
0,558
0,538
0,486
0,630
0,639
0,431
0,251
0,490
0,436
0,528
0,453
0,542
0,300
0,692
0,12
0,452
0,744
0,468
0,97
0,625
0,487
0,111
0,536
0,401
0,707
0,420
0,442
0,256
0,763
0,489
0,395
0,384
0,230
0,472
0,455
0,212
0,184
0,275
0,543
0,725
0,104
0,91
0,509
0,323
0,298
0,380
0,111
0,86
0,233
0,134
0,581
0,626
0,148
0,622
0,601
0,120
0,462
0,486
0,385
0,449
0,313
0,260
0,616
0,454
0,761
0,122
0,63
0,483
0,473
0,333
0,222
0,755
0,133
0,197
0,256
0,272
0,761
0,91
0,670
0,407
0,220
0,530
0,553
0,564
0,555
0,790
0,591
0,145
0,559
0,94
0,358
0,166
0,594
0,767
0,373
0,586
0,665
0,293
0,764
0,334
0,66
0,269
0,245
0,1
0,298
0,416
0,672
0,358
0,551
0,330
0,184
0,260
0,687
0,463
0,556
0,160
0,66
0,194
0,343
0,500
0,76
0,331
0,299
0,362
0,694
0,362
0,144
0,651
0,344
0,550
0,109
0,57
0,653
0,163
0,725
0,364
0,92
0,362
0,134
0,727
0,276
0,538
0,476
0,677
0,131
0,332
0,191
0,144
0,361
0,527
0,766
0,763
0,360
0,79
0,425
0,303
0,361
0,146
0,785
0,704
0,790
0,327
0,713
0,16
0,87
0,151
0,616
0,624
0,483
0,254
0,28
0,621
0,770
0,575
0,644
0,323
0,364
0,536
0,380
0,632
0,771
0,128
0,32
0,563
0,84
0,283
0,148
0,189
0,583
0,360
0,369
0,132
0,88
0,243
0,224
0,322
0,9
0,261
0,5
0,633
0,263
0,75
0,172
0,703
0,169
0,5
0,796
0,744
0,322
0,87
0,236
0,499
0,8
0,718
0,369
0,280
0,101
0,406
0,393
0,777
0,366
0,164
0,29
0,202
0,523
0,402
0,685
0,704
0,82
0,443
0,208
0,121
0,605
0,535
0,26
0,781
0,793
0,785
0,398
0,616
0,463
0,216
0,526
0,148
0,490
0,737
0,651
0,337
0,493
0,691
0,513
0,4
0,111
0,29
0,396
0,409
0,681
0,516
0,504
0,583
0,414
0,8
0,57
0,83
0,217
0,225
0,115
0,126
0,221
0,545
0,11
0,588
0,177
0,186
0,140
0,484
0,75
0,78
0,391
0,706
0,231
0,622
0,205
0,208
0,398
0,317
0,647
0,622
0,554
0,202
0,219
0,144
0,192
0,465
0,392
0,388
0,296
0,185
0,439
0,398
0,174
0,475
0,35
0,337
0,186
0,501
0,756
0,489
0,785
0,222
0,730
0,598
0,226
0,782
0,27
0,351
0,158
0,70
0,140
0,234
0,444
0,304
0,464
0,7
0,508
0,550
0,754
0,766
0,79
0,658
0,693
0,768
0,393
0,614
0,449
0,609
0,349
0,718
0,506
0,592
0,137
0,571
0,31
0,764
0,182
0,114
0,517
0,445
0,660
0,790
0,259
0,707
0,69
0,393
0,137
0,303
0,188
0,267
0,275
0,413
0,601
0,453
0,683
0,442
0,716
0,127
0,750
0,670
0,64
0,654
0,643
0,643
0,276
0,587
0,68
0,395
0,451
0,585
0,704
0,569
0,81
0,32
0,53
0,322
0,261
0,486
0,364
0,745
0,622
0,320
0,370
0,188
0,646
0,506
0,144
0,581
0,158
0,199
0,102
0,753
0,476
0,199
0,410
0,484
0,495
0,527
0,421
0,614
0,88
0,38
0,30
0,96
0,294
0,379
0,82
0,328
0,76
0,548
0,669
0,98
0,393
0,149
0,430
0,205
0,102
0,436
0,352
0,25
0,190
0,714
0,67
0,706
0,479
0,124
0,101
0,725
0,372
0,773
0,263
0,179
0,704
0,460
0,461
0,315
0,239
0,238
0,50
0,83
0,496
0,209
0,134
0,658
0,505
0,167
0,110
0,38
0,316
0,111
0,345
0,16
0,218
0,343
0,357
0,438
0,117
0,694
0,332
0,513
0,694
0,575
0,354
0,177
0,118
0,437
0,8
0,52
0,708
0,15
0,657
0,409
0,331
0,269
0,374
0,118
0,212
0,190
0,221
0,713
0,644
0,602
0,534
0,320
0,462
0,28
0,366
0,570
0,193
0,474
0,706
0,307
0,591
0,178
0,431
0,124
0,614
0,618
0,42
0,294
0,517
0,509
0,32
0,737
0,326
0,414
0,696
0,444
0,248
0,478
0,626
0,509
0,11
0,548
0,128
0,350
0,235
0,267
0,118
0,79
0,468
0,144
0,276
0,49
0,458
0,763
0,3
0,661
0,594
0,572
0,8
0,210
0,95
0,690
0,776
0,452
0,261
0,319
0,670
0,148
0,655
0,568
0,725
0,555
0,259
0,715
0,341
0,490
0,421
0,202
0,606
0,547
0,470
0,105
0,619
0,737
0,288
0,581
0,136
0,53
0,31
0,650
0,347
0,577
0,452
0,490
0,409
0,447
0,259
0,163
0,493
0,360
0,410
0,707
0,151
0,226
0,104
0,755
0,615
0,413
0,553
0,99
0,333
0,210
0,492
0,691
0,296
0,601
0,603
0,86
0,651
0,486
0,522
0,44
0,4
0,199
0,765
0,584
0,404
0,62
0,688
0,538
0,757
0,699
0,458
0,290
0,459
0,743
0,491
0,164
0,632
0,10
0,96
0,37
0,53
0,204
0,402
0,179
0,720
0,270
0,379
0,73
0,712
0,166
0,745
0,649
0,553
0,532
0,155
0,776
0,232
0,639
0,664
0,159
0,13
0,149
0,539
0,494
0,619
0,169
0,543
0,250
0,134
0,508
0,723
0,394
0,516
0,613
0,242
0,200
0,222
0,149
0,774
0,9
0,416
0,11
0,111
0,721
0,109
0,106
0,466
0,185
0,403
0,469
0,757
0,175
0,541
0,529
0,216
0,714
0,706
0,607
0,121
0,683
0,537
0,196
0,792
0,128
0,403
0,719
0,234
0,147
0,321
0,388
0,263
0,573
0,189
0,159
0,218
0,738
0,243
0,347
0,443
0,33
0,110
0,333
0,294
0,676
0,712
0,565
0,103
0,796
0,191
0,399
0,175
0,264
0,350
0,742
0,429
0,65
0,74
0,243
0,186
0,588
0,186
0,260
0,361
0,790
0,373
0,655
0,104
0,661
0,304
0,401
0,510
0,222
0,663
0,458
0,461
0,609
0,360
0,567
0,99
0,274
0,436
0,121
0,95
0,278
0,387
0,124
0,405
0,784
0,706
0,1
0,690
0,473
0,103
0,128
0,354
0,163
0,218
0,755
0,503
0,593
0,727
0,154
0,554
0,128
0,340
0,60
0,411
0,282
0,741
0,96
0,212
0,207
0,180
0,783
0,71
0,61
0,388
0,146
0,414
0,703
0,435
0,348
0,533
0,146
0,344
0,421
0,228
0,211
0,278
0,23
0,298
0,38
0,160
0,259
0,297
0,380
0,620
0,291
0,764
0,78
0,708
0,642
0,787
0,408
0,36
0,625
0,442
0,754
0,633
0,563
0,753
0,760
0,295
0,622
0,695
0,557
0,231
0,5
0,598
0,604
0,197
0,426
0,373
0,566
0,770
0,755
0,682
0,50
0,631
0,192
0,112
0,163
0,270
0,492
0,540
0,86
0,777
0,118
0,454
0,467
0,558
0,603
0,201
0,504
0,765
0,399
0,557
0,268
0,603
0,359
0,437
0,298
0,701
0,634
0,472
0,667
0,165
0,691
0,643
0,434
0,585
0,33
0,525
0,398
0,364
0,205
0,384
0,278
0,232
0,755
0,408
0,36
0,774
0,691
0,498
0,777
0,105
0,134
0,704
0,665
0,84
0,342
0,605
0,469
0,192
0,118
0,245
0,415
0,313
0,347
0,494
0,238
0,627
0,67
0,452
0,449
0,415
0,286
0,257
0,84
0,774
0,56
0,20
0,188
0,479
0,371
0,623
0,196
0,101
0,413
0,325
0,169
0,346
0,769
0,375
0,448
0,340
0,244
0,511
0,728
0,650
0,460
0,700
0,568
0,669
0,275
0,627
0,95
0,110
0,656
0,152
0,300
0,215
0,362
0,172
0,497
0,681
0,427
0,73
0,647
0,4
0,599
0,423
0,647
0,380
0,385
0,567
0,260
0,669
0,776
0,704
0,426
0,204
0,45
0,61
0,505
0,436
0,313
0,572
0,541
0,558
0,324
0,547
0,61
0,492
0,232
0,67
0,145
0,406
0,410
0,744
0,160
0,272
0,79
0,15
0,418
0,557
0,36
0,474
0,154
0,555
0,569
0,532
0,693
0,708
0,17
0,487
0,102
0,505
0,462
0,99
0,325
0,62
0,466
0,631
0,66
0,565
0,443
0,179
0,483
0,323
0,354
0,207
0,401
0,113
0,514
0,537
0,268
0,499
0,640
0,590
0,340
0,612
0,70
0,228
0,137
0,318
0,612
0,780
0,361
0,349
0,374
0,219
0,231
0,480
0,487
0,738
0,422
0,702
0,585
0,614
0,590
0,154
0,306
0,388
0,756
0,25
0,283
0,49
0,57
0,344
0,563
0,742
0,127
0,287
0,14
0,206
0,450
0,327
0,615
0,210
0,220
0,577
0,417
0,240
0,398
0,193
0,705
0,167
0,270
0,577
0,662
0,459
0,235
0,293
0,42
0,448
0,613
0,536
0,333
0,436
0,330
0,611
0,389
0,16
0,454
0,451
0,320
0,114
0,266
0,85
0,778
0,697
0,141
0,573
0,30
0,677
0,32
0,76
0,415
0,23
0,31
0,755
0,485
0,535
0,635
0,422
0,595
0,259
0,251
0,349
0,629
0,413
0,129
0,668
0,694
0,86
0,227
0,588
0,794
0,487
0,427
0,110
0,244
0,389
0,290
0,343
0,264
0,749
0,510
0,58
0,166
0,635
0,632
0,386
0,76
0,755
0,618
0,729
0,375
0,88
0,323
0,280
0,796
0,733
0,599
0,597
0,19
0,745
0,55
0,189
0,420
0,603
0,634
0,612
0,370
0,238
0,527
0,149
0,132
0,89
0,700
0,691
0,233
0,790
0,546
0,700
0,259
0,75
0,179
0,120
0,291
0,471
0,742
0,202
0,171
0,785
0,3
0,64
0,240
0,433
0,584
0,342
0,63
0,535
0,318
0,201
0,749
0,383
0,590
0,358
0,356
0,644
0,461
0,117
0,90
0,362
0,226
0,693
0,261
0,648
0,243
0,242
0,276
0,692
0,565
0,184
0,449
0,199
0,127
0,578
0,145
0,165
0,230
0,723
0,564
0,205
0,490
0,411
0,232
0,727
0,478
0,678
0,117
0,782
0,361
0,35
0,480
0,741
0,337
0,218
0,312
0,180
0,227
0,93
0,8
0,667
0,479
0,235
0,533
0,655
0,96
0,767
0,403
0,460
0,320
0,790
0,237
0,239
0,208
0,11
0,555
0,116
0,237
0,404
0,398
0,791
0,782
0,664
0,90
0,659
0,199
0,84
0,436
0,481
0,595
0,443
0,632
0,618
0,688
0,242
0,375
0,681
0,780
0,637
0,738
0,73
0,22
0,372
0,568
0,622
0,436
0,724
0,556
0,518
0,748
0,452
0,337
0,591
0,434
0,714
0,426
0,222
0,413
0,739
0,257
0,221
0,22
0,446
0,284
0,153
0,594
0,114
0,234
0,258
0,604
0,440
0,502
0,519
0,282
0,460
0,116
0,347
0,99
0,341
0,199
0,200
0,708
0,9
0,172
0,28
0,662
0,749
0,479
0,338
0,103
0,366
0,588
0,684
0,753
0,62
0,216
0,746
0,286
0,126
0,114
0,28
0,360
0,544
0,247
0,405
0,759
0,201
0,602
0,476
0,352
0,443
0,1
0,712
0,217
0,570
0,387
0,186
0,358
0,355
0,404
0,745
0,748
0,372
0,437
0,519
0,564
0,268
0,712
0,414
0,622
0,653
0,216
0,691
0,219
0,695
0,298
0,358
0,160
0,486
0,415
0,187
0,232
0,710
0,648
0,461
0,564
0,578
0,264
0,88
0,671
0,304
0,590
0,642
0,617
0,681
0,597
0,299
0,121
0,278
0,417
0,598
0,318
0,517
0,789
0,217
0,134
0,285
0,326
0,154
0,776
0,544
0,305
0,232
0,524
0,643
0,422
0,490
0,212
0,670
0,625
0,798
0,315
0,126
0,132
0,315
0,605
0,25
0,251
0,69
0,140
0,559
0,657
0,442
0,430
0,328
0,568
0,44
0,460
0,419
0,719
0,48
0,415
0,335
0,484
0,191
0,615
0,676
0,24
0,63
0,582
0,314
0,385
0,128
0,684
0,668
0,305
0,568
0,669
0,437
0,162
0,306
0,348
0,444
0,362
0,70
0,239
0,423
0,233
0,281
0,356
0,582
0,157
0,702
0,541
0,735
0,321
0,724
0,363
0,299
0,394
0,434
0,36
0,252
0,498
0,339
0,757
0,467
0,238
0,753
0,461
0,738
0,477
0,667
0,245
0,753
0,788
0,65
0,538
0,611
0,449
0,720
0,398
0,302
0,583
0,111
0,205
0,733
0,638
0,425
0,547
0,366
0,736
0,36
0,70
0,342
0,103
0,49
0,210
0,311
0,781
0,194
0,166
0,633
0,323
0,548
0,58
0,208
0,42
0,350
0,717
0,111
0,114
0,428
0,591
0,221
0,376
0,338
0,582
0,424
0,613
0,79
0,335
0,18
0,737
0,251
0,489
0,800
0,72
0,733
0,328
0,11
0,585
0,623
0,734
0,200
0,2
0,633
0,308
0,47
0,599
0,66
0,47
0,93
0,413
0,763
0,177
0,158
0,526
0,39
0,107
0,192
0,475
0,711
0,541
0,196
0,595
0,197
0,400
0,440
0,359
0,628
0,313
0,162
0,369
0,1
0,317
0,381
0,192
0,654
0,768
0,43
0,234
0,49
0,766
0,24
0,258
0,570
0,45
0,576
0,601
0,792
0,208
0,110
0,399
0,244
0,685
0,159
0,439
0,500
0,194
0,714
0,748
0,37
0,194
0,112
0,197
0,155
0,504
0,477
0,542
0,538
0,420
0,319
0,735
0,712
0,163
0,605
0,739
0,386
0,542
0,250
0,525
0,25
0,43
0,328
0,407
0,750
0,254
0,599
0,750
0,79
0,531
0,357
0,199
0,434
0,739
0,129
0,147
0,200
0,757
0,634
0,71
0,166
0,20
0,166
0,32
0,121
0,465
0,514
0,173
0,446
0,283
0,533
0,150
0,150
0,235
0,63
0,466
0,707
0,161
0,559
0,585
0,317
0,725
0,625
0,397
0,566
0,363
0,567
0,385
0,572
0,242
0,539
0,167
0,126
0,55
0,259
0,517
0,276
0,521
0,547
0,549
0,487
0,763
0,221
0,625
0,284
0,407
0,794
0,784
0,250
0,406
0,149
0,2
0,651
0,531
0,341
0,697
0,760
0,240
0,430
0,638
0,56
0,672
0,709
0,581
0,264
0,503
0,271
0,767
0,790
0,487
0,761
0,577
0,549
0,762
0,219
0,373
0,185
0,115
0,49
0,705
0,227
0,337
0,262
0,279
0,739
0,528
0,731
0,476
0,222
0,12
0,142
0,667
0,213
0,533
0,783
0,430
0,42
0,796
0,692
0,266
0,766
0,313
0,213
0,137
0,383
0,560
0,410
0,61
0,379
0,788
0,599
0,215
0,651
0,710
0,88
0,338
0,448
0,305
0,67
0,78
0,146
0,99
0,512
0,138
0,414
0,726
0,412
0,187
0,688
0,777
0,46
0,332
0,78
0,23
0,102
0,124
0,651
0,747
0,721
0,573
0,84
0,657
0,652
0,30
0,156
0,345
0,436
0,569
0,28
0,48
0,512
0,360
0,615
0,212
0,298
0,298
0,261
0,800
0,355
0,688
0,355
0,262
0,303
0,431
0,47
0,207
0,712
0,96
0,331
0,430
0,785
0,385
0,146
0,296
0,238
0,299
0,449
0,193
0,47
0,450
0,494
0,720
0,756
0,45
0,104
0,458
0,380
0,243
0,624
0,186
0,565
0,722
0,669
0,400
0,502
0,310
0,323
0,303
0,152
0,124
0,724
0,445
0,615
0,333
0,565
0,353
0,606
0,302
0,565
0,391
0,108
0,373
0,201
0,453
0,62
0,463
0,787
0,254
0,117
0,595
0,64
0,432
0,83
0,432
0,687
0,432
0,162
0,712
0,764
0,281
0,498
0,437
0,53
0,367
0,663
0,591
0,622
0,286
0,612
0,745
0,120
0,724
0,173
0,464
0,426
0,727
0,105
0,104
0,440
0,638
0,322
0,170
0,265
0,442
0,330
0,112
0,648
0,251
0,500
0,299
0,312
0,129
0,534
0,471
0,270
0,522
0,492
0,240
0,10
0,501
0,514
0,660
0,366
0,486
0,679
0,405
0,747
0,761
0,612
0,563
0,544
0,373
0,23
0,58
0,463
0,706
0,595
0,5
0,330
0,767
0,248
0,782
0,74
0,339
0,694
0,518
0,461
0,194
0,37
0,240
0,164
0,683
0,357
0,100
0,646
0,138
0,57
0,261
0,220
0,92
0,8
0,689
0,186
0,266
0,632
0,685
0,71
0,540
0,131
0,300
0,3
0,459
0,470
0,233
0,200
0,192
0,200
0,370
0,45
0,36
0,278
0,208
0,186
0,735
0,174
0,641
0,644
0,771
0,57
0,697
0,360
0,563
0,254
0,531
0,571
0,472
0,710
0,698
0,715
0,315
0,444
0,532
0,780
0,141
0,777
0,218
0,163
0,242
0,12
0,570
0,584
0,682
0,101
0,185
0,179
0,310
0,367
0,473
0,442
0,561
0,55
0,206
0,317
0,512
0,686
0,686
0,117
0,404
0,535
0,27
0,455
0,700
0,585
0,775
0,375
0,720
0,543
0,311
0,37
0,202
0,358
0,658
0,581
0,754
0,565
0,209
0,770
0,146
0,706
0,105
0,773
0,237
0,377
0,528
0,258
0,350
0,64
0,249
0,166
0,447
0,467
0,763
0,221
0,489
0,639
0,644
0,255
0,359
0,323
0,23
0,377
0,230
0,84
0,19
0,89
0,677
0,573
0,93
0,446
0,407
0,318
0,259
0,277
0,734
0,212
0,272
0,145
0,350
0,407
0,558
0,482
0,666
0,314
0,230
0,35
0,244
0,622
0,91
0,193
0,633
0,269
0,120
0,695
0,11
0,194
0,531
0,713
0,283
0,733
0,191
0,276
0,8
0,278
0,765
0,149
0,256
0,529
0,744
0,312
0,234
0,635
0,343
0,559
0,516
0,501
0,259
0,247
0,524
0,365
0,403
0,224
0,90
0,346
0,149
0,543
0,448
0,387
0,613
0,212
0,626
0,225
0,776
0,45
0,162
0,798
0,465
0,202
0,338
0,792
0,763
0,648
0,553
0,13
0,672
0,325
0,352
0,234
0,656
0,558
0,324
0,411
0,598
0,397
0,15
0,748
0,160
0,789
0,739
0,603
0,670
0,105
0,390
0,271
0,8
0,178
0,104
0,225
0,505
0,711
0,103
0,680
0,488
0,770
0,277
0,191
0,502
0,242
0,739
0,666
0,79
0,52
0,506
0,707
0,426
0,731
0,784
0,116
0,226
0,298
0,470
0,362
0,745
0,676
0,501
0,600
0,110
0,675
0,233
0,625
0,636
0,475
0,323
0,400
0,640
0,407
0,178
0,246
0,421
0,13
0,364
0,266
0,310
0,625
0,239
0,288
0,363
0,567
0,31
0,352
0,170
0,7
0,297
0,707
0,763
0,174
0,134
0,112
0,141
0,236
0,647
0,780
0,511
0,665
0,481
0,404
0,322
0,778
0,15
0,721
0,204
0,687
0,545
0,783
0,326
0,213
0,32
0,379
0,211
0,521
0,602
0,437
0,284
0,8
0,429
0,744
0,181
0,622
0,125
0,147
0,165
0,389
0,674
0,576
0,379
0,83
0,28
0,506
0,647
0,569
0,721
0,671
0,553
0,560
0,339
0,614
0,173
0,619
0,168
0,477
0,295
0,641
0,319
0,50
0,653
0,28
0,115
0,785
0,234
0,215
0,183
0,749
0,28
0,221
0,211
0,797
0,391
0,212
0,645
0,800
0,553
0,112
0,384
0,500
0,246
0,80
0,657
0,369
0,238
0,347
0,142
0,248
0,461
0,360
0,339
0,176
0,679
0,101
0,532
0,88
0,783
0,329
0,296
0,336
0,726
0,107
0,458
0,714
0,87
0,71
0,706
0,372
0,34
0,167
0,37
0,204
0,690
0,551
0,569
0,638
0,723
0,425
0,691
0,17
0,74
0,249
0,113
0,733
0,400
0,655
0,665
0,397
0,564
0,724
0,744
0,362
0,383
0,39
0,52
0,677
0,504
0,70
0,331
0,223
0,357
0,98
0,41
0,213
0,262
0,637
0,218
0,758
0,515
0,39
0,438
0,658
0,612
0,769
0,550
0,781
0,418
0,384
0,595
0,88
0,33
0,545
0,711
0,589
0,20
0,552
0,205
0,107
0,66
0,464
0,254
0,777
0,486
0,252
0,668
0,33
0,60
0,267
0,728
0,179
0,260
0,359
0,716
0,487
0,470
0,430
0,171
0,542
0,416
0,734
0,185
0,506
0,418
0,328
0,288
0,147
0,728
0,658
0,436
0,489
0,284
0,4
0,77
0,406
0,105
0,539
0,492
0,284
0,251
0,736
0,314
0,31
0,39
0,567
0,212
0,353
0,353
0,540
0,275
0,413
0,286
0,174
0,363
0,510
0,561
0,204
0,293
0,405
0,241
0,769
0,106
0,559
0,456
0,394
0,734
0,539
0,442
0,10
0,568
0,146
0,617
0,212
0,195
0,88
0,434
0,490
0,199
0,129
0,74
0,562
0,696
0,188
0,645
0,682
0,608
0,8
0,371
0,704
0,672
0,37
0,110
0,230
0,158
0,501
0,563
0,544
0,749
0,586
0,490
0,638
0,19
0,596
0,503
0,637
0,301
0,737
0,606
0,225
0,371
0,205
0,355
0,66
0,564
0,67
0,365
0,20
0,636
0,509
0,468
0,560
0,715
0,684
0,274
0,649
0,246
0,732
0,364
0,624
0,698
0,245
0,627
0,93
0,625
0,655
0,567
0,436
0,784
0,345
0,566
0,769
0,477
0,778
0,19
0,84
0,65
0,280
0,692
0,212
0,683
0,253
0,431
0,310
0,266
0,26
0,234
0,621
0,75
0,99
0,299
0,716
0,667
0,429
0,45
0,726
0,401
0,221
0,723
0,213
0,528
0,21
0,446
0,48
0,560
0,541
0,594
0,665
0,800
0,97
0,767
0,227
0,393
0,760
0,450
0,504
0,327
0,248
0,422
0,260
0,132
0,669
0,180
0,472
0,314
0,372
0,769
0,341
0,190
0,721
0,695
0,661
0,661
0,587
0,776
0,348
0,588
0,381
0,706
0,225
0,749
0,249
0,553
0,55
0,301
0,770
0,766
0,105
0,678
0,700
0,581
0,329
0,224
0,718
0,497
0,563
0,729
0,554
0,678
0,784
0,41
0,342
0,757
0,666
0,263
0,544
0,550
0,741
0,290
0,62
0,278
0,705
0,627
0,743
0,753
0,186
0,319
0,781
0,526
0,695
0,77
0,373
0,728
0,767
0,614
0,725
0,708
0,337
0,92
0,212
0,331
0,710
0,599
0,679
0,288
0,407
0,276
0,635
0,305
0,113
0,794
0,725
0,129
0,124
0,45
0,477
0,536
0,489
0,21
0,595
0,25
0,476
0,679
0,556
0,737
0,216
0,153
0,762
0,140
0,472
0,737
0,659
0,389
0,571
0,690
0,776
0,514
0,662
0,418
0,614
0,592
0,397
0,59
0,373
0,170
0,529
0,273
0,256
0,260
0,92
0,729
0,257
0,760
0,480
0,640
0,509
0,103
0,556
0,216
0,486
0,687
0,226
0,407
0,800
0,34
0,591
0,701
0,164
0,260
0,713
0,286
0,214
0,645
0,400
0,512
0,764
0,202
0,157
0,795
0,413
0,390
0,661
0,595
0,395
0,70
0,565
0,529
0,528
0,319
0,427
0,40
0,131
0,107
0,499
0,520
0,47
0,397
0,546
0,573
0,505
0,694
0,449
0,675
0,310
0,458
0,231
0,82
0,104
0,114
0,179
0,75
0,220
0,626
0,276
0,291
0,366
0,389
0,424
0,339
0,409
0,248
0,163
0,256
0,98
0,720
0,677
0,224
0,638
0,178
0,542
0,379
0,233
0,678
0,267
0,279
0,284
0,658
0,329
0,235
0,338
0,280
0,464
0,514
0,708
0,25
0,313
0,91
0,591
0,292
0,788
0,697
0,516
0,496
0,520
0,224
0,747
0,704
0,493
0,262
0,549
0,268
0,395
0,315
0,596
0,313
0,383
0,609
0,400
0,172
0,695
0,611
0,239
0,559
0,323
0,7
0,481
0,517
0,524
0,356
0,303
0,144
0,30
0,274
0,648
0,783
0,800
0,372
0,790
0,796
0,481
0,626
0,216
0,574
0,9
0,79
0,694
0,688
0,328
0,698
0,360
0,506
0,320
0,256
0,704
0,288
0,272
0,512
0,533
0,239
0,710
0,621
0,284
0,746
0,568
0,594
0,705
0,717
0,387
0,726
0,678
0,785
0,224
0,24
0,648
0,237
0,756
0,63
0,727
0,627
0,257
0,14
0,477
0,614
0,12
0,663
0,640
0,85
0,778
0,800
0,468
0,648
0,207
0,478
0,208
0,580
0,269
0,645
0,754
0,767
0,472
0,448
0,598
0,215
0,13
0,335
0,143
0,462
0,653
0,332
0,629
0,36
0,50
0,769
0,639
0,772
0,626
0,198
0,260
0,642
0,419
0,624
0,508
0,247
0,759
0,663
0,182
0,466
0,54
0,490
0,496
0,234
0,382
0,773
0,260
0,79
0,302
0,72
0,8
0,333
0,143
0,614
0,515
0,255
0,221
0,29
0,276
0,252
0,695
0,745
0,570
0,127
0,635
0,271
0,521
0,510
0,1
0,340
0,87
0,397
0,501
0,277
0,531
0,227
0,511
0,139
0,493
0,717
0,554
0,40
0,70
0,42
0,72
0,480
0,518
0,598
0,613
0,424
0,125
0,790
0,654
0,133
0,665
0,578
0,283
0,330
0,25
0,800
0,338
0,188
0,721
0,598
0,248
0,247
0,627
0,432
0,645
0,727
0,230
0,715
0,707
0,398
0,796
0,306
0,670
0,537
0,35
0,708
0,111
0,261
0,200
0,663
0,74
0,777
0,17
0,103
0,788
0,46
0,15
0,695
0,418
0,83
0,339
0,366
0,201
0,146
0,582
0,84
0,96
0,794
0,104
0,1
0,415
0,320
0,11
0,394
0,729
0,603
0,365
0,701
0,539
0,628
0,354
0,162
0,688
0,111
0,170
0,476
0,301
0,684
0,173
0,112
0,420
0,186
0,194
0,321
0,731
0,435
0,497
0,744
0,427
0,9
0,641
0,745
0,113
0,251
0,208
0,349
0,180
0,501
0,351
0,712
0,371
0,711
0,248
0,62
0,22
0,421
0,226
0,535
0,52
0,286
0,286
0,423
0,324
0,626
0,681
0,54
0,686
0,501
0,437
0,470
0,381
0,186
0,645
0,454
0,664
0,371
0,73
0,207
0,476
0,240
0,224
0,649
0,625
0,499
0,319
0,293
0,420
0,483
0,542
0,181
0,501
0,635
0,263
0,186
0,798
0,586
0,75
0,773
0,586
0,265
0,298
0,188
0,612
0,621
0,595
0,472
0,14
0,54
0,594
0,226
0,366
0,399
0,39
0,133
0,579
0,499
0,540
0,420
0,678
0,199
0,216
0,576
0,94
0,11
0,353
0,663
0,271
0,791
0,674
0,151
0,437
0,394
0,675
0,664
0,614
0,29
0,635
0,275
0,449
0,728
0,180
0,502
0,678
0,316
0,723
0,251
0,64
0,41
0,194
0,308
0,669
0,629
0,384
0,535
0,619
0,556
0,756
0,341
0,213
0,588
0,741
0,175
0,124
0,310
0,730
0,482
0,649
0,275
0,364
0,772
0,44
0,136
0,381
0,797
0,496
0,471
0,510
0,702
0,374
0,590
0,237
0,198
0,574
0,227
0,508
0,333
0,756
0,627
0,646
0,60
0,216
0,35
0,244
0,792
0,26
0,401
0,253
0,610
0,672
0,712
0,430
0,600
0,324
0,394
0,597
0,557
0,740
0,271
0,388
0,342
0,568
0,460
0,262
0,180
0,310
0,78
0,468
0,96
0,233
0,165
0,583
0,331
0,472
0,582
0,401
0,157
0,210
0,430
0,335
0,376
0,269
0,714
0,317
0,622
0,510
0,254
0,202
0,739
0,743
0,33
0,137
0,338
0,377
0,118
0,471
0,665
0,759
0,531
0,452
0,798
0,180
0,648
0,331
0,461
0,450
0,364
0,214
0,683
0,642
0,547
0,227
0,41
0,376
0,15
0,341
0,626
0,777
0,362
0,55
0,231
0,631
0,776
0,171
0,310
0,101
0,497
0,636
0,656
0,397
0,437
0,251
0,664
0,481
0,455
0,74
0,275
0,179
0,77
0,418
0,85
0,786
0,99
0,15
0,372
0,416
0,40
0,641
0,222
0,108
0,719
0,218
0,475
0,703
0,198
0,379
0,279
0,719
0,708
0,68
0,225
0,123
0,581
0,349
0,564
0,531
0,24
0,233
0,439
0,123
0,269
0,420
0,229
0,211
0,636
0,278
0,11
0,422
0,643
0,367
0,739
0,748
0,740
0,274
0,692
0,208
0,67
0,770
0,419
0,193
0,747
0,186
0,781
0,288
0,116
0,10
0,11
0,187
0,14
0,681
0,581
0,459
0,423
0,238
0,180
0,196
0,327
0,362
0,253
0,169
0,239
0,273
0,123
0,56
0,318
0,643
0,499
0,325
0,203
0,709
0,200
0,367
0,408
0,75
0,744
0,324
0,406
0,376
0,559
0,125
0,464
0,161
0,17
0,564
0,643
0,245
0,652
0,729
0,567
0,40
0,413
0,104
0,143
0,710
0,35
0,160
0,279
0,95
0,339
0,142
0,664
0,762
0,139
0,476
0,789
0,264
0,220
0,172
0,250
0,557
0,599
0,790
0,153
0,702
0,270
0,281
0,338
0,309
0,651
0,115
0,789
0,582
0,604
0,69
0,303
0,617
0,349
0,214
0,645
0,670
0,499
0,35
0,133
0,734
0,543
0,445
0,407
0,282
0,272
0,312
0,128
0,316
0,762
0,754
0,161
0,235
0,596
0,612
0,310
0,737
0,725
0,378
0,669
0,420
0,706
0,639
0,35
0,710
0,248
0,44
0,693
0,795
0,331
0,444
0,100
0,317
0,464
0,399
0,306
0,430
0,790
0,391
0,227
0,571
0,710
0,65
0,428
0,611
0,102
0,585
0,234
0,212
0,12
0,68
0,145
0,617
0,341
0,641
0,559
0,475
0,324
0,11
0,18
0,597
0,81
0,58
0,448
0,724
0,39
0,362
0,566
0,547
0,170
0,454
0,282
0,76
0,137
0,607
0,518
0,612
0,75
0,740
0,348
0,338
0,688
0,59
0,419
0,128
0,644
0,493
0,534
0,162
0,74
0,259
0,589
0,222
0,506
0,588
0,42
0,134
0,643
0,162
0,214
0,575
0,779
0,768
0,410
0,320
0,767
0,250
0,571
0,375
0,100
0,405
0,137
0,781
0,614
0,759
0,371
0,73
0,635
0,122
0,592
0,572
0,397
0,171
0,213
0,750
0,299
0,548
0,707
0,534
0,434
0,335
0,537
0,526
0,234
0,258
0,543
0,215
0,551
0,2
0,73
0,405
0,783
0,776
0,416
0,209
0,581
0,311
0,369
0,198
0,194
0,304
0,74
0,648
0,695
0,422
0,590
0,513
0,110
0,436
0,220
0,358
0,502
0,33
0,586
0,647
0,472
0,729
0,66
0,588
0,64
0,168
0,8
0,789
0,275
0,196
0,19
0,633
0,564
0,196
0,678
0,344
0,32
0,185
0,368
0,74
0,166
0,434
0,380
0,408
0,373
0,110
0,691
0,132
0,15
0,718
0,92
0,190
0,222
0,100
0,50
0,71
0,303
0,703
0,424
0,615
0,595
0,32
0,678
0,751
0,163
0,640
0,72
0,515
0,266
0,611
0,437
0,456
0,106
0,29
0,458
0,620
0,123
0,366
0,349
0,311
0,369
0,479
0,173
0,375
0,478
0,230
0,89
0,796
0,686
0,159
0,589
0,790
0,552
0,358
0,117
0,687
0,55
0,214
0,241
0,339
0,787
0,461
0,562
0,322
0,4
0,485
0,576
0,730
0,22
0,723
0,730
0,123
0,733
0,522
0,247
0,358
0,575
0,549
0,131
0,684
0,448
0,450
0,153
0,652
0,67
0,628
0,527
0,535
0,440
0,442
0,5
0,339
0,237
0,373
0,673
0,708
0,239
0,186
0,223
0,38
0,781
0,595
0,457
0,611
0,199
0,688
0,738
0,597
0,55
0,683
0,121
0,334
0,239
0,596
0,509
0,391
0,696
0,561
0,461
0,696
0,488
0,201
0,122
0,201
0,781
0,271
0,484
0,551
0,182
0,78
0,484
0,477
0,182
0,671
0,429
0,672
0,129
0,743
0,389
0,17
0,746
0,89
0,629
0,519
0,721
0,284
0,752
0,462
0,753
0,415
0,512
0,24
0,390
0,728
0,298
0,434
0,277
0,299
0,630
0,283
0,487
0,525
0,503
0,129
0,701
0,500
0,406
0,501
0,302
0,295
0,171
0,580
0,231
0,277
0,486
0,677
0,568
0,417
0,237
0,402
0,233
0,670
0,400
0,565
0,399
0,423
0,397
0,240
0,650
0,345
0,800
0,18
0,796
0,760
0,542
0,542
0,533
0,262
0,591
0,431
0,61
0,487
0,195
0,48
0,723
0,47
0,224
0,797
0,261
0,670
0,546
0,248
0,334
0,304
0,260
0,499
0,86
0,251
0,253
0,384
0,469
0,571
0,475
0,347
0,31
0,139
0,436
0,645
0,10
0,352
0,220
0,774
0,464
0,307
0,21
0,151
0,535
0,508
0,107
0,317
0,489
0,445
0,439
0,554
0,780
0,72
0,523
0,81
0,180
0,548
0,478
0,653
0,511
0,547
0,659
0,126
0,93
0,396
0,664
0,467
0,228
0,357
0,342
0,265
0,226
0,291
0,765
0,553
0,154
0,717
0,765
0,412
0,742
0,22
0,622
0,202
0,542
0,387
0,405
0,584
0,623
0,427
0,275
0,728
0,740
0,170
0,220
0,71
0,163
0,99
0,398
0,253
0,266
0,633
0,409
0,298
0,672
0,26
0,216
0,217
0,516
0,700
0,33
0,86
0,512
0,317
0,702
0,27
0,365
0,197
0,589
0,237
0,410
0,575
0,242
0,449
0,681
0,4
0,420
0,147
0,794
0,497
0,570
0,577
0,212
0,90
0,657
0,573
0,484
0,655
0,140
0,575
0,674
0,686
0,384
0,463
0,690
0,431
0,350
0,224
0,685
0,64
0,511
0,771
0,43
0,665
0,592
0,280
0,785
0,199
0,51
0,361
0,213
0,382
0,731
0,264
0,383
0,565
0,695
0,536
0,245
0,379
0,194
0,92
0,474
0,532
0,566
0,480
0,363
0,208
0,660
0,372
0,556
0,645
0,646
0,555
0,175
0,153
0,352
0,377
0,10
0,428
0,372
0,152
0,417
0,739
0,108
0,99
0,751
0,202
0,686
0,218
0,789
0,562
0,32
0,230
0,226
0,156
0,234
0,776
0,213
0,586
0,110
0,448
0,771
0,568
0,194
0,743
0,459
0,87
0,783
0,653
0,787
0,11
0,644
0,382
0,671
0,799
0,468
0,353
0,560
0,633
0,336
0,480
0,149
0,36
0,21
0,421
0,578
0,163
0,786
0,585
0,513
0,154
0,321
0,441
0,785
0,113
0,563
0,412
0,195
0,309
0,184
0,247
0,600
0,643
0,265
0,730
0,7
0,694
0,377
0,89
0,555
0,755
0,476
0,249
0,306
0,4
0,546
0,427
0,189
0,273
0,2
0,428
0,125
0,702
0,18
0,171
0,637
0,289
0,255
0,704
0,780
0,59
0,103
0,387
0,550
0,529
0,301
0,481
0,717
0,314
0,60
0,688
0,600
0,311
0,50
0,367
0,533
0,342
0,722
0,509
0,799
0,355
0,473
0,202
0,499
0,178
0,389
0,104
0,672
0,516
0,350
0,367
0,350
0,376
0,551
0,259
0,534
0,707
0,429
0,318
0,58
0,753
0,58
0,757
0,705
0,466
0,498
0,426
0,544
0,106
0,505
0,194
0,504
0,49
0,642
0,673
0,270
0,242
0,247
0,771
0,667
0,501
0,594
0,299
0,636
0,308
0,207
0,272
0,215
0,379
0,66
0,314
0,541
0,373
0,95
0,52
0,642
0,588
0,743
0,611
0,645
0,636
0,602
0,441
0,29
0,201
0,434
0,370
0,454
0,417
0,189
0,781
0,749
0,717
0,483
0,284
0,402
0,511
0,32
0,725
0,197
0,439
0,506
0,523
0,438
0,649
0,531
0,391
0,575
0,27
0,373
0,545
0,475
0,55
0,179
0,404
0,397
0,488
0,696
0,670
0,248
0,446
0,557
0,640
0,123
0,684
0,546
0,739
0,303
0,655
0,675
0,674
0,193
0,6
0,56
0,171
0,470
0,229
0,29
0,370
0,279
0,92
0,630
0,724
0,361
0,780
0,373
0,7
0,7
0,449
0,429
0,695
0,227
0,445
0,396
0,364
0,790
0,646
0,633
0,655
0,724
0,228
0,89
0,196
0,604
0,346
0,568
0,248
0,314
0,385
0,609
0,683
0,161
0,631
0,793
0,165
0,460
0,420
0,4
0,299
0,702
0,712
0,622
0,401
0,141
0,454
0,616
0,502
0,270
0,252
0,798
0,532
0,631
0,336
0,137
0,460
0,286
0,206
0,581
0,700
0,93
0,266
0,111
0,34
0,88
0,12
0,364
0,642
0,111
0,483
0,280
0,31
0,446
0,425
0,293
0,671
0,112
0,196
0,153
0,144
0,528
0,631
0,786
0,730
0,620
0,114
0,601
0,786
0,126
0,142
0,646
0,218
0,479
0,356
0,55
0,55
0,2
0,99
0,651
0,730
0,578
0,80
0,111
0,415
0,592
0,483
0,716
0,404
0,434
0,628
0,328
0,743
0,295
0,276
0,517
0,1
0,564
0,526
0,597
0,721
0,412
0,646
0,73
0,232
0,587
0,523
0,101
0,24
0,752
0,230
0,158
0,449
0,2
0,226
0,421
0,495
0,557
0,560
0,264
0,208
0,769
0,94
0,605
0,531
0,389
0,718
0,773
0,638
0,656
0,365
0,182
0,696
0,10
0,479
0,254
0,302
0,75
0,677
0,711
0,580
0,308
0,201
0,564
0,498
0,545
0,348
0,651
0,709
0,697
0,333
0,638
0,692
0,344
0,282
0,155
0,333
0,439
0,409
0,78
0,212
0,266
0,465
0,563
0,500
0,531
0,795
0,210
0,108
0,640
0,21
0,405
0,440
0,589
0,240
0,112
0,104
0,542
0,586
0,278
0,260
0,574
0,115
0,507
0,156
0,752
0,375
0,414
0,785
0,609
0,799
0,590
0,314
0,180
0,100
0,510
0,341
0,309
0,672
0,315
0,42
0,517
0,506
0,424
0,513
0,82
0,386
0,795
0,661
0,445
0,297
0,518
0,280
0,634
0,83
0,538
0,481
0,146
0,206
0,645
0,552
0,318
0,614
0,581
0,299
0,251
0,787
0,165
0,516
0,570
0,41
0,639
0,400
0,376
0,86
0,791
0,221
0,270
0,73
0,538
0,767
0,170
0,761
0,640
0,797
0,78
0,505
0,638
0,426
0,436
0,412
0,94
0,339
0,365
0,736
0,727
0,24
0,449
0,693
0,251
0,475
0,605
0,417
0,282
0,774
0,621
0,570
0,568
0,411
0,249
0,303
0,784
0,274
0,649
0,83
0,75
0,299
0,532
0,573
0,581
0,314
0,291
0,387
0,354
0,715
0,450
0,484
0,186
0,390
0,503
0,438
0,684
0,488
0,346
0,224
0,105
0,440
0,484
0,477
0,720
0,74
0,353
0,428
0,682
0,520
0,775
0,297
0,726
0,305
0,324
0,626
0,50
0,524
0,335
0,439
0,727
0,123
0,96
0,488
0,91
0,86
0,553
0,296
0,182
0,313
0,734
0,725
0,70
0,556
0,527
0,89
0,770
0,460
0,377
0,727
0,267
0,777
0,147
0,272
0,679
0,529
0,153
0,585
0,469
0,185
0,541
0,139
0,176
0,298
0,577
0,171
0,29
0,529
0,399
0,5
0,76
0,461
0,295
0,154
0,771
0,145
0,536
0,307
0,467
0,596
0,400
0,389
0,651
0,493
0,423
0,12
0,112
0,644
0,163
0,176
0,639
0,67
0,234
0,80
0,295
0,687
0,631
0,230
0,330
0,602
0,544
0,365
0,319
0,460
0,711
0,40
0,374
0,292
0,24
0,103
0,37
0,200
0,205
0,487
0,405
0,125
0,465
0,364
0,206
0,653
0,419
0,166
0,572
0,68
0,684
0,625
0,461
0,261
0,393
0,510
0,552
0,403
0,243
0,243
0,498
0,529
0,593
0,541
0,547
0,536
0,520
0,573
0,650
0,400
0,506
0,757
0,142
0,592
0,485
0,519
0,655
0,653
0,772
0,585
0,726
0,113
0,709
0,68
0,400
0,333
0,710
0,486
0,563
0,379
0,554
0,180
0,242
0,234
0,655
0,768
0,600
0,258
0,76
0,393
0,277
0,649
0,366
0,584
0,108
0,506
0,796
0,518
0,576
0,800
0,140
0,759
0,645
0,437
0,467
0,183
0,545
0,374
0,269
0,742
0,229
0,670
0,381
0,594
0,632
0,564
0,284
0,119
0,614
0,272
0,758
0,274
0,152
0,641
0,423
0,170
0,360
0,21
0,758
0,754
0,419
0,679
0,774
0,336
0,185
0,484
0,658
0,778
0,193
0,432
0,115
0,649
0,98
0,651
0,726
0,179
0,216
0,590
0,715
0,602
0,783
0,623
0,346
0,411
0,229
0,29
0,712
0,324
0,358
0,71
0,324
0,78
0,78
0,467
0,734
0,520
0,160
0,394
0,317
0,51
0,673
0,543
0,376
0,243
0,686
0,276
0,332
0,118
0,11
0,737
0,402
0,568
0,146
0,169
0,234
0,543
0,446
0,740
0,287
0,31
0,345
0,210
0,192
0,500
0,400
0,701
0,163
0,693
0,767
0,294
0,417
0,743
0,697
0,354
0,388
0,706
0,361
0,12
0,336
0,476
0,720
0,646
0,192
0,642
0,321
0,380
0,724
0,202
0,583
0,692
0,243
0,638
0,537
0,657
0,547
0,97
0,96
0,645
0,556
0,49
0,228
0,592
0,464
0,491
0,726
0,533
0,612
0,245
0,631
0,188
0,312
0,14
0,141
0,445
0,699
0,245
0,641
0,525
0,522
0,769
0,323
0,510
0,540
0,631
0,502
0,536
0,14
0,511
0,51
0,55
0,235
0,221
0,23
0,68
0,95
0,785
0,330
0,390
0,762
0,567
0,423
0,532
0,120
0,186
0,372
0,611
0,670
0,728
0,691
0,265
0,444
0,528
0,310
0,42
0,225
0,210
0,351
0,314
0,402
0,261
0,632
0,345
0,421
0,112
0,724
0,563
0,73
0,116
0,544
0,493
0,524
0,763
0,175
0,715
0,357
0,547
0,30
0,437
0,367
0,701
0,640
0,47
0,105
0,321
0,212
0,678
0,255
0,475
0,519
0,450
0,454
0,238
0,3
0,357
0,307
0,520
0,432
0,673
0,290
0,138
0,34
0,681
0,482
0,183
0,518
0,290
0,597
0,754
0,252
0,703
0,334
0,358
0,179
0,89
0,420
0,598
0,181
0,663
0,120
0,398
0,154
0,227
0,193
0,617
0,631
0,323
0,329
0,169
0,612
0,40
0,362
0,14
0,251
0,685
0,37
0,720
0,361
0,434
0,249
0,373
0,511
0,136
0,368
0,413
0,55
0,377
0,704
0,275
0,110
0,216
0,265
0,407
0,498
0,3
0,671
0,354
0,798
0,433
0,42
0,740
0,126
0,642
0,423
0,575
0,398
0,139
0,333
0,480
0,777
0,292
0,394
0,479
0,226
0,81
0,298
0,418
0,606
0,55
0,763
0,586
0,698
0,443
0,712
0,562
0,474
0,444
0,714
0,95
0,710
0,403
0,190
0,95
0,671
0,284
0,530
0,671
0,582
0,403
0,177
0,471
0,287
0,714
0,243
0,663
0,568
0,565
0,151
0,505
0,496
0,214
0,1
0,337
0,705
0,59
0,683
0,536
0,473
0,371
0,274
0,478
0,7
0,39
0,179
0,112
0,413
0,694
0,254
0,129
0,382
0,174
0,162
0,274
0,746
0,201
0,174
0,236
0,74
0,566
0,532
0,103
0,449
0,488
0,708
0,162
0,16
0,297
0,26
0,591
0,737
0,398
0,773
0,636
0,276
0,5
0,550
0,309
0,619
0,608
0,82
0,500
0,4
0,104
0,594
0,329
0,628
0,643
0,189
0,429
0,58
0,75
0,786
0,75
0,789
0,641
0,366
0,572
0,499
0,434
0,31
0,359
0,744
0,377
0,52
0,101
0,557
0,388
0,53
0,473
0,500
0,266
0,613
0,422
0,44
0,417
0,406
0,406
0,512
0,462
0,156
0,403
0,615
0,768
0,584
0,244
0,769
0,761
0,141
0,213
0,667
0,696
0,459
0,222
0,393
0,235
0,319
0,112
0,258
0,267
0,116
0,294
0,238
0,501
0,355
0,763
0,646
0,327
0,291
0,691
0,767
0,751
0,260
0,647
0,40
0,467
0,83
0,321
0,509
0,49
0,782
0,721
0,137
0,585
0,762
0,487
0,593
0,219
0,295
0,312
0,659
0,675
0,722
0,788
0,226
0,433
0,123
0,387
0,65
0,49
0,415
0,660
0,234
0,421
0,46
0,187
0,30
0,609
0,307
0,234
0,734
0,615
0,320
0,571
0,288
0,587
0,704
0,769
0,42
0,536
0,364
0,457
0,228
0,571
0,480
0,328
0,500
0,156
0,439
0,97
0,622
0,622
0,746
0,559
0,715
0,337
0,72
0,385
0,698
0,315
0,516
0,660
0,302
0,263
0,766
0,336
0,328
0,96
0,386
0,369
0,217
0,394
0,720
0,719
0,528
0,202
0,94
0,475
0,378
0,434
0,725
0,396
0,471
0,722
0,776
0,688
0,459
0,459
0,556
0,147
0,585
0,250
0,582
0,550
0,346
0,689
0,606
0,137
0,744
0,324
0,470
0,450
0,156
0,445
0,513
0,588
0,327
0,671
0,443
0,5
0,690
0,192
0,307
0,238
0,753
0,76
0,240
0,71
0,640
0,390
0,217
0,125
0,67
0,296
0,355
0,461
0,607
0,667
0,300
0,498
0,573
0,220
0,198
0,20
0,245
0,623
0,399
0,379
0,311
0,503
0,47
0,336
0,620
0,601
0,405
0,782
0,162
0,685
0,42
0,141
0,53
0,110
0,133
0,722
0,164
0,615
0,45
0,481
0,766
0,642
0,781
0,202
0,452
0,588
0,415
0,107
0,605
0,592
0,485
0,532
0,791
0,412
0,743
0,760
0,334
0,580
0,737
0,547
0,98
0,233
0,177
0,619
0,388
0,120
0,580
0,292
0,755
0,514
0,785
0,764
0,384
0,326
0,551
0,743
0,288
0,399
0,396
0,142
0,472
0,378
0,80
0,320
0,413
0,268
0,758
0,273
0,620
0,478
0,313
0,366
0,433
0,110
0,253
0,389
0,525
0,187
0,484
0,751
0,584
0,716
0,610
0,653
0,635
0,480
0,179
0,581
0,309
0,512
0,463
0,134
0,186
0,418
0,39
0,750
0,672
0,261
0,779
0,398
0,321
0,370
0,37
0,537
0,271
0,24
0,214
0,180
0,611
0,679
0,268
0,574
0,672
0,221
0,231
0,410
0,641
0,115
0,598
0,791
0,732
0,390
0,13
0,652
0,175
0,201
0,513
0,468
0,219
0,670
0,627
0,220
0,371
0,148
0,697
0,581
0,505
0,18
0,462
0,645
0,750
0,111
0,98
0,4
0,726
0,577
0,198
0,749
0,406
0,278
0,6
0,527
0,15
0,612
0,536
0,601
0,141
0,303
0,498
0,662
0,570
0,228
0,133
0,412
0,30
0,611
0,372
0,793
0,176
0,289
0,583
0,638
0,689
0,86
0,734
0,51
0,552
0,745
0,686
0,160
0,754
0,44
0,559
0,666
0,527
0,794
0,40
0,5
0,44
0,636
0,778
0,568
0,21
0,289
0,203
0,265
0,519
0,760
0,21
0,797
0,241
0,401
0,663
0,495
0,499
0,33
0,574
0,101
0,61
0,163
0,656
0,442
0,262
0,709
0,71
0,467
0,798
0,104
0,474
0,581
0,488
0,485
0,676
0,371
0,552
0,394
0,99
0,516
0,54
0,84
0,486
0,701
0,323
0,304
0,418
0,710
0,661
0,152
0,103
0,517
0,282
0,416
0,436
0,426
0,396
0,580
0,712
0,23
0,788
0,378
0,148
0,122
0,106
0,351
0,604
0,313
0,542
0,436
0,506
0,776
0,284
0,254
0,491
0,48
0,480
0,748
0,112
0,18
0,755
0,556
0,144
0,642
0,571
0,699
0,487
0,313
0,445
0,366
0,304
0,517
0,139
0,635
0,761
0,672
0,343
0,791
0,4
0,792
0,478
0,631
0,407
0,362
0,125
0,617
0,432
0,173
0,758
0,704
0,79
0,71
0,741
0,609
0,298
0,207
0,21
0,688
0,381
0,592
0,659
0,772
0,622
0,674
0,644
0,598
0,217
0,109
0,47
0,662
0,301
0,270
0,62
0,80
0,555
0,124
0,193
0,282
0,783
0,354
0,156
0,572
0,451
0,716
0,47
0,68
0,799
0,130
0,675
0,400
0,372
0,380
0,780
0,288
0,687
0,615
0,99
0,405
0,53
0,723
0,646
0,360
0,49
0,572
0,328
0,335
0,746
0,473
0,240
0,418
0,689
0,569
0,585
0,9
0,276
0,277
0,52
0,428
0,559
0,323
0,530
0,267
0,765
0,740
0,382
0,380
0,666
0,312
0,767
0,529
0,259
0,390
0,340
0,460
0,679
0,398
0,343
0,370
0,492
0,411
0,794
0,338
0,766
0,447
0,627
0,733
0,41
0,32
0,372
0,60
0,215
0,95
0,355
0,594
0,696
0,221
0,201
0,484
0,373
0,641
0,440
0,292
0,700
0,760
0,484
0,564
0,447
0,219
0,526
0,542
0,692
0,762
0,186
0,197
0,496
0,25
0,696
0,750
0,396
0,93
0,144
0,751
0,576
0,356
0,295
0,434
0,297
0,177
0,475
0,395
0,360
0,636
0,494
0,584
0,341
0,427
0,171
0,735
0,578
0,183
0,553
0,363
0,706
0,394
0,591
0,679
0,627
0,697
0,397
0,762
0,277
0,283
0,316
0,52
0,475
0,420
0,683
0,646
0,674
0,701
0,274
0,461
0,19
0,543
0,554
0,379
0,670
0,312
0,620
0,741
0,421
0,622
0,667
0,461
0,428
0,658
0,662
0,491
0,170
0,776
0,89
0,392
0,26
0,417
0,525
0,611
0,410
0,612
0,651
0,770
0,78
0,755
0,241
0,370
0,679
0,275
0,552
0,647
0,516
0,443
0,160
0,300
0,789
0,354
0,790
0,749
0,159
0,408
0,363
0,453
0,796
0,37
0,241
0,190
0,719
0,780
0,186
0,522
0,797
0,267
0,141
0,86
0,677
0,95
0,723
0,545
0,104
0,464
0,586
0,476
0,678
0,131
0,614
0,314
0,312
0,784
0,635
0,392
0,677
0,35
0,408
0,589
0,234
0,483
0,198
0,661
0,481
0,405
0,579
0,660
0,417
0,739
0,511
0,484
0,327
0,603
0,107
0,537
0,787
0,516
0,184
0,588
0,742
0,753
0,288
0,317
0,781
0,612
0,11
0,372
0,312
0,93
0,291
0,621
0,271
0,87
0,334
0,670
0,615
0,353
0,730
0,227
0,659
0,601
0,550
0,730
0,550
0,614
0,555
0,10
0,55
0,65
0,160
0,650
0,108
0,725
0,751
0,115
0,699
0,338
0,138
0,657
0,219
0,131
0,527
0,658
0,544
0,355
0,417
0,67
0,724
0,792
0,699
0,491
0,374
0,650
0,685
0,533
0,303
0,646
0,342
0,740
0,360
0,626
0,676
0,797
0,10
0,285
0,225
0,25
0,225
0,558
0,354
0,762
0,249
0,119
0,283
0,486
0,544
0,477
0,570
0,100
0,429
0,678
0,263
0,729
0,519
0,313
0,193
0,9
0,348
0,529
0,787
0,799
0,577
0,250
0,302
0,144
0,139
0,73
0,765
0,517
0,726
0,477
0,626
0,522
0,622
0,478
0,14
0,665
0,209
0,479
0,25
0,31
0,497
0,26
0,204
0,766
0,206
0,647
0,210
0,150
0,631
0,733
0,589
0,154
0,308
0,378
0,77
0,304
0,268
0,706
0,448
0,458
0,520
0,610
0,261
0,252
0,600
0,710
0,300
0,614
0,725
0,578
0,92
0,353
0,160
0,1
0,592
0,520
0,148
0,348
0,542
0,291
0,251
0,698
0,766
0,52
0,372
0,94
0,568
0,305
0,470
0,160
0,160
0,351
0,428
0,82
0,17
0,321
0,561
0,625
0,76
0,107
0,720
0,738
0,110
0,607
0,241
0,785
0,72
0,541
0,709
0,750
0,674
0,571
0,31
0,562
0,184
0,215
0,307
0,177
0,729
0,504
0,745
0,147
0,175
0,177
0,719
0,536
0,409
0,109
0,269
0,170
0,676
0,161
0,666
0,421
0,14
0,599
0,73
0,463
0,144
0,350
0,149
0,631
0,181
0,607
0,494
0,689
0,99
0,229
0,67
0,161
0,165
0,309
0,42
0,696
0,144
0,637
0,656
0,638
0,225
0,383
0,550
0,261
0,460
0,132
0,273
0,143
0,693
0,213
0,224
0,503
0,57
0,187
0,274
0,17
0,138
0,754
0,36
0,602
0,85
0,339
0,318
0,383
0,789
0,87
0,280
0,528
0,81
0,592
0,649
0,375
0,30
0,257
0,359
0,608
0,51
0,599
0,89
0,26
0,549
0,231
0,620
0,227
0,686
0,546
0,283
0,187
0,731
0,377
0,494
0,507
0,576
0,37
0,538
0,239
0,681
0,87
0,171
0,40
0,745
0,305
0,599
0,767
0,281
0,758
0,460
0,146
0,576
0,64
0,96
0,153
0,258
0,147
0,465
0,300
0,621
0,321
0,415
0,674
0,666
0,311
0,122
0,623
0,795
0,55
0,514
0,638
0,154
0,354
0,443
0,482
0,228
0,84
0,44
0,563
0,435
0,599
0,94
0,61
0,491
0,637
0,109
0,324
0,531
0,188
0,768
0,799
0,453
0,743
0,197
0,471
0,778
0,733
0,367
0,715
0,94
0,554
0,437
0,256
0,6
0,47
0,463
0,132
0,341
0,721
0,112
0,350
0,661
0,139
0,251
0,627
0,625
0,331
0,372
0,3
0,72
0,322
0,659
0,301
0,55
0,725
0,92
0,235
0,644
0,27
0,33
0,617
0,286
0,321
0,405
0,790
0,788
0,152
0,660
0,281
0,392
0,136
0,63
0,456
0,547
0,750
0,747
0,623
0,611
0,751
0,758
0,83
0,140
0,282
0,320
0,755
0,72
0,403
0,145
0,689
0,193
0,248
0,63
0,165
0,184
0,153
0,114
0,410
0,658
0,2
0,346
0,209
0,783
0,616
0,440
0,652
0,411
0,387
0,691
0,171
0,322
0,587
0,164
0,27
0,509
0,581
0,102
0,565
0,403
0,76
0,434
0,430
0,712
0,790
0,503
0,125
0,729
0,55
0,363
0,217
0,646
0,391
0,541
0,363
0,383
0,256
0,17
0,58
0,415
0,552
0,764
0,564
0,706
0,506
0,111
0,34
0,429
0,524
0,647
0,668
0,489
0,147
0,116
0,328
0,461
0,253
0,83
0,119
0,735
0,628
0,744
0,492
0,510
0,493
0,593
0,137
0,521
0,603
0,144
0,447
0,670
0,660
0,84
0,288
0,22
0,240
0,541
0,185
0,583
0,431
0,15
0,410
0,592
0,467
0,671
0,132
0,81
0,111
0,783
0,759
0,13
0,661
0,747
0,354
0,399
0,575
0,602
0,652
0,370
0,97
0,497
0,146
0,748
0,606
0,487
0,61
0,672
0,682
0,613
0,597
0,449
0,46
0,603
0,29
0,90
0,674
0,556
0,75
0,205
0,573
0,609
0,372
0,318
0,521
0,251
0,12
0,312
0,116
0,45
0,532
0,530
0,510
0,624
0,144
0,195
0,333
0,594
0,53
0,241
0,573
0,504
0,184
0,663
0,362
0,271
0,133
0,753
0,736
0,449
0,276
0,66
0,654
0,166
0,732
0,74
0,147
0,228
0,18
0,558
0,122
0,593
0,688
0,413
0,790
0,94
0,792
0,35
0,396
0,485
0,521
0,330
0,597
0,201
0,402
0,773
0,28
0,460
0,577
0,632
0,90
0,697
0,347
0,311
0,42
0,627
0,184
0,514
0,441
0,435
0,723
0,17
0,43
0,340
0,489
0,632
0,700
0,445
0,310
0,488
0,328
0,171
0,234
0,389
0,472
0,107
0,409
0,404
0,775
0,120
0,342
0,145
0,186
0,564
0,790
0,406
0,358
0,311
0,579
0,16
0,58
0,514
0,329
0,199
0,491
0,220
0,549
0,780
0,662
0,129
0,690
0,472
0,410
0,670
0,704
0,555
0,237
0,231
0,417
0,619
0,223
0,227
0,18
0,360
0,29
0,80
0,612
0,252
0,233
0,250
0,798
0,636
0,397
0,493
0,347
0,707
0,553
0,235
0,101
0,622
0,198
0,63
0,198
0,521
0,434
0,476
0,215
0,687
0,150
0,389
0,445
0,673
0,105
0,511
0,476
0,684
0,715
0,483
0,716
0,389
0,162
0,369
0,84
0,442
0,395
0,676
0,43
0,492
0,110
0,672
0,177
0,676
0,568
0,573
0,481
0,287
0,271
0,231
0,50
0,399
0,775
0,601
0,73
0,579
0,279
0,375
0,155
0,741
0,582
0,77
0,317
0,13
0,382
0,648
0,768
0,454
0,317
0,148
0,700
0,118
0,753
0,330
0,589
0,597
0,415
0,148
0,268
0,257
0,636
0,403
0,523
0,96
0,73
0,91
0,799
0,667
0,148
0,20
0,533
0,65
0,139
0,668
0,737
0,780
0,531
0,107
0,3
0,573
0,145
0,269
0,468
0,220
0,496
0,543
0,304
0,166
0,407
0,778
0,477
0,462
0,57
0,752
0,405
0,613
0,299
0,479
0,587
0,542
0,271
0,166
0,611
0,380
0,20
0,621
0,614
0,419
0,316
0,769
0,86
0,522
0,574
0,373
0,617
0,164
0,701
0,598
0,426
0,474
0,75
0,711
0,716
0,182
0,37
0,9
0,553
0,643
0,684
0,385
0,629
0,647
0,184
0,375
0,391
0,89
0,715
0,103
0,102
0,143
0,380
0,637
0,592
0,177
0,201
0,63
0,794
0,108
0,383
0,562
0,174
0,504
0,457
0,194
0,788
0,263
0,27
0,542
0,542
0,778
0,737
0,624
0,291
0,19
0,417
0,774
0,554
0,153
0,119
0,130
0,479
0,256
0,171
0,465
0,302
0,103
0,115
0,114
0,74
0,62
0,337
0,304
0,260
0,320
0,537
0,227
0,796
0,23
0,586
0,435
0,290
0,541
0,528
0,1
0,270
0,656
0,704
0,777
0,739
0,585
0,69
0,218
0,749
0,767
0,1
0,332
0,130
0,692
0,691
0,364
0,618
0,747
0,246
0,315
0,71
0,452
0,291
0,704
0,645
0,763
0,350
0,156
0,289
0,424
0,383
0,114
0,351
0,68
0,10
0,411
0,423
0,327
0,287
0,228
0,44
0,598
0,123
0,416
0,653
0,692
0,180
0,218
0,320
0,657
0,4
0,334
0,643
0,677
0,723
0,363
0,548
0,678
0,400
0,633
0,436
0,120
0,776
0,747
0,554
0,47
0,734
0,233
0,797
0,540
0,520
0,15
0,233
0,194
0,786
0,362
0,642
0,751
0,700
0,139
0,67
0,518
0,427
0,568
0,643
0,610
0,109
0,138
0,126
0,364
0,25
0,724
0,657
0,161
0,19
0,271
0,97
0,419
0,340
0,655
0,449
0,86
0,484
0,74
0,719
0,333
0,111
0,458
0,587
0,743
0,31
0,154
0,793
0,749
0,172
0,719
0,549
0,484
0,40
0,300
0,119
0,536
0,691
0,490
0,138
0,549
0,153
0,240
0,540
0,209
0,760
0,670
0,42
0,17
0,4
0,791
0,649
0,337
0,152
0,610
0,29
0,509
0,399
0,144
0,726
0,719
0,57
0,798
0,627
0,539
0,459
0,208
0,281
0,727
0,607
0,671
0,756
0,398
0,242
0,586
0,347
0,599
0,419
0,770
0,788
0,257
0,154
0,287
0,514
0,484
0,363
0,307
0,688
0,790
0,675
0,344
0,52
0,614
0,368
0,558
0,709
0,605
0,507
0,658
0,691
0,608
0,690
0,754
0,306
0,161
0,261
0,623
0,35
0,89
0,50
0,472
0,734
0,487
0,601
0,467
0,757
0,613
0,67
0,402
0,190
0,364
0,764
0,444
0,160
0,289
0,786
0,711
0,173
0,686
0,363
0,27
0,55
0,692
0,334
0,448
0,330
0,72
0,389
0,241
0,330
0,257
0,708
0,36
0,37
0,434
0,344
0,469
0,570
0,539
0,319
0,279
0,399
0,579
0,593
0,482
0,700
0,733
0,495
0,349
0,525
0,150
0,81
0,223
0,607
0,48
0,573
0,558
0,546
0,377
0,502
0,500
0,521
0,520
0,388
0,794
0,43
0,350
0,257
0,708
0,108
0,662
0,376
0,31
0,745
0,489
0,108
0,343
0,38
0,130
0,104
0,171
0,171
0,309
0,241
0,34
0,417
0,607
0,250
0,53
0,676
0,172
0,662
0,436
0,214
0,291
0,440
0,68
0,166
0,104
0,231
0,729
0,481
0,374
0,758
0,424
0,551
0,188
0,259
0,261
0,707
0,516
0,560
0,304
0,604
0,7
0,379
0,673
0,291
0,478
0,385
0,544
0,78
0,435
0,208
0,452
0,483
0,543
0,187
0,694
0,568
0,61
0,513
0,451
0,768
0,675
0,121
0,681
0,765
0,347
0,199
0,708
0,664
0,239
0,668
0,725
0,775
0,203
0,39
0,324
0,481
0,252
0,734
0,555
0,770
0,63
0,252
0,317
0,427
0,768
0,543
0,747
0,238
0,571
0,49
0,13
0,16
0,577
0,320
0,443
0,285
0,351
0,268
0,100
0,739
0,224
0,401
0,284
0,478
0,759
0,6
0,97
0,780
0,716
0,565
0,393
0,265
0,109
0,763
0,567
0,326
0,135
0,624
0,258
0,68
0,53
0,626
0,628
0,245
0,118
0,475
0,353
0,493
0,627
0,391
0,690
0,295
0,26
0,424
0,727
0,726
0,623
0,551
0,567
0,34
0,762
0,417
0,23
0,593
0,213
0,265
0,97
0,188
0,453
0,171
0,143
0,537
0,482
0,12
0,24
0,50
0,373
0,37
0,418
0,378
0,387
0,263
0,268
0,278
0,498
0,207
0,519
0,330
0,614
0,676
0,127
0,641
0,298
0,72
0,342
0,737
0,40
0,526
0,363
0,108
0,532
0,560
0,520
0,385
0,268
0,497
0,96
0,410
0,458
0,457
0,190
0,670
0,359
0,546
0,55
0,71
0,244
0,338
0,64
0,681
0,10
0,746
0,735
0,459
0,155
0,716
0,649
0,456
0,115
0,247
0,180
0,23
0,336
0,423
0,38
0,293
0,151
0,38
0,349
0,285
0,350
0,650
0,733
0,167
0,122
0,256
0,6
0,150
0,283
0,247
0,732
0,322
0,530
0,542
0,261
0,104
0,603
0,110
0,318
0,317
0,457
0,159
0,316
0,462
0,554
0,264
0,192
0,366
0,475
0,395
0,354
0,426
0,686
0,663
0,400
0,262
0,445
0,758
0,704
0,137
0,109
0,114
0,79
0,135
0,119
0,691
0,231
0,61
0,55
0,752
0,671
0,324
0,216
0,309
0,291
0,301
0,751
0,73
0,253
0,206
0,284
0,276
0,785
0,175
0,384
0,741
0,403
0,75
0,217
0,355
0,657
0,252
0,351
0,594
0,68
0,715
0,535
0,318
0,183
0,382
0,380
0,650
0,653
0,344
0,704
0,753
0,179
0,319
0,133
0,343
0,385
0,794
0,598
0,680
0,675
0,72
0,45
0,591
0,186
0,580
0,785
0,281
0,199
0,569
0,31
0,324
0,297
0,748
0,736
0,478
0,207
0,592
0,416
0,281
0,702
0,741
0,638
0,50
0,198
0,549
0,105
0,90
0,173
0,169
0,705
0,32
0,460
0,654
0,766
0,453
0,197
0,136
0,89
0,491
0,786
0,471
0,427
0,49
0,216
0,395
0,60
0,604
0,497
0,595
0,73
0,161
0,420
0,800
0,365
0,349
0,514
0,236
0,632
0,663
0,539
0,507
0,242
0,731
0,428
0,666
0,751
0,763
0,63
0,612
0,597
0,453
0,493
0,701
0,333
0,530
0,752
0,67
0,14
0,746
0,295
0,175
0,650
0,212
0,451
0,557
0,705
0,685
0,435
0,385
0,1
0,166
0,271
0,199
0,681
0,689
0,165
0,258
0,120
0,420
0,162
0,121
0,639
0,139
0,111
0,16
0,317
0,668
0,533
0,204
0,658
0,12
0,243
0,300
0,542
0,127
0,549
0,432
0,385
0,66
0,212
0,120
0,378
0,73
0,742
0,528
0,616
0,271
0,603
0,393
0,322
0,53
0,192
0,343
0,344
0,418
0,646
0,45
0,781
0,612
0,309
0,455
0,388
0,11
0,128
0,630
0,751
0,739
0,252
0,251
0,70
0,769
0,632
0,436
0,767
0,43
0,433
0,553
0,45
0,639
0,670
0,49
0,538
0,686
0,350
0,460
0,575
0,445
0,220
0,738
0,227
0,284
0,375
0,657
0,728
0,491
0,29
0,413
0,195
0,781
0,556
0,81
0,202
0,626
0,421
0,152
0,578
0,135
0,59
0,185
0,59
0,690
0,536
0,27
0,700
0,208
0,298
0,80
0,462
0,55
0,759
0,22
0,107
0,489
0,591
0,412
0,107
0,786
0,67
0,399
0,19
0,261
0,185
0,455
0,635
0,721
0,235
0,68
0,176
0,31
0,686
0,264
0,324
0,601
0,259
0,546
0,695
0,436
0,742
0,769
0,739
0,752
0,503
0,56
0,293
0,235
0,612
0,470
0,647
0,651
0,351
0,134
0,105
0,22
0,67
0,404
0,467
0,478
0,467
0,114
0,52
0,45
0,458
0,441
0,766
0,769
0,235
0,658
0,578
0,780
0,399
0,578
0,81
0,501
0,293
0,83
0,332
0,649
0,303
0,303
0,753
0,509
0,326
0,270
0,584
0,711
0,4
0,483
0,480
0,151
0,35
0,709
0,173
0,743
0,317
0,456
0,260
0,151
0,245
0,242
0,182
0,115
0,374
0,775
0,432
0,723
0,475
0,684
0,106
0,289
0,365
0,688
0,689
0,288
0,721
0,270
0,342
0,344
0,345
0,402
0,170
0,320
0,185
0,312
0,353
0,358
0,330
0,16
0,312
0,409
0,304
0,617
0,525
0,442
0,729
0,769
0,551
0,678
0,396
0,233
0,694
0,268
0,757
0,82
0,371
0,67
0,97
0,305
0,534
0,76
0,660
0,52
0,586
0,781
0,489
0,376
0,1
0,409
0,205
0,475
0,141
0,646
0,104
0,536
0,626
0,359
0,459
0,443
0,136
0,67
0,500
0,353
0,632
0,764
0,119
0,5
0,550
0,111
0,392
0,165
0,293
0,562
0,212
0,740
0,165
0,433
0,640
0,102
0,494
0,315
0,19
0,312
0,774
0,353
0,268
0,400
0,109
0,722
0,63
0,280
0,169
0,215
0,629
0,363
0,372
0,141
0,196
0,216
0,194
0,320
0,673
0,759
0,639
0,128
0,228
0,209
0,364
0,575
0,50
0,195
0,525
0,211
0,339
0,411
0,520
0,147
0,592
0,253
0,418
0,115
0,316
0,95
0,243
0,666
0,116
0,739
0,543
0,661
0,58
0,493
0,478
0,665
0,680
0,221
0,590
0,334
0,775
0,676
0,297
0,395
0,50
0,415
0,473
0,766
0,144
0,739
0,263
0,312
0,98
0,394
0,623
0,119
0,444
0,361
0,102
0,773
0,487
0,365
0,411
0,3
0,124
0,212
0,163
0,230
0,576
0,612
0,674
0,544
0,230
0,255
0,371
0,661
0,686
0,533
0,557
0,800
0,549
0,425
0,143
0,345
0,477
0,573
0,635
0,371
0,494
0,541
0,575
0,694
0,359
0,387
0,538
0,581
0,784
0,525
0,791
0,455
0,93
0,425
0,235
0,687
0,554
0,588
0,522
0,413
0,117
0,682
0,797
0,698
0,726
0,439
0,442
0,291
0,139
0,200
0,612
0,236
0,707
0,12
0,712
0,175
0,132
0,266
0,45
0,656
0,424
0,341
0,57
0,579
0,280
0,89
0,547
0,232
0,762
0,272
0,247
0,256
0,612
0,316
0,379
0,428
0,428
0,73
0,272
0,688
0,460
0,350
0,569
0,674
0,292
0,1
0,716
0,749
0,493
0,433
0,470
0,57
0,44
0,501
0,608
0,475
0,653
0,472
0,122
0,544
0,201
0,491
0,440
0,248
0,348
0,559
0,409
0,156
0,311
0,14
0,455
0,310
0,230
0,362
0,194
0,701
0,401
0,107
0,283
0,124
0,309
0,346
0,227
0,493
0,87
0,161
0,616
0,500
0,538
0,787
0,621
0,259
0,416
0,444
0,630
0,394
0,608
0,361
0,475
0,266
0,57
0,31
0,214
0,504
0,699
0,246
0,449
0,462
0,94
0,632
0,331
0,375
0,328
0,735
0,470
0,473
0,655
0,570
0,572
0,730
0,622
0,693
0,164
0,446
0,30
0,172
0,411
0,536
0,378
0,51
0,209
0,771
0,697
0,46
0,452
0,134
0,430
0,88
0,589
0,492
0,519
0,315
0,142
0,334
0,675
0,467
0,749
0,22
0,337
0,247
0,665
0,402
0,702
0,201
0,441
0,374
0,210
0,387
0,285
0,446
0,748
0,293
0,246
0,134
0,732
0,620
0,42
0,324
0,739
0,449
0,165
0,386
0,482
0,651
0,293
0,185
0,151
0,792
0,472
0,794
0,28
0,761
0,773
0,760
0,29
0,576
0,420
0,678
0,742
0,106
0,287
0,116
0,702
0,438
0,184
0,684
0,458
0,427
0,310
0,596
0,147
0,575
0,441
0,64
0,220
0,31
0,190
0,651
0,527
0,200
0,568
0,794
0,555
0,710
0,642
0,90
0,256
0,645
0,659
0,330
0,305
0,71
0,430
0,249
0,325
0,278
0,744
0,627
0,86
0,333
0,122
0,12
0,230
0,797
0,397
0,435
0,573
0,61
0,608
0,790
0,647
0,673
0,540
0,488
0,495
0,300
0,276
0,168
0,590
0,495
0,617
0,197
0,145
0,787
0,533
0,553
0,193
0,401
0,530
0,670
0,467
0,479
0,765
0,120
0,460
0,338
0,145
0,269
0,756
0,97
0,21
0,780
0,321
0,543
0,534
0,325
0,603
0,526
0,519
0,95
0,334
0,583
0,159
0,414
0,741
0,744
0,260
0,630
0,175
0,343
0,190
0,432
0,15
0,755
0,636
0,87
0,459
0,111
0,536
0,460
0,334
0,774
0,740
0,120
0,426
0,340
0,390
0,51
0,431
0,145
0,644
0,743
0,38
0,233
0,474
0,351
0,285
0,451
0,153
0,266
0,30
0,144
0,377
0,665
0,626
0,684
0,528
0,49
0,43
0,131
0,572
0,490
0,592
0,530
0,50
0,10
0,1
0,52
0,511
0,624
0,753
0,61
0,132
0,596
0,447
0,348
0,380
0,372
0,550
0,261
0,470
0,729
0,202
0,502
0,705
0,64
0,205
0,294
0,311
0,647
0,271
0,312
0,613
0,701
0,512
0,341
0,738
0,352
0,747
0,573
0,517
0,733
0,584
0,700
0,663
0,587
0,47
0,707
0,33
0,609
0,167
0,2
0,217
0,651
0,423
0,723
0,515
0,290
0,586
0,405
0,620
0,369
0,693
0,675
0,191
0,756
0,139
0,644
0,237
0,136
0,523
0,564
0,506
0,714
0,6
0,393
0,300
0,346
0,11
0,672
0,42
0,726
0,92
0,405
0,384
0,128
0,104
0,82
0,630
0,783
0,455
0,701
0,739
0,295
0,795
0,150
0,19
0,711
0,160
0,71
0,756
0,434
0,645
0,698
0,118
0,264
0,792
0,349
0,671
0,236
0,553
0,92
0,777
0,685
0,483
0,733
0,183
0,205
0,537
0,168
0,518
0,177
0,475
0,414
0,688
0,234
0,51
0,380
0,199
0,675
0,71
0,776
0,415
0,389
0,580
0,122
0,190
0,360
0,23
0,240
0,756
0,398
0,668
0,406
0,275
0,112
0,171
0,613
0,677
0,172
0,94
0,246
0,453
0,320
0,603
0,799
0,305
0,668
0,567
0,126
0,235
0,681
0,557
0,361
0,583
0,610
0,52
0,306
0,619
0,576
0,717
0,376
0,475
0,790
0,485
0,348
0,358
0,262
0,334
0,457
0,623
0,653
0,20
0,7
0,672
0,90
0,21
0,615
0,136
0,90
0,332
0,271
0,41
0,753
0,457
0,11
0,611
0,358
0,528
0,300
0,25
0,595
0,247
0,85
0,468
0,629
0,612
0,651
0,136
0,591
0,367
0,502
0,500
0,497
0,34
0,122
0,737
0,607
0,450
0,604
0,113
0,553
0,260
0,221
0,353
0,366
0,340
0,17
0,766
0,545
0,525
0,185
0,402
0,331
0,564
0,292
0,484
0,434
0,86
0,147
0,123
0,317
0,357
0,28
0,349
0,271
0,524
0,597
0,695
0,256
0,79
0,169
0,47
0,602
0,245
0,115
0,138
0,522
0,679
0,309
0,571
0,516
0,706
0,729
0,789
0,241
0,225
0,697
0,365
0,264
0,117
0,76
0,142
0,187
0,554
0,795
0,207
0,352
0,148
0,124
0,38
0,296
0,485
0,654
0,308
0,421
0,203
0,20
0,604
0,409
0,222
0,382
0,534
0,649
0,374
0,40
0,723
0,245
0,209
0,358
0,430
0,565
0,39
0,590
0,639
0,446
0,248
0,267
0,738
0,15
0,30
0,440
0,65
0,285
0,155
0,22
0,310
0,775
0,522
0,144
0,611
0,668
0,164
0,227
0,88
0,341
0,571
0,20
0,702
0,438
0,341
0,62
0,462
0,4
0,656
0,651
0,190
0,601
0,34
0,243
0,77
0,728
0,158
0,477
0,38
0,87
0,211
0,533
0,401
0,548
0,310
0,433
0,281
0,463
0,522
0,659
0,525
0,204
0,178
0,219
0,445
0,411
0,720
0,113
0,492
0,717
0,592
0,542
0,414
0,190
0,291
0,487
0,455
0,40
0,779
0,316
0,745
0,498
0,731
0,625
0,743
0,86
0,641
0,380
0,7
0,347
0,704
0,646
0,128
0,449
0,212
0,690
0,549
0,365
0,133
0,703
0,185
0,146
0,33
0,564
0,683
0,544
0,652
0,552
0,643
0,78
0,1
0,544
0,262
0,54
0,470
0,592
0,400
0,739
0,4
0,625
0,465
0,525
0,287
0,437
0,710
0,287
0,320
0,240
0,356
0,27
0,287
0,97
0,25
0,685
0,683
0,749
0,229
0,359
0,478
0,217
0,580
0,230
0,388
0,205
0,309
0,52
0,789
0,463
0,620
0,601
0,351
0,761
0,423
0,121
0,783
0,94
0,748
0,712
0,281
0,487
0,6
0,169
0,623
0,207
0,298
0,314
0,304
0,752
0,457
0,258
0,329
0,108
0,614
0,446
0,559
0,552
0,12
0,165
0,168
0,480
0,325
0,55
0,542
0,538
0,351
0,649
0,418
0,617
0,717
0,298
0,104
0,514
0,301
0,321
0,545
0,376
0,281
0,250
0,266
0,768
0,255
0,358
0,438
0,130
0,132
0,722
0,583
0,209
0,263
0,661
0,138
0,178
0,592
0,307
0,397
0,466
0,631
0,74
0,300
0,474
0,628
0,786
0,320
0,518
0,365
0,689
0,239
0,151
0,24
0,781
0,500
0,223
0,302
0,441
0,183
0,499
0,400
0,793
0,382
0,115
0,283
0,15
0,198
0,65
0,542
0,537
0,139
0,218
0,769
0,682
0,396
0,333
0,159
0,80
0,86
0,70
0,302
0,272
0,97
0,668
0,737
0,508
0,235
0,689
0,384
0,312
0,160
0,566
0,394
0,27
0,721
0,683
0,775
0,728
0,138
0,296
0,619
0,32
0,45
0,438
0,403
0,343
0,499
0,786
0,594
0,635
0,279
0,566
0,58
0,778
0,341
0,625
0,574
0,591
0,557
0,181
0,94
0,374
0,455
0,247
0,38
0,715
0,412
0,756
0,94
0,143
0,166
0,359
0,483
0,532
0,294
0,739
0,514
0,781
0,607
0,282
0,555
0,450
0,396
0,681
0,82
0,340
0,43
0,467
0,218
0,386
0,748
0,463
0,551
0,788
0,717
0,55
0,439
0,361
0,111
0,756
0,197
0,662
0,425
0,549
0,289
0,771
0,211
0,311
0,36
0,38
0,688
0,454
0,741
0,257
0,447
0,24
0,583
0,232
0,349
0,358
0,668
0,490
0,438
0,153
0,710
0,44
0,433
0,525
0,319
0,176
0,712
0,440
0,10
0,162
0,719
0,448
0,574
0,17
0,116
0,325
0,667
0,342
0,663
0,447
0,58
0,518
0,661
0,590
0,195
0,588
0,702
0,768
0,422
0,377
0,352
0,24
0,263
0,125
0,195
0,245
0,654
0,167
0,347
0,56
0,188
0,210
0,436
0,3
0,743
0,214
0,176
0,135
0,679
0,172
0,568
0,249
0,761
0,208
0,575
0,416
0,431
0,313
0,63
0,44
0,64
0,247
0,59
0,511
0,362
0,672
0,779
0,486
0,708
0,29
0,385
0,92
0,71
0,82
0,267
0,8
0,155
0,324
0,247
0,83
0,125
0,126
0,134
0,220
0,180
0,616
0,737
0,232
0,748
0,406
0,736
0,194
0,647
0,659
0,714
0,215
0,517
0,554
0,14
0,428
0,666
0,239
0,426
0,436
0,446
0,577
0,133
0,380
0,206
0,467
0,723
0,501
0,654
0,183
0,156
0,18
0,265
0,528
0,600
0,719
0,206
0,273
0,389
0,64
0,681
0,781
0,12
0,202
0,517
0,432
0,253
0,590
0,472
0,142
0,703
0,524
0,110
0,36
0,506
0,239
0,213
0,665
0,387
0,119
0,719
0,378
0,67
0,131
0,515
0,424
0,625
0,761
0,127
0,642
0,279
0,718
0,514
0,22
0,135
0,513
0,132
0,727
0,53
0,60
0,464
0,249
0,676
0,499
0,626
0,155
0,731
0,587
0,704
0,581
0,54
0,264
0,585
0,60
0,510
0,404
0,712
0,465
0,572
0,695
0,555
0,282
0,69
0,614
0,523
0,683
0,694
0,65
0,625
0,584
0,438
0,323
0,607
0,722
0,233
0,161
0,85
0,5
0,749
0,786
0,499
0,259
0,21
0,468
0,344
0,562
0,513
0,369
0,664
0,289
0,403
0,173
0,119
0,118
0,58
0,589
0,293
0,392
0,685
0,756
0,68
0,240
0,179
0,490
0,730
0,70
0,283
0,524
0,667
0,645
0,619
0,37
0,397
0,272
0,116
0,670
0,520
0,66
0,456
0,574
0,130
0,600
0,577
0,210
0,89
0,350
0,399
0,230
0,407
0,746
0,629
0,566
0,42
0,392
0,63
0,728
0,160
0,440
0,359
0,766
0,400
0,341
0,244
0,661
0,658
0,454
0,743
0,419
0,483
0,674
0,452
0,110
0,562
0,159
0,148
0,637
0,641
0,164
0,523
0,59
0,427
0,156
0,123
0,464
0,557
0,159
0,167
0,286
0,757
0,305
0,411
0,188
0,320
0,382
0,89
0,376
0,295
0,451
0,130
0,680
0,258
0,466
0,512
0,742
0,641
0,174
0,664
0,160
0,512
0,54
0,360
0,710
0,284
0,485
0,390
0,313
0,754
0,53
0,532
0,527
0,552
0,159
0,407
0,363
0,632
0,695
0,506
0,775
0,552
0,453
0,580
0,238
0,133
0,177
0,120
0,39
0,4
0,97
0,662
0,610
0,64
0,335
0,164
0,706
0,259
0,290
0,623
0,569
0,623
0,343
0,430
0,155
0,379
0,407
0,130
0,294
0,269
0,462
0,457
0,7
0,593
0,545
0,512
0,298
0,473
0,451
0,410
0,698
0,790
0,10
0,768
0,199
0,542
0,661
0,537
0,41
0,368
0,264
0,134
0,188
0,505
0,422
0,246
0,246
0,310
0,255
0,774
0,564
0,653
0,539
0,436
0,56
0,585
0,241
0,317
0,494
0,127
0,120
0,131
0,79
0,566
0,18
0,194
0,573
0,336
0,542
0,245
0,758
0,753
0,78
0,700
0,333
0,10
0,772
0,340
0,673
0,294
0,5
0,342
0,494
0,57
0,467
0,792
0,618
0,187
0,627
0,400
0,691
0,639
0,262
0,626
0,728
0,667
0,640
0,636
0,463
0,239
0,57
0,649
0,526
0,659
0,222
0,314
0,271
0,320
0,333
0,129
0,740
0,186
0,343
0,447
0,294
0,160
0,494
0,250
0,380
0,429
0,305
0,226
0,585
0,260
0,468
0,602
0,312
0,331
0,203
0,770
0,746
0,109
0,775
0,722
0,21
0,25
0,44
0,731
0,682
0,306
0,468
0,553
0,8
0,788
0,233
0,505
0,217
0,14
0,587
0,237
0,102
0,204
0,334
0,776
0,316
0,156
0,114
0,702
0,143
0,632
0,429
0,553
0,91
0,529
0,467
0,274
0,104
0,467
0,796
0,16
0,761
0,31
0,329
0,353
0,122
0,282
0,606
0,134
0,715
0,596
0,452
0,602
0,291
0,148
0,567
0,785
0,461
0,417
0,622
0,281
0,308
0,618
0,231
0,116
0,420
0,664
0,26
0,173
0,2
0,63
0,72
0,488
0,323
0,467
0,425
0,538
0,443
0,464
0,251
0,155
0,389
0,777
0,548
0,338
0,686
0,328
0,198
0,397
0,647
0,273
0,726
0,773
0,600
0,42
0,101
0,465
0,556
0,327
0,182
0,370
0,481
0,339
0,49
0,75
0,505
0,201
0,786
0,263
0,279
0,380
0,712
0,585
0,549
0,675
0,104
0,108
0,730
0,525
0,100
0,207
0,750
0,95
0,745
0,469
0,45
0,701
0,303
0,379
0,480
0,634
0,17
0,519
0,33
0,654
0,732
0,654
0,673
0,345
0,130
0,98
0,507
0,562
0,171
0,437
0,363
0,419
0,137
0,165
0,254
0,720
0,568
0,514
0,699
0,415
0,641
0,687
0,632
0,771
0,64
0,705
0,185
0,66
0,485
0,2
0,50
0,784
0,591
0,605
0,322
0,49
0,33
0,702
0,607
0,262
0,347
0,118
0,210
0,709
0,264
0,76
0,355
0,182
0,60
0,763
0,482
0,328
0,691
0,147
0,39
0,540
0,165
0,59
0,328
0,330
0,124
0,551
0,601
0,508
0,607
0,354
0,383
0,208
0,490
0,96
0,692
0,488
0,783
0,25
0,440
0,373
0,524
0,242
0,474
0,748
0,537
0,799
0,350
0,108
0,751
0,738
0,568
0,343
0,133
0,319
0,687
0,419
0,576
0,269
0,417
0,194
0,508
0,122
0,727
0,176
0,485
0,735
0,531
0,37
0,537
0,145
0,321
0,532
0,190
0,424
0,473
0,713
0,207
0,709
0,418
0,14
0,525
0,699
0,666
0,301
0,432
0,328
0,411
0,469
0,301
0,655
0,265
0,784
0,15
0,277
0,266
0,271
0,356
0,781
0,384
0,535
0,77
0,649
0,397
0,156
0,790
0,65
0,520
0,109
0,64
0,72
0,471
0,102
0,27
0,784
0,261
0,250
0,56
0,189
0,78
0,225
0,495
0,226
0,130
0,777
0,283
0,272
0,458
0,490
0,361
0,776
0,428
0,466
0,170
0,295
0,242
0,626
0,517
0,411
0,360
0,600
0,232
0,608
0,769
0,236
0,251
0,239
0,687
0,683
0,718
0,160
0,744
0,95
0,6
0,338
0,589
0,616
0,738
0,203
0,214
0,216
0,247
0,114
0,386
0,612
0,173
0,619
0,412
0,94
0,51
0,434
0,399
0,755
0,503
0,223
0,648
0,297
0,37
0,174
0,14
0,680
0,43
0,558
0,3
0,14
0,50
0,11
0,398
0,73
0,124
0,149
0,598
0,530
0,614
0,112
0,156
0,87
0,526
0,741
0,598
0,43
0,574
0,158
0,585
0,345
0,282
0,59
0,526
0,594
0,336
0,736
0,576
0,44
0,157
0,251
0,236
0,103
0,326
0,550
0,661
0,634
0,141
0,527
0,133
0,320
0,480
0,88
0,642
0,568
0,642
0,353
0,385
0,48
0,384
0,175
0,278
0,18
0,324
0,540
0,106
0,71
0,678
0,77
0,701
0,41
0,483
0,159
0,265
0,731
0,137
0,769
0,420
0,85
0,488
0,230
0,703
0,591
0,652
0,27
0,779
0,339
0,199
0,524
0,200
0,735
0,515
0,575
0,739
0,392
0,682
0,19
0,781
0,322
0,636
0,735
0,239
0,326
0,328
0,548
0,13
0,371
0,502
0,412
0,422
0,95
0,503
0,583
0,60
0,178
0,88
0,258
0,365
0,515
0,631
0,696
0,68
0,540
0,149
