10000
1,332
2,59
3,352
4,514
5,448
6,471
7,659
8,609
9,349
10,265
11,518
12,37
13,186
14,755
15,474
16,349
17,3
18,711
19,615
20,211
21,48
22,793
23,452
24,208
25,413
26,287
27,259
28,512
29,508
30,62
31,336
32,97
33,477
34,560
35,186
36,230
37,282
38,164
39,630
40,692
41,70
42,64
43,433
44,277
45,463
46,119
47,744
48,704
49,370
50,6
51,634
52,394
53,7
54,222
55,574
56,422
57,395
58,313
59,560
60,535
61,554
62,253
63,181
64,781
65,257
66,327
67,45
68,192
69,381
70,491
71,409
72,226
73,212
74,275
75,47
76,18
77,672
78,517
79,263
80,641
81,800
82,618
83,368
84,722
85,299
86,637
87,714
88,202
89,763
90,605
91,193
92,799
93,309
94,542
95,754
96,26
97,42
98,734
99,572
100,460
101,293
102,409
103,545
104,472
105,130
106,456
107,198
108,131
109,246
110,275
111,305
112,776
113,676
114,211
115,16
116,479
117,96
118,80
119,575
120,665
121,237
122,345
123,400
124,738
125,497
126,614
127,95
128,437
129,464
130,785
131,446
132,302
133,676
134,170
135,547
136,150
137,406
138,22
139,318
140,739
141,527
142,327
143,394
144,410
145,638
146,98
147,589
148,5
149,735
150,68
151,251
152,203
153,286
154,516
155,715
156,416
157,531
158,68
159,48
160,244
161,654
162,198
163,583
164,147
165,65
166,738
167,403
168,518
169,540
170,386
171,478
172,621
173,180
174,279
175,66
176,61
177,519
178,29
179,606
180,755
181,586
182,718
183,654
184,59
185,109
186,147
187,710
188,428
189,28
190,585
191,537
192,331
193,680
194,306
195,531
196,538
197,629
198,209
199,703
200,250
201,28
202,102
203,439
204,16
205,397
206,278
207,49
208,185
209,679
210,389
211,191
212,751
213,506
214,58
215,134
216,509
217,622
218,750
219,344
220,406
221,513
222,295
223,437
224,263
225,176
226,341
227,666
228,488
229,529
230,23
231,562
232,118
233,454
234,601
235,495
236,426
237,715
238,679
239,432
240,113
241,337
242,582
243,575
244,633
245,703
246,744
247,102
248,439
249,646
250,565
251,511
252,124
253,132
254,341
255,244
256,119
257,384
258,328
259,595
260,32
261,83
262,184
263,544
264,666
265,568
266,141
267,127
268,619
269,618
270,306
271,639
272,377
273,115
274,27
275,587
276,320
277,195
278,180
279,453
280,323
281,486
282,198
283,587
284,797
285,562
286,448
287,152
288,114
289,785
290,179
291,147
292,581
293,123
294,273
295,180
296,94
297,379
298,740
299,43
300,38
301,553
302,524
303,401
304,437
305,762
306,150
307,558
308,654
309,466
310,31
311,789
312,604
313,122
314,466
315,178
316,192
317,521
318,289
319,723
320,434
321,734
322,579
323,576
324,677
325,555
326,666
327,499
328,332
329,634
330,122
331,433
332,796
333,737
334,705
335,128
336,611
337,497
338,171
339,15
340,465
341,535
342,740
343,243
344,271
345,791
346,437
347,267
348,726
349,679
350,248
351,561
352,465
353,497
354,82
355,357
356,746
357,720
358,754
359,342
360,524
361,105
362,658
363,212
364,290
365,169
366,291
367,685
368,207
369,544
370,299
371,378
372,216
373,207
374,244
375,696
376,441
377,371
378,470
379,562
380,171
381,766
382,791
383,581
384,617
385,87
386,401
387,782
388,53
389,756
390,552
391,89
392,303
393,275
394,107
395,468
396,798
397,638
398,262
399,160
400,647
401,461
402,322
403,661
404,261
405,340
406,94
407,608
408,134
409,171
410,657
411,246
412,163
413,85
414,432
415,489
416,357
417,694
418,697
419,559
420,256
421,754
422,121
423,782
424,70
425,623
426,155
427,112
428,83
429,538
430,3
431,440
432,799
433,82
434,800
435,566
436,97
437,100
438,565
439,234
440,254
441,712
442,267
443,519
444,497
445,620
446,294
447,247
448,436
449,727
450,75
451,212
452,355
453,122
454,782
455,246
456,678
457,509
458,762
459,524
460,602
461,71
462,773
463,382
464,505
465,48
466,455
467,586
468,221
469,25
470,779
471,649
472,567
473,113
474,584
475,153
476,38
477,745
478,83
479,150
480,519
481,45
482,272
483,272
484,656
485,343
486,135
487,613
488,102
489,458
490,298
491,800
492,505
493,263
494,563
495,388
496,310
497,144
498,161
499,695
500,181
501,484
502,616
503,571
504,82
505,677
506,749
507,31
508,224
509,339
510,649
511,297
512,213
513,393
514,549
515,483
516,513
517,735
518,73
519,42
520,727
521,446
522,687
523,404
524,41
525,570
526,374
527,773
528,591
529,234
530,739
531,52
532,31
533,336
534,435
535,583
536,27
537,476
538,204
539,705
540,767
541,491
542,355
543,265
544,298
545,436
546,782
547,794
548,293
549,14
550,596
551,646
552,22
553,786
554,747
555,407
556,162
557,694
558,273
559,343
560,86
561,595
562,145
563,96
564,385
565,590
566,186
567,358
568,630
569,334
570,531
571,133
572,358
573,214
574,441
575,581
576,152
577,597
578,758
579,158
580,320
581,449
582,236
583,612
584,617
585,12
586,134
587,144
588,525
589,185
590,465
591,763
592,223
593,52
594,464
595,643
596,270
597,269
598,331
599,76
600,497
601,616
602,293
603,436
604,772
605,552
606,193
607,394
608,184
609,89
610,457
611,330
612,38
613,228
614,662
615,121
616,588
617,166
618,280
619,456
620,98
621,659
622,159
623,734
624,47
625,717
626,701
627,188
628,780
629,466
630,556
631,454
632,192
633,610
634,477
635,437
636,773
637,92
638,310
639,147
640,460
641,554
642,553
643,265
644,557
645,415
646,306
647,278
648,731
649,279
650,736
651,740
652,365
653,201
654,632
655,762
656,153
657,119
658,169
659,395
660,133
661,603
662,290
663,561
664,413
665,514
666,535
667,418
668,612
669,274
670,65
671,453
672,333
673,294
674,700
675,315
676,212
677,109
678,175
679,627
680,43
681,460
682,516
683,195
684,726
685,784
686,500
687,134
688,410
689,342
690,485
691,403
692,119
693,497
694,221
695,649
696,375
697,420
698,225
699,659
700,340
701,500
702,278
703,365
704,673
705,707
706,426
707,228
708,716
709,607
710,267
711,77
712,201
713,581
714,433
715,71
716,503
717,668
718,777
719,486
720,295
721,560
722,560
723,117
724,761
725,215
726,12
727,367
728,385
729,301
730,53
731,191
732,704
733,647
734,80
735,649
736,693
737,126
738,220
739,541
740,711
741,161
742,188
743,428
744,638
745,761
746,44
747,516
748,346
749,621
750,549
751,781
752,217
753,171
754,588
755,510
756,761
757,137
758,219
759,391
760,625
761,191
762,313
763,541
764,254
765,573
766,277
767,55
768,582
769,650
770,431
771,186
772,727
773,144
774,772
775,486
776,226
777,450
778,393
779,24
780,632
781,722
782,37
783,477
784,649
785,532
786,640
787,117
788,563
789,415
790,403
791,242
792,127
793,579
794,330
795,81
796,649
797,630
798,519
799,593
800,330
801,779
802,351
803,679
804,330
805,202
806,290
807,793
808,754
809,117
810,547
811,683
812,75
813,573
814,662
815,505
816,656
817,498
818,257
819,538
820,797
821,631
822,654
823,310
824,754
825,585
826,302
827,577
828,155
829,776
830,667
831,206
832,360
833,253
834,713
835,124
836,282
837,20
838,474
839,543
840,204
841,733
842,741
843,22
844,124
845,512
846,514
847,435
848,624
849,151
850,635
851,129
852,142
853,463
854,98
855,79
856,177
857,351
858,137
859,334
860,157
861,678
862,757
863,38
864,752
865,283
866,780
867,207
868,90
869,481
870,729
871,313
872,633
873,255
874,121
875,657
876,771
877,619
878,417
879,653
880,389
881,740
882,624
883,705
884,572
885,538
886,421
887,544
888,259
889,425
890,102
891,342
892,655
893,31
894,367
895,709
896,680
897,789
898,433
899,595
900,563
901,224
902,549
903,176
904,250
905,717
906,282
907,144
908,552
909,727
910,597
911,735
912,767
913,16
914,115
915,35
916,18
917,299
918,782
919,440
920,426
921,543
922,56
923,231
924,774
925,662
926,586
927,391
928,433
929,234
930,70
931,733
932,162
933,408
934,538
935,432
936,96
937,308
938,210
939,219
940,756
941,634
942,747
943,414
944,479
945,561
946,431
947,540
948,414
949,60
950,132
951,662
952,54
953,220
954,498
955,11
956,263
957,43
958,577
959,276
960,448
961,458
962,690
963,244
964,360
965,69
966,419
967,125
968,524
969,61
970,225
971,255
972,221
973,515
974,291
975,759
976,485
977,733
978,121
979,592
980,757
981,67
982,524
983,85
984,242
985,329
986,605
987,422
988,403
989,199
990,745
991,649
992,539
993,515
994,189
995,321
996,790
997,479
998,459
999,569
1000,276
1001,338
1002,522
1003,499
1004,744
1005,724
1006,456
1007,743
1008,509
1009,192
1010,550
1011,409
1012,757
1013,562
1014,239
1015,390
1016,192
1017,91
1018,474
1019,286
1020,308
1021,21
1022,504
1023,366
1024,123
1025,310
1026,248
1027,534
1028,203
1029,112
1030,679
1031,270
1032,559
1033,713
1034,712
1035,728
1036,684
1037,214
1038,134
1039,417
1040,570
1041,42
1042,491
1043,156
1044,692
1045,438
1046,693
1047,689
1048,192
1049,657
1050,364
1051,446
1052,632
1053,574
1054,242
1055,519
1056,254
1057,427
1058,628
1059,616
1060,20
1061,198
1062,272
1063,446
1064,534
1065,62
1066,361
1067,694
1068,764
1069,741
1070,752
1071,286
1072,310
1073,762
1074,514
1075,641
1076,664
1077,103
1078,761
1079,340
1080,788
1081,95
1082,137
1083,723
1084,269
1085,208
1086,288
1087,313
1088,245
1089,573
1090,60
1091,72
1092,84
1093,86
1094,421
1095,354
1096,181
1097,41
1098,537
1099,770
1100,477
1101,75
1102,133
1103,74
1104,125
1105,342
1106,382
1107,210
1108,50
1109,537
1110,87
1111,375
1112,570
1113,574
1114,500
1115,256
1116,460
1117,267
1118,78
1119,340
1120,104
1121,607
1122,535
1123,368
1124,221
1125,3
1126,114
1127,9
1128,191
1129,778
1130,746
1131,401
1132,286
1133,614
1134,167
1135,106
1136,90
1137,620
1138,638
1139,649
1140,358
1141,155
1142,208
1143,325
1144,547
1145,549
1146,445
1147,455
1148,295
1149,601
1150,724
1151,447
1152,757
1153,178
1154,596
1155,134
1156,383
1157,18
1158,160
1159,709
1160,437
1161,753
1162,77
1163,748
1164,34
1165,587
1166,278
1167,474
1168,691
1169,214
1170,400
1171,482
1172,277
1173,667
1174,261
1175,36
1176,725
1177,750
1178,491
1179,146
1180,418
1181,76
1182,576
1183,215
1184,481
1185,158
1186,31
1187,158
1188,213
1189,794
1190,208
1191,156
1192,253
1193,88
1194,141
1195,338
1196,743
1197,671
1198,685
1199,410
1200,552
1201,460
1202,147
1203,463
1204,538
1205,334
1206,107
1207,97
1208,88
1209,759
1210,527
1211,519
1212,531
1213,481
1214,591
1215,423
1216,331
1217,280
1218,763
1219,587
1220,391
1221,558
1222,759
1223,580
1224,517
1225,26
1226,214
1227,510
1228,220
1229,399
1230,275
1231,263
1232,766
1233,346
1234,719
1235,478
1236,161
1237,234
1238,444
1239,58
1240,777
1241,605
1242,251
1243,676
1244,296
1245,244
1246,300
1247,730
1248,170
1249,172
1250,742
1251,723
1252,191
1253,254
1254,588
1255,261
1256,329
1257,223
1258,577
1259,667
1260,61
1261,368
1262,265
1263,468
1264,623
1265,447
1266,98
1267,645
1268,114
1269,319
1270,725
1271,59
1272,469
1273,140
1274,614
1275,577
1276,444
1277,334
1278,372
1279,742
1280,497
1281,589
1282,35
1283,619
1284,36
1285,105
1286,753
1287,450
1288,285
1289,229
1290,458
1291,116
1292,53
1293,651
1294,69
1295,720
1296,737
1297,661
1298,10
1299,203
1300,761
1301,475
1302,473
1303,248
1304,152
1305,231
1306,657
1307,193
1308,71
1309,781
1310,585
1311,484
1312,474
1313,54
1314,719
1315,480
1316,250
1317,374
1318,21
1319,497
1320,363
1321,372
1322,176
1323,123
1324,781
1325,208
1326,565
1327,145
1328,778
1329,542
1330,707
1331,621
1332,324
1333,182
1334,797
1335,402
1336,110
1337,143
1338,159
1339,446
1340,549
1341,577
1342,386
1343,278
1344,159
1345,489
1346,573
1347,259
1348,11
1349,727
1350,75
1351,367
1352,398
1353,448
1354,278
1355,557
1356,29
1357,494
1358,364
1359,75
1360,600
1361,638
1362,766
1363,85
1364,728
1365,776
1366,511
1367,556
1368,99
1369,721
1370,72
1371,362
1372,26
1373,194
1374,462
1375,9
1376,534
1377,252
1378,568
1379,254
1380,508
1381,584
1382,536
1383,167
1384,758
1385,201
1386,82
1387,738
1388,585
1389,471
1390,272
1391,619
1392,767
1393,26
1394,274
1395,205
1396,63
1397,708
1398,447
1399,220
1400,524
1401,580
1402,767
1403,18
1404,131
1405,285
1406,505
1407,204
1408,532
1409,168
1410,557
1411,305
1412,293
1413,491
1414,579
1415,666
1416,32
1417,12
1418,420
1419,486
1420,645
1421,618
1422,757
1423,638
1424,88
1425,442
1426,225
1427,103
1428,432
1429,605
1430,776
1431,204
1432,621
1433,489
1434,471
1435,488
1436,79
1437,606
1438,378
1439,99
1440,664
1441,173
1442,769
1443,797
1444,435
1445,470
1446,747
1447,21
1448,98
1449,182
1450,178
1451,565
1452,418
1453,738
1454,420
1455,313
1456,537
1457,224
1458,506
1459,321
1460,8
1461,527
1462,118
1463,641
1464,34
1465,752
1466,313
1467,791
1468,573
1469,714
1470,684
1471,715
1472,454
1473,139
1474,302
1475,649
1476,274
1477,186
1478,169
1479,296
1480,210
1481,418
1482,237
1483,136
1484,128
1485,373
1486,256
1487,724
1488,393
1489,443
1490,495
1491,509
1492,487
1493,632
1494,464
1495,8
1496,595
1497,399
1498,763
1499,640
1500,710
1501,86
1502,328
1503,132
1504,65
1505,117
1506,607
1507,319
1508,576
1509,104
1510,376
1511,588
1512,73
1513,317
1514,416
1515,1
1516,618
1517,212
1518,121
1519,415
1520,359
1521,36
1522,645
1523,531
1524,341
1525,432
1526,291
1527,751
1528,303
1529,567
1530,674
1531,187
1532,681
1533,25
1534,687
1535,155
1536,524
1537,768
1538,390
1539,199
1540,483
1541,448
1542,518
1543,746
1544,725
1545,53
1546,612
1547,452
1548,157
1549,500
1550,205
1551,176
1552,295
1553,746
1554,281
1555,156
1556,274
1557,655
1558,676
1559,704
1560,302
1561,88
1562,523
1563,776
1564,679
1565,171
1566,374
1567,397
1568,157
1569,799
1570,292
1571,11
1572,273
1573,366
1574,781
1575,497
1576,10
1577,462
1578,541
1579,118
1580,238
1581,450
1582,288
1583,5
1584,150
1585,253
1586,390
1587,559
1588,75
1589,507
1590,416
1591,716
1592,60
1593,73
1594,251
1595,284
1596,3
1597,13
1598,607
1599,540
1600,15
1601,197
1602,592
1603,8
1604,309
1605,485
1606,400
1607,366
1608,265
1609,125
1610,483
1611,612
1612,389
1613,252
1614,15
1615,291
1616,284
1617,713
1618,211
1619,419
1620,470
1621,727
1622,141
1623,471
1624,748
1625,694
1626,508
1627,672
1628,359
1629,594
1630,372
1631,418
1632,703
1633,469
1634,688
1635,769
1636,195
1637,74
1638,681
1639,402
1640,190
1641,655
1642,617
1643,181
1644,371
1645,82
1646,157
1647,780
1648,403
1649,689
1650,425
1651,216
1652,379
1653,452
1654,233
1655,112
1656,19
1657,576
1658,92
1659,535
1660,564
1661,27
1662,595
1663,284
1664,208
1665,271
1666,396
1667,797
1668,531
1669,2
1670,210
1671,696
1672,537
1673,181
1674,569
1675,352
1676,185
1677,117
1678,82
1679,548
1680,284
1681,89
1682,154
1683,326
1684,769
1685,677
1686,541
1687,461
1688,590
1689,376
1690,790
1691,643
1692,254
1693,403
1694,500
1695,482
1696,730
1697,46
1698,635
1699,719
1700,62
1701,302
1702,678
1703,509
1704,379
1705,637
1706,748
1707,779
1708,275
1709,740
1710,217
1711,577
1712,708
1713,502
1714,542
1715,124
1716,705
1717,710
1718,299
1719,245
1720,612
1721,171
1722,421
1723,96
1724,583
1725,500
1726,584
1727,523
1728,512
1729,460
1730,326
1731,480
1732,239
1733,327
1734,91
1735,790
1736,795
1737,39
1738,693
1739,693
1740,333
1741,550
1742,718
1743,126
1744,583
1745,129
1746,554
1747,478
1748,9
1749,438
1750,638
1751,717
1752,261
1753,242
1754,476
1755,667
1756,330
1757,694
1758,178
1759,757
1760,262
1761,236
1762,675
1763,744
1764,366
1765,711
1766,587
1767,501
1768,748
1769,179
1770,9
1771,546
1772,700
1773,178
1774,332
1775,503
1776,679
1777,122
1778,165
1779,44
1780,509
1781,386
1782,110
1783,80
1784,508
1785,462
1786,361
1787,151
1788,201
1789,69
1790,15
1791,243
1792,190
1793,588
1794,73
1795,490
1796,161
1797,733
1798,457
1799,339
1800,362
1801,105
1802,311
1803,664
1804,774
1805,691
1806,270
1807,236
1808,352
1809,718
1810,551
1811,573
1812,296
1813,374
1814,798
1815,105
1816,499
1817,676
1818,635
1819,314
1820,135
1821,129
1822,196
1823,425
1824,434
1825,259
1826,379
1827,408
1828,102
1829,671
1830,756
1831,260
1832,403
1833,208
1834,166
1835,88
1836,10
1837,604
1838,267
1839,52
1840,77
1841,774
1842,479
1843,397
1844,178
1845,780
1846,233
1847,162
1848,738
1849,490
1850,57
1851,638
1852,6
1853,705
1854,758
1855,201
1856,88
1857,354
1858,617
1859,101
1860,387
1861,367
1862,122
1863,399
1864,357
1865,107
1866,632
1867,427
1868,727
1869,292
1870,451
1871,43
1872,175
1873,702
1874,102
1875,136
1876,732
1877,799
1878,313
1879,235
1880,63
1881,57
1882,23
1883,270
1884,528
1885,66
1886,38
1887,1
1888,429
1889,576
1890,467
1891,279
1892,86
1893,386
1894,192
1895,595
1896,708
1897,731
1898,602
1899,305
1900,710
1901,199
1902,211
1903,239
1904,539
1905,4
1906,149
1907,592
1908,358
1909,104
1910,421
1911,147
1912,26
1913,258
1914,407
1915,171
1916,358
1917,33
1918,443
1919,454
1920,351
1921,460
1922,754
1923,358
1924,495
1925,174
1926,19
1927,113
1928,618
1929,211
1930,345
1931,405
1932,415
1933,46
1934,461
1935,588
1936,569
1937,607
1938,515
1939,43
1940,734
1941,707
1942,333
1943,585
1944,668
1945,691
1946,406
1947,659
1948,601
1949,82
1950,10
1951,463
1952,792
1953,10
1954,140
1955,257
1956,688
1957,420
1958,289
1959,766
1960,607
1961,359
1962,446
1963,722
1964,771
1965,645
1966,506
1967,319
1968,97
1969,2
1970,652
1971,548
1972,471
1973,214
1974,146
1975,320
1976,506
1977,254
1978,378
1979,765
1980,713
1981,461
1982,179
1983,279
1984,559
1985,533
1986,17
1987,797
1988,474
1989,17
1990,533
1991,639
1992,629
1993,555
1994,146
1995,404
1996,387
1997,306
1998,711
1999,721
2000,515
2001,571
2002,165
2003,40
2004,165
2005,494
2006,384
2007,30
2008,704
2009,331
2010,687
2011,172
2012,206
2013,697
2014,158
2015,772
2016,363
2017,75
2018,798
2019,298
2020,349
2021,422
2022,550
2023,10
2024,753
2025,633
2026,690
2027,208
2028,154
2029,249
2030,567
2031,113
2032,508
2033,730
2034,397
2035,625
2036,451
2037,531
2038,721
2039,724
2040,655
2041,177
2042,741
2043,567
2044,550
2045,704
2046,285
2047,503
2048,643
2049,254
2050,7
2051,174
2052,52
2053,612
2054,418
2055,273
2056,443
2057,766
2058,61
2059,339
2060,48
2061,614
2062,155
2063,217
2064,778
2065,661
2066,625
2067,277
2068,257
2069,687
2070,495
2071,763
2072,160
2073,503
2074,634
2075,788
2076,79
2077,499
2078,1
2079,200
2080,399
2081,499
2082,171
2083,336
2084,514
2085,249
2086,714
2087,663
2088,434
2089,750
2090,724
2091,104
2092,135
2093,669
2094,213
2095,734
2096,177
2097,246
2098,51
2099,740
2100,59
2101,765
2102,225
2103,285
2104,209
2105,63
2106,588
2107,172
2108,293
2109,107
2110,10
2111,226
2112,215
2113,480
2114,112
2115,386
2116,417
2117,641
2118,527
2119,775
2120,11
2121,290
2122,770
2123,156
2124,177
2125,23
2126,5
2127,509
2128,34
2129,405
2130,789
2131,425
2132,534
2133,664
2134,126
2135,224
2136,755
2137,435
2138,596
2139,502
2140,364
2141,473
2142,651
2143,655
2144,697
2145,349
2146,38
2147,215
2148,148
2149,296
2150,479
2151,89
2152,92
2153,286
2154,452
2155,146
2156,231
2157,36
2158,185
2159,511
2160,683
2161,627
2162,664
2163,302
2164,613
2165,444
2166,428
2167,735
2168,297
2169,610
2170,260
2171,155
2172,639
2173,572
2174,459
2175,744
2176,291
2177,369
2178,436
2179,1
2180,348
2181,288
2182,335
2183,92
2184,102
2185,315
2186,134
2187,565
2188,659
2189,627
2190,264
2191,604
2192,594
2193,712
2194,596
2195,406
2196,538
2197,582
2198,291
2199,620
2200,458
2201,575
2202,437
2203,450
2204,742
2205,320
2206,539
2207,205
2208,523
2209,756
2210,359
2211,407
2212,671
2213,214
2214,27
2215,201
2216,654
2217,321
2218,24
2219,795
2220,725
2221,485
2222,277
2223,517
2224,501
2225,297
2226,196
2227,528
2228,313
2229,36
2230,118
2231,141
2232,361
2233,299
2234,274
2235,194
2236,281
2237,483
2238,322
2239,678
2240,217
2241,108
2242,722
2243,578
2244,333
2245,757
2246,65
2247,285
2248,29
2249,96
2250,120
2251,556
2252,606
2253,680
2254,248
2255,219
2256,532
2257,200
2258,756
2259,316
2260,758
2261,102
2262,79
2263,54
2264,13
2265,521
2266,57
2267,32
2268,550
2269,387
2270,740
2271,204
2272,334
2273,442
2274,592
2275,339
2276,473
2277,41
2278,553
2279,190
2280,453
2281,567
2282,354
2283,754
2284,390
2285,472
2286,658
2287,490
2288,733
2289,749
2290,440
2291,373
2292,764
2293,476
2294,421
2295,24
2296,680
2297,527
2298,246
2299,593
2300,35
2301,630
2302,391
2303,697
2304,193
2305,433
2306,78
2307,194
2308,299
2309,598
2310,411
2311,256
2312,177
2313,481
2314,125
2315,529
2316,83
2317,524
2318,710
2319,496
2320,205
2321,321
2322,76
2323,352
2324,348
2325,313
2326,388
2327,450
2328,668
2329,145
2330,718
2331,39
2332,513
2333,390
2334,702
2335,416
2336,305
2337,42
2338,225
2339,721
2340,648
2341,523
2342,785
2343,447
2344,156
2345,489
2346,451
2347,100
2348,613
2349,707
2350,798
2351,359
2352,426
2353,473
2354,347
2355,456
2356,703
2357,288
2358,533
2359,489
2360,100
2361,322
2362,213
2363,610
2364,561
2365,535
2366,96
2367,240
2368,599
2369,558
2370,703
2371,572
2372,535
2373,37
2374,667
2375,467
2376,527
2377,235
2378,702
2379,617
2380,233
2381,515
2382,368
2383,733
2384,784
2385,83
2386,783
2387,734
2388,457
2389,56
2390,440
2391,276
2392,296
2393,717
2394,768
2395,176
2396,460
2397,537
2398,362
2399,539
2400,452
2401,29
2402,98
2403,268
2404,311
2405,243
2406,711
2407,89
2408,488
2409,435
2410,343
2411,206
2412,725
2413,473
2414,791
2415,171
2416,702
2417,79
2418,552
2419,580
2420,123
2421,713
2422,638
2423,148
2424,152
2425,678
2426,364
2427,779
2428,95
2429,376
2430,419
2431,647
2432,519
2433,99
2434,408
2435,600
2436,216
2437,492
2438,48
2439,471
2440,778
2441,367
2442,81
2443,614
2444,203
2445,546
2446,426
2447,705
2448,372
2449,379
2450,250
2451,31
2452,354
2453,254
2454,714
2455,68
2456,720
2457,432
2458,166
2459,588
2460,260
2461,256
2462,680
2463,134
2464,759
2465,242
2466,528
2467,424
2468,731
2469,739
2470,505
2471,84
2472,755
2473,354
2474,800
2475,465
2476,519
2477,353
2478,285
2479,14
2480,80
2481,222
2482,696
2483,462
2484,398
2485,433
2486,37
2487,45
2488,385
2489,70
2490,762
2491,439
2492,165
2493,513
2494,425
2495,280
2496,267
2497,199
2498,346
2499,261
2500,732
2501,107
2502,617
2503,432
2504,476
2505,451
2506,302
2507,696
2508,465
2509,373
2510,302
2511,595
2512,537
2513,308
2514,321
2515,687
2516,749
2517,228
2518,267
2519,760
2520,643
2521,332
2522,208
2523,187
2524,738
2525,121
2526,160
2527,145
2528,501
2529,211
2530,233
2531,492
2532,648
2533,440
2534,249
2535,777
2536,573
2537,127
2538,657
2539,617
2540,379
2541,157
2542,599
2543,742
2544,204
2545,329
2546,758
2547,455
2548,406
2549,696
2550,75
2551,383
2552,84
2553,390
2554,267
2555,54
2556,125
2557,211
2558,188
2559,47
2560,711
2561,653
2562,734
2563,556
2564,209
2565,471
2566,608
2567,256
2568,735
2569,554
2570,533
2571,548
2572,548
2573,738
2574,553
2575,112
2576,28
2577,705
2578,637
2579,147
2580,723
2581,433
2582,459
2583,402
2584,566
2585,634
2586,52
2587,573
2588,602
2589,572
2590,173
2591,429
2592,770
2593,275
2594,59
2595,751
2596,405
2597,579
2598,462
2599,212
2600,787
2601,690
2602,546
2603,675
2604,608
2605,43
2606,458
2607,702
2608,365
2609,521
2610,772
2611,675
2612,661
2613,39
2614,659
2615,444
2616,799
2617,61
2618,266
2619,341
2620,472
2621,368
2622,511
2623,133
2624,200
2625,232
2626,578
2627,229
2628,35
2629,547
2630,555
2631,310
2632,366
2633,763
2634,797
2635,90
2636,755
2637,500
2638,197
2639,20
2640,510
2641,460
2642,757
2643,378
2644,248
2645,373
2646,678
2647,493
2648,519
2649,254
2650,443
2651,362
2652,573
2653,645
2654,688
2655,475
2656,603
2657,319
2658,305
2659,792
2660,467
2661,726
2662,223
2663,462
2664,403
2665,359
2666,214
2667,45
2668,744
2669,48
2670,507
2671,457
2672,28
2673,341
2674,556
2675,122
2676,228
2677,217
2678,791
2679,119
2680,70
2681,771
2682,392
2683,597
2684,578
2685,639
2686,256
2687,717
2688,287
2689,209
2690,599
2691,492
2692,186
2693,193
2694,613
2695,550
2696,800
2697,705
2698,97
2699,198
2700,695
2701,151
2702,443
2703,462
2704,280
2705,49
2706,691
2707,597
2708,317
2709,533
2710,468
2711,298
2712,181
2713,329
2714,236
2715,711
2716,303
2717,693
2718,791
2719,136
2720,299
2721,86
2722,447
2723,230
2724,751
2725,711
2726,95
2727,348
2728,710
2729,754
2730,653
2731,658
2732,496
2733,404
2734,646
2735,312
2736,555
2737,675
2738,237
2739,613
2740,56
2741,126
2742,687
2743,633
2744,348
2745,591
2746,655
2747,219
2748,408
2749,559
2750,66
2751,303
2752,252
2753,684
2754,559
2755,150
2756,149
2757,491
2758,284
2759,446
2760,613
2761,673
2762,143
2763,236
2764,205
2765,548
2766,410
2767,86
2768,797
2769,252
2770,614
2771,397
2772,665
2773,300
2774,51
2775,779
2776,609
2777,548
2778,125
2779,439
2780,105
2781,315
2782,13
2783,348
2784,753
2785,314
2786,462
2787,241
2788,748
2789,149
2790,252
2791,169
2792,601
2793,726
2794,621
2795,489
2796,658
2797,273
2798,548
2799,238
2800,534
2801,83
2802,776
2803,297
2804,699
2805,125
2806,705
2807,465
2808,326
2809,706
2810,361
2811,233
2812,654
2813,671
2814,491
2815,441
2816,433
2817,108
2818,584
2819,328
2820,651
2821,69
2822,544
2823,506
2824,450
2825,357
2826,274
2827,373
2828,271
2829,36
2830,58
2831,768
2832,406
2833,86
2834,602
2835,470
2836,697
2837,691
2838,52
2839,517
2840,361
2841,271
2842,761
2843,759
2844,275
2845,279
2846,453
2847,658
2848,376
2849,650
2850,554
2851,278
2852,449
2853,362
2854,201
2855,25
2856,705
2857,679
2858,369
2859,686
2860,44
2861,465
2862,190
2863,598
2864,697
2865,719
2866,490
2867,788
2868,43
2869,769
2870,270
2871,79
2872,659
2873,135
2874,243
2875,16
2876,448
2877,447
2878,113
2879,57
2880,746
2881,411
2882,88
2883,392
2884,579
2885,227
2886,366
2887,601
2888,753
2889,760
2890,386
2891,715
2892,763
2893,372
2894,709
2895,339
2896,62
2897,324
2898,348
2899,131
2900,411
2901,673
2902,426
2903,438
2904,422
2905,459
2906,88
2907,396
2908,419
2909,445
2910,108
2911,749
2912,20
2913,784
2914,81
2915,403
2916,470
2917,710
2918,111
2919,539
2920,307
2921,501
2922,566
2923,690
2924,406
2925,564
2926,369
2927,471
2928,54
2929,656
2930,383
2931,686
2932,629
2933,723
2934,796
2935,245
2936,92
2937,60
2938,582
2939,425
2940,701
2941,218
2942,70
2943,172
2944,12
2945,122
2946,702
2947,276
2948,307
2949,463
2950,445
2951,693
2952,283
2953,529
2954,652
2955,424
2956,548
2957,652
2958,773
2959,509
2960,257
2961,623
2962,495
2963,445
2964,523
2965,696
2966,179
2967,538
2968,328
2969,795
2970,256
2971,317
2972,378
2973,94
2974,590
2975,363
2976,705
2977,770
2978,478
2979,406
2980,577
2981,509
2982,535
2983,390
2984,677
2985,679
2986,426
2987,567
2988,163
2989,58
2990,39
2991,779
2992,11
2993,616
2994,665
2995,303
2996,180
2997,296
2998,615
2999,365
3000,383
3001,148
3002,131
3003,517
3004,214
3005,696
3006,584
3007,630
3008,81
3009,299
3010,395
3011,411
3012,225
3013,397
3014,523
3015,755
3016,246
3017,280
3018,454
3019,48
3020,26
3021,32
3022,272
3023,391
3024,343
3025,648
3026,752
3027,153
3028,194
3029,609
3030,299
3031,607
3032,690
3033,11
3034,155
3035,453
3036,351
3037,650
3038,459
3039,28
3040,544
3041,548
3042,181
3043,534
3044,609
3045,164
3046,538
3047,229
3048,388
3049,236
3050,627
3051,128
3052,122
3053,256
3054,25
3055,210
3056,496
3057,288
3058,480
3059,787
3060,525
3061,164
3062,300
3063,799
3064,30
3065,477
3066,645
3067,679
3068,615
3069,98
3070,681
3071,26
3072,357
3073,51
3074,402
3075,41
3076,55
3077,95
3078,716
3079,698
3080,419
3081,519
3082,502
3083,643
3084,447
3085,459
3086,568
3087,429
3088,257
3089,395
3090,430
3091,394
3092,351
3093,793
3094,277
3095,156
3096,122
3097,214
3098,734
3099,426
3100,221
3101,406
3102,542
3103,185
3104,464
3105,278
3106,753
3107,615
3108,608
3109,685
3110,617
3111,210
3112,252
3113,246
3114,643
3115,455
3116,409
3117,621
3118,354
3119,743
3120,87
3121,258
3122,31
3123,51
3124,523
3125,91
3126,792
3127,390
3128,794
3129,262
3130,203
3131,148
3132,75
3133,75
3134,322
3135,425
3136,325
3137,64
3138,147
3139,356
3140,587
3141,396
3142,438
3143,300
3144,74
3145,371
3146,162
3147,498
3148,39
3149,590
3150,85
3151,720
3152,649
3153,522
3154,554
3155,631
3156,617
3157,79
3158,231
3159,739
3160,165
3161,8
3162,731
3163,272
3164,481
3165,450
3166,461
3167,305
3168,337
3169,653
3170,210
3171,781
3172,138
3173,20
3174,31
3175,713
3176,232
3177,164
3178,63
3179,627
3180,588
3181,688
3182,780
3183,375
3184,137
3185,733
3186,303
3187,691
3188,191
3189,60
3190,719
3191,385
3192,625
3193,579
3194,131
3195,142
3196,640
3197,432
3198,122
3199,90
3200,473
3201,525
3202,169
3203,415
3204,593
3205,36
3206,522
3207,725
3208,503
3209,302
3210,381
3211,663
3212,535
3213,122
3214,437
3215,141
3216,603
3217,267
3218,401
3219,178
3220,234
3221,79
3222,635
3223,281
3224,610
3225,421
3226,394
3227,368
3228,758
3229,187
3230,758
3231,425
3232,702
3233,35
3234,746
3235,597
3236,15
3237,575
3238,524
3239,667
3240,379
3241,551
3242,723
3243,43
3244,589
3245,394
3246,505
3247,243
3248,93
3249,266
3250,391
3251,319
3252,26
3253,590
3254,129
3255,368
3256,186
3257,690
3258,730
3259,577
3260,349
3261,257
3262,280
3263,609
3264,21
3265,648
3266,247
3267,269
3268,161
3269,774
3270,553
3271,450
3272,343
3273,48
3274,210
3275,69
3276,94
3277,113
3278,548
3279,272
3280,165
3281,176
3282,416
3283,523
3284,586
3285,708
3286,440
3287,202
3288,425
3289,431
3290,408
3291,556
3292,739
3293,68
3294,220
3295,264
3296,487
3297,374
3298,455
3299,582
3300,29
3301,741
3302,448
3303,680
3304,149
3305,195
3306,21
3307,751
3308,32
3309,402
3310,310
3311,553
3312,28
3313,79
3314,422
3315,279
3316,330
3317,672
3318,210
3319,576
3320,583
3321,768
3322,200
3323,1
3324,567
3325,644
3326,300
3327,414
3328,241
3329,601
3330,723
3331,87
3332,16
3333,514
3334,184
3335,791
3336,501
3337,535
3338,532
3339,259
3340,629
3341,110
3342,383
3343,522
3344,465
3345,30
3346,341
3347,452
3348,525
3349,508
3350,1
3351,541
3352,280
3353,487
3354,20
3355,67
3356,293
3357,312
3358,401
3359,752
3360,340
3361,333
3362,261
3363,537
3364,669
3365,19
3366,92
3367,559
3368,131
3369,442
3370,254
3371,167
3372,754
3373,23
3374,674
3375,499
3376,764
3377,391
3378,484
3379,782
3380,539
3381,484
3382,615
3383,231
3384,280
3385,623
3386,766
3387,313
3388,501
3389,218
3390,321
3391,315
3392,585
3393,225
3394,631
3395,82
3396,43
3397,33
3398,471
3399,230
3400,279
3401,207
3402,582
3403,506
3404,730
3405,73
3406,668
3407,457
3408,645
3409,767
3410,537
3411,778
3412,499
3413,175
3414,4
3415,682
3416,269
3417,440
3418,763
3419,649
3420,401
3421,433
3422,551
3423,755
3424,351
3425,415
3426,437
3427,267
3428,51
3429,144
3430,606
3431,38
3432,572
3433,717
3434,332
3435,606
3436,532
3437,746
3438,701
3439,596
3440,794
3441,741
3442,346
3443,23
3444,142
3445,120
3446,792
3447,661
3448,34
3449,24
3450,401
3451,288
3452,534
3453,262
3454,35
3455,216
3456,411
3457,165
3458,618
3459,434
3460,218
3461,107
3462,386
3463,734
3464,701
3465,150
3466,81
3467,147
3468,592
3469,697
3470,219
3471,518
3472,384
3473,7
3474,113
3475,262
3476,272
3477,484
3478,387
3479,80
3480,41
3481,662
3482,582
3483,89
3484,76
3485,361
3486,539
3487,199
3488,174
3489,89
3490,337
3491,310
3492,437
3493,611
3494,521
3495,301
3496,702
3497,450
3498,310
3499,403
3500,406
3501,157
3502,249
3503,197
3504,411
3505,312
3506,786
3507,509
3508,411
3509,716
3510,501
3511,427
3512,615
3513,630
3514,553
3515,306
3516,743
3517,239
3518,18
3519,645
3520,705
3521,594
3522,272
3523,417
3524,725
3525,233
3526,555
3527,485
3528,634
3529,419
3530,549
3531,97
3532,535
3533,543
3534,464
3535,353
3536,19
3537,381
3538,648
3539,339
3540,654
3541,212
3542,65
3543,583
3544,519
3545,776
3546,757
3547,138
3548,492
3549,774
3550,580
3551,796
3552,759
3553,511
3554,513
3555,258
3556,369
3557,600
3558,283
3559,709
3560,458
3561,200
3562,312
3563,240
3564,10
3565,270
3566,449
3567,623
3568,230
3569,660
3570,115
3571,186
3572,524
3573,774
3574,345
3575,47
3576,532
3577,707
3578,268
3579,673
3580,229
3581,520
3582,654
3583,278
3584,209
3585,735
3586,245
3587,724
3588,489
3589,552
3590,571
3591,204
3592,116
3593,361
3594,241
3595,384
3596,335
3597,358
3598,369
3599,338
3600,674
3601,249
3602,318
3603,244
3604,423
3605,467
3606,659
3607,759
3608,28
3609,776
3610,33
3611,38
3612,307
3613,217
3614,155
3615,367
3616,471
3617,53
3618,47
3619,284
3620,385
3621,99
3622,369
3623,324
3624,610
3625,382
3626,251
3627,669
3628,92
3629,648
3630,234
3631,288
3632,516
3633,436
3634,304
3635,360
3636,89
3637,485
3638,694
3639,321
3640,156
3641,260
3642,716
3643,748
3644,436
3645,305
3646,255
3647,665
3648,342
3649,787
3650,378
3651,189
3652,496
3653,582
3654,328
3655,674
3656,480
3657,539
3658,265
3659,69
3660,144
3661,203
3662,164
3663,704
3664,386
3665,432
3666,19
3667,136
3668,449
3669,207
3670,619
3671,621
3672,19
3673,556
3674,738
3675,448
3676,585
3677,229
3678,143
3679,770
3680,18
3681,224
3682,273
3683,267
3684,749
3685,233
3686,217
3687,233
3688,485
3689,790
3690,361
3691,440
3692,240
3693,329
3694,60
3695,221
3696,506
3697,510
3698,307
3699,24
3700,71
3701,459
3702,608
3703,656
3704,251
3705,555
3706,118
3707,468
3708,484
3709,353
3710,395
3711,552
3712,530
3713,654
3714,228
3715,518
3716,719
3717,336
3718,541
3719,270
3720,480
3721,660
3722,310
3723,371
3724,617
3725,575
3726,266
3727,660
3728,624
3729,534
3730,693
3731,225
3732,622
3733,571
3734,549
3735,753
3736,396
3737,235
3738,514
3739,165
3740,129
3741,68
3742,140
3743,623
3744,172
3745,401
3746,501
3747,516
3748,776
3749,385
3750,353
3751,275
3752,494
3753,124
3754,119
3755,424
3756,608
3757,552
3758,37
3759,793
3760,136
3761,299
3762,584
3763,585
3764,517
3765,443
3766,764
3767,593
3768,490
3769,442
3770,666
3771,273
3772,488
3773,103
3774,26
3775,609
3776,728
3777,263
3778,392
3779,606
3780,244
3781,648
3782,73
3783,476
3784,413
3785,697
3786,771
3787,592
3788,639
3789,335
3790,206
3791,721
3792,20
3793,66
3794,653
3795,695
3796,775
3797,400
3798,528
3799,632
3800,437
3801,478
3802,37
3803,50
3804,399
3805,236
3806,587
3807,28
3808,301
3809,546
3810,143
3811,97
3812,553
3813,123
3814,508
3815,564
3816,654
3817,313
3818,367
3819,338
3820,440
3821,281
3822,449
3823,42
3824,164
3825,492
3826,433
3827,185
3828,677
3829,454
3830,781
3831,528
3832,389
3833,684
3834,254
3835,228
3836,83
3837,402
3838,8
3839,154
3840,745
3841,696
3842,629
3843,468
3844,593
3845,301
3846,460
3847,217
3848,649
3849,416
3850,71
3851,446
3852,646
3853,232
3854,753
3855,228
3856,93
3857,372
3858,108
3859,27
3860,11
3861,564
3862,645
3863,157
3864,523
3865,427
3866,348
3867,557
3868,39
3869,405
3870,94
3871,499
3872,89
3873,738
3874,42
3875,756
3876,269
3877,324
3878,151
3879,618
3880,717
3881,442
3882,644
3883,270
3884,597
3885,530
3886,682
3887,796
3888,698
3889,169
3890,106
3891,28
3892,735
3893,296
3894,542
3895,41
3896,225
3897,281
3898,199
3899,754
3900,153
3901,627
3902,433
3903,277
3904,369
3905,510
3906,390
3907,363
3908,253
3909,348
3910,35
3911,581
3912,151
3913,503
3914,791
3915,778
3916,351
3917,26
3918,440
3919,480
3920,569
3921,154
3922,88
3923,529
3924,25
3925,285
3926,711
3927,368
3928,662
3929,419
3930,173
3931,53
3932,602
3933,539
3934,766
3935,85
3936,459
3937,695
3938,587
3939,445
3940,339
3941,301
3942,612
3943,76
3944,290
3945,274
3946,502
3947,604
3948,479
3949,689
3950,544
3951,203
3952,518
3953,336
3954,541
3955,305
3956,331
3957,692
3958,723
3959,218
3960,366
3961,792
3962,166
3963,148
3964,554
3965,611
3966,351
3967,567
3968,295
3969,64
3970,141
3971,717
3972,396
3973,442
3974,52
3975,746
3976,603
3977,481
3978,591
3979,293
3980,473
3981,417
3982,85
3983,652
3984,313
3985,599
3986,569
3987,259
3988,431
3989,667
3990,797
3991,179
3992,612
3993,717
3994,447
3995,346
3996,276
3997,423
3998,729
3999,495
4000,507
4001,100
4002,649
4003,446
4004,725
4005,526
4006,4
4007,233
4008,565
4009,580
4010,40
4011,347
4012,551
4013,447
4014,798
4015,49
4016,403
4017,240
4018,684
4019,121
4020,285
4021,405
4022,116
4023,378
4024,594
4025,263
4026,296
4027,110
4028,236
4029,171
4030,692
4031,635
4032,645
4033,244
4034,287
4035,451
4036,208
4037,757
4038,415
4039,301
4040,135
4041,646
4042,737
4043,279
4044,458
4045,166
4046,124
4047,125
4048,650
4049,99
4050,198
4051,147
4052,487
4053,212
4054,148
4055,296
4056,7
4057,233
4058,46
4059,209
4060,408
4061,784
4062,249
4063,625
4064,14
4065,523
4066,500
4067,498
4068,265
4069,554
4070,149
4071,757
4072,439
4073,258
4074,422
4075,252
4076,70
4077,119
4078,480
4079,289
4080,55
4081,101
4082,414
4083,615
4084,323
4085,561
4086,155
4087,397
4088,227
4089,752
4090,127
4091,65
4092,574
4093,228
4094,793
4095,41
4096,296
4097,388
4098,96
4099,101
4100,210
4101,711
4102,200
4103,775
4104,645
4105,782
4106,224
4107,533
4108,203
4109,422
4110,326
4111,8
4112,690
4113,182
4114,18
4115,724
4116,19
4117,755
4118,115
4119,746
4120,85
4121,51
4122,305
4123,104
4124,30
4125,420
4126,666
4127,478
4128,384
4129,150
4130,738
4131,318
4132,798
4133,153
4134,708
4135,418
4136,644
4137,661
4138,406
4139,341
4140,408
4141,171
4142,628
4143,570
4144,625
4145,634
4146,269
4147,90
4148,2
4149,182
4150,638
4151,634
4152,650
4153,652
4154,723
4155,296
4156,688
4157,736
4158,525
4159,616
4160,206
4161,212
4162,630
4163,149
4164,787
4165,99
4166,579
4167,761
4168,728
4169,494
4170,304
4171,88
4172,185
4173,249
4174,327
4175,665
4176,655
4177,232
4178,792
4179,446
4180,347
4181,582
4182,678
4183,800
4184,608
4185,555
4186,745
4187,509
4188,782
4189,523
4190,111
4191,296
4192,760
4193,506
4194,414
4195,333
4196,87
4197,423
4198,498
4199,212
4200,670
4201,325
4202,69
4203,635
4204,377
4205,742
4206,4
4207,153
4208,35
4209,175
4210,369
4211,336
4212,437
4213,501
4214,256
4215,254
4216,636
4217,619
4218,396
4219,257
4220,769
4221,205
4222,13
4223,791
4224,336
4225,131
4226,460
4227,145
4228,713
4229,211
4230,548
4231,639
4232,599
4233,328
4234,208
4235,333
4236,783
4237,145
4238,149
4239,39
4240,402
4241,217
4242,330
4243,416
4244,410
4245,358
4246,170
4247,500
4248,789
4249,151
4250,401
4251,244
4252,638
4253,201
4254,437
4255,479
4256,552
4257,381
4258,757
4259,796
4260,743
4261,124
4262,423
4263,86
4264,487
4265,88
4266,528
4267,275
4268,355
4269,373
4270,423
4271,243
4272,309
4273,604
4274,145
4275,152
4276,422
4277,496
4278,316
4279,356
4280,472
4281,692
4282,32
4283,111
4284,607
4285,27
4286,167
4287,318
4288,577
4289,788
4290,202
4291,230
4292,471
4293,158
4294,650
4295,103
4296,618
4297,495
4298,73
4299,142
4300,5
4301,773
4302,728
4303,777
4304,349
4305,212
4306,413
4307,315
4308,90
4309,251
4310,602
4311,581
4312,221
4313,397
4314,743
4315,390
4316,432
4317,10
4318,539
4319,715
4320,363
4321,153
4322,97
4323,120
4324,756
4325,1
4326,797
4327,462
4328,675
4329,219
4330,470
4331,650
4332,10
4333,331
4334,73
4335,711
4336,490
4337,475
4338,459
4339,79
4340,557
4341,407
4342,466
4343,695
4344,483
4345,625
4346,416
4347,644
4348,511
4349,799
4350,1
4351,199
4352,74
4353,180
4354,634
4355,266
4356,782
4357,399
4358,300
4359,486
4360,614
4361,403
4362,666
4363,598
4364,12
4365,84
4366,439
4367,554
4368,800
4369,726
4370,118
4371,720
4372,338
4373,258
4374,191
4375,800
4376,594
4377,721
4378,602
4379,221
4380,783
4381,672
4382,83
4383,699
4384,513
4385,514
4386,791
4387,395
4388,11
4389,709
4390,269
4391,565
4392,145
4393,742
4394,674
4395,517
4396,25
4397,131
4398,445
4399,20
4400,774
4401,133
4402,133
4403,715
4404,176
4405,468
4406,21
4407,407
4408,359
4409,205
4410,359
4411,797
4412,639
4413,250
4414,363
4415,208
4416,553
4417,377
4418,23
4419,556
4420,333
4421,666
4422,711
4423,685
4424,12
4425,574
4426,710
4427,117
4428,40
4429,41
4430,417
4431,2
4432,468
4433,627
4434,342
4435,636
4436,97
4437,530
4438,281
4439,656
4440,228
4441,352
4442,697
4443,326
4444,618
4445,205
4446,30
4447,63
4448,364
4449,398
4450,150
4451,120
4452,422
4453,737
4454,346
4455,745
4456,268
4457,160
4458,537
4459,733
4460,626
4461,265
4462,454
4463,748
4464,226
4465,446
4466,471
4467,249
4468,665
4469,428
4470,87
4471,338
4472,78
4473,382
4474,418
4475,787
4476,319
4477,768
4478,456
4479,415
4480,43
4481,653
4482,253
4483,174
4484,693
4485,287
4486,620
4487,285
4488,358
4489,574
4490,607
4491,774
4492,533
4493,545
4494,290
4495,230
4496,605
4497,664
4498,328
4499,613
4500,432
4501,94
4502,269
4503,120
4504,591
4505,242
4506,158
4507,132
4508,499
4509,644
4510,758
4511,700
4512,44
4513,500
4514,561
4515,522
4516,451
4517,734
4518,323
4519,3
4520,196
4521,582
4522,200
4523,173
4524,101
4525,124
4526,166
4527,717
4528,112
4529,729
4530,188
4531,778
4532,794
4533,675
4534,85
4535,565
4536,33
4537,392
4538,226
4539,434
4540,578
4541,119
4542,766
4543,316
4544,204
4545,210
4546,146
4547,83
4548,48
4549,113
4550,8
4551,283
4552,643
4553,135
4554,566
4555,230
4556,59
4557,559
4558,294
4559,351
4560,322
4561,596
4562,591
4563,280
4564,648
4565,383
4566,534
4567,358
4568,31
4569,190
4570,251
4571,234
4572,345
4573,370
4574,191
4575,289
4576,575
4577,406
4578,412
4579,686
4580,34
4581,633
4582,204
4583,715
4584,188
4585,47
4586,269
4587,463
4588,531
4589,726
4590,523
4591,115
4592,19
4593,664
4594,730
4595,240
4596,39
4597,165
4598,678
4599,323
4600,355
4601,481
4602,615
4603,687
4604,262
4605,576
4606,387
4607,353
4608,49
4609,99
4610,789
4611,669
4612,517
4613,441
4614,632
4615,618
4616,626
4617,284
4618,325
4619,452
4620,240
4621,34
4622,207
4623,608
4624,716
4625,313
4626,242
4627,663
4628,21
4629,756
4630,555
4631,453
4632,295
4633,773
4634,104
4635,714
4636,363
4637,31
4638,722
4639,217
4640,793
4641,517
4642,220
4643,676
4644,709
4645,777
4646,426
4647,561
4648,137
4649,48
4650,745
4651,294
4652,711
4653,236
4654,668
4655,619
4656,386
4657,632
4658,401
4659,332
4660,305
4661,744
4662,296
4663,327
4664,239
4665,632
4666,141
4667,346
4668,165
4669,447
4670,742
4671,241
4672,72
4673,349
4674,459
4675,56
4676,286
4677,541
4678,145
4679,89
4680,164
4681,463
4682,478
4683,443
4684,276
4685,236
4686,667
4687,698
4688,193
4689,164
4690,711
4691,112
4692,319
4693,428
4694,242
4695,536
4696,257
4697,462
4698,432
4699,273
4700,367
4701,471
4702,139
4703,708
4704,680
4705,772
4706,755
4707,662
4708,138
4709,645
4710,789
4711,443
4712,493
4713,259
4714,747
4715,160
4716,278
4717,699
4718,68
4719,527
4720,221
4721,432
4722,492
4723,40
4724,456
4725,276
4726,460
4727,303
4728,471
4729,90
4730,407
4731,790
4732,754
4733,792
4734,514
4735,494
4736,770
4737,292
4738,748
4739,442
4740,125
4741,580
4742,621
4743,285
4744,133
4745,458
4746,598
4747,162
4748,272
4749,65
4750,504
4751,497
4752,199
4753,482
4754,676
4755,628
4756,330
4757,389
4758,458
4759,106
4760,42
4761,754
4762,61
4763,148
4764,705
4765,652
4766,148
4767,746
4768,682
4769,175
4770,360
4771,45
4772,231
4773,772
4774,177
4775,418
4776,790
4777,458
4778,636
4779,670
4780,633
4781,356
4782,643
4783,275
4784,433
4785,411
4786,199
4787,360
4788,434
4789,161
4790,706
4791,505
4792,346
4793,86
4794,194
4795,298
4796,691
4797,155
4798,166
4799,748
4800,372
4801,485
4802,687
4803,13
4804,317
4805,346
4806,285
4807,709
4808,153
4809,720
4810,566
4811,455
4812,557
4813,386
4814,458
4815,784
4816,536
4817,307
4818,586
4819,586
4820,786
4821,536
4822,346
4823,358
4824,353
4825,95
4826,454
4827,43
4828,784
4829,380
4830,502
4831,401
4832,239
4833,318
4834,286
4835,582
4836,75
4837,682
4838,283
4839,416
4840,567
4841,53
4842,140
4843,85
4844,268
4845,374
4846,87
4847,769
4848,754
4849,183
4850,352
4851,226
4852,589
4853,70
4854,713
4855,48
4856,204
4857,159
4858,779
4859,380
4860,159
4861,487
4862,68
4863,487
4864,558
4865,638
4866,472
4867,77
4868,783
4869,377
4870,432
4871,302
4872,316
4873,296
4874,291
4875,575
4876,217
4877,352
4878,507
4879,771
4880,296
4881,112
4882,784
4883,261
4884,485
4885,792
4886,251
4887,105
4888,193
4889,604
4890,636
4891,452
4892,798
4893,630
4894,319
4895,752
4896,305
4897,110
4898,406
4899,711
4900,57
4901,5
4902,535
4903,169
4904,298
4905,7
4906,481
4907,633
4908,491
4909,374
4910,395
4911,103
4912,663
4913,561
4914,741
4915,434
4916,203
4917,662
4918,26
4919,27
4920,744
4921,90
4922,64
4923,95
4924,191
4925,267
4926,222
4927,568
4928,190
4929,737
4930,388
4931,183
4932,406
4933,680
4934,354
4935,569
4936,508
4937,347
4938,238
4939,509
4940,413
4941,128
4942,395
4943,419
4944,379
4945,529
4946,436
4947,150
4948,420
4949,634
4950,647
4951,505
4952,191
4953,398
4954,116
4955,184
4956,246
4957,671
4958,216
4959,615
4960,280
4961,96
4962,548
4963,275
4964,388
4965,409
4966,224
4967,736
4968,714
4969,764
4970,99
4971,441
4972,749
4973,346
4974,387
4975,690
4976,314
4977,677
4978,638
4979,368
4980,11
4981,713
4982,180
4983,245
4984,757
4985,215
4986,300
4987,783
4988,388
4989,435
4990,787
4991,746
4992,234
4993,570
4994,537
4995,449
4996,357
4997,260
4998,268
4999,703
5000,537
5001,479
5002,353
5003,103
5004,511
5005,416
5006,151
5007,372
5008,421
5009,271
5010,453
5011,102
5012,704
5013,217
5014,263
5015,188
5016,330
5017,319
5018,218
5019,289
5020,465
5021,791
5022,427
5023,466
5024,528
5025,387
5026,217
5027,447
5028,428
5029,318
5030,621
5031,426
5032,529
5033,172
5034,777
5035,656
5036,357
5037,186
5038,235
5039,384
5040,658
5041,709
5042,124
5043,321
5044,733
5045,638
5046,427
5047,737
5048,446
5049,161
5050,612
5051,385
5052,651
5053,710
5054,205
5055,399
5056,686
5057,53
5058,557
5059,685
5060,219
5061,645
5062,237
5063,709
5064,253
5065,665
5066,585
5067,588
5068,603
5069,382
5070,619
5071,276
5072,521
5073,462
5074,16
5075,40
5076,692
5077,701
5078,607
5079,777
5080,65
5081,256
5082,601
5083,781
5084,749
5085,221
5086,531
5087,765
5088,107
5089,185
5090,720
5091,457
5092,414
5093,42
5094,712
5095,324
5096,563
5097,209
5098,164
5099,572
5100,219
5101,11
5102,385
5103,406
5104,370
5105,606
5106,613
5107,625
5108,791
5109,421
5110,661
5111,97
5112,754
5113,764
5114,725
5115,569
5116,499
5117,717
5118,523
5119,52
5120,696
5121,351
5122,155
5123,322
5124,511
5125,609
5126,696
5127,534
5128,479
5129,768
5130,617
5131,503
5132,36
5133,379
5134,780
5135,308
5136,561
5137,157
5138,304
5139,686
5140,708
5141,571
5142,87
5143,415
5144,58
5145,274
5146,585
5147,564
5148,77
5149,665
5150,775
5151,285
5152,91
5153,503
5154,91
5155,715
5156,780
5157,503
5158,114
5159,217
5160,670
5161,107
5162,304
5163,754
5164,553
5165,492
5166,486
5167,468
5168,772
5169,410
5170,579
5171,776
5172,442
5173,735
5174,340
5175,198
5176,287
5177,396
5178,687
5179,256
5180,1
5181,315
5182,721
5183,504
5184,294
5185,210
5186,424
5187,732
5188,416
5189,500
5190,578
5191,787
5192,732
5193,72
5194,385
5195,419
5196,734
5197,674
5198,680
5199,297
5200,335
5201,670
5202,216
5203,287
5204,569
5205,770
5206,145
5207,89
5208,692
5209,136
5210,478
5211,557
5212,437
5213,215
5214,203
5215,32
5216,496
5217,495
5218,15
5219,338
5220,689
5221,355
5222,407
5223,117
5224,663
5225,680
5226,158
5227,563
5228,219
5229,772
5230,710
5231,300
5232,362
5233,588
5234,77
5235,152
5236,296
5237,68
5238,616
5239,524
5240,241
5241,90
5242,595
5243,345
5244,698
5245,716
5246,436
5247,351
5248,513
5249,273
5250,374
5251,356
5252,304
5253,161
5254,240
5255,263
5256,149
5257,1
5258,604
5259,469
5260,124
5261,170
5262,351
5263,453
5264,474
5265,297
5266,96
5267,138
5268,513
5269,215
5270,173
5271,357
5272,604
5273,426
5274,498
5275,419
5276,551
5277,86
5278,376
5279,773
5280,406
5281,180
5282,756
5283,272
5284,550
5285,311
5286,54
5287,186
5288,435
5289,646
5290,129
5291,483
5292,44
5293,396
5294,681
5295,372
5296,533
5297,748
5298,473
5299,347
5300,647
5301,651
5302,57
5303,487
5304,526
5305,667
5306,320
5307,439
5308,124
5309,17
5310,485
5311,713
5312,317
5313,214
5314,653
5315,227
5316,257
5317,58
5318,383
5319,674
5320,12
5321,448
5322,98
5323,267
5324,60
5325,733
5326,339
5327,488
5328,168
5329,243
5330,661
5331,511
5332,518
5333,130
5334,444
5335,473
5336,9
5337,480
5338,501
5339,76
5340,2
5341,137
5342,300
5343,561
5344,495
5345,766
5346,81
5347,19
5348,548
5349,271
5350,530
5351,665
5352,89
5353,152
5354,188
5355,442
5356,543
5357,433
5358,799
5359,221
5360,104
5361,771
5362,164
5363,291
5364,791
5365,780
5366,769
5367,161
5368,690
5369,658
5370,34
5371,365
5372,738
5373,719
5374,195
5375,357
5376,725
5377,656
5378,75
5379,698
5380,194
5381,3
5382,184
5383,170
5384,675
5385,96
5386,319
5387,438
5388,552
5389,319
5390,629
5391,347
5392,492
5393,145
5394,322
5395,574
5396,432
5397,364
5398,234
5399,707
5400,20
5401,307
5402,504
5403,443
5404,154
5405,793
5406,152
5407,260
5408,757
5409,172
5410,181
5411,763
5412,769
5413,444
5414,442
5415,195
5416,58
5417,300
5418,401
5419,541
5420,447
5421,604
5422,363
5423,776
5424,240
5425,334
5426,707
5427,174
5428,760
5429,740
5430,128
5431,198
5432,45
5433,630
5434,731
5435,105
5436,444
5437,455
5438,323
5439,423
5440,134
5441,301
5442,143
5443,564
5444,799
5445,283
5446,217
5447,463
5448,84
5449,748
5450,274
5451,141
5452,685
5453,494
5454,367
5455,124
5456,536
5457,800
5458,512
5459,724
5460,99
5461,521
5462,746
5463,676
5464,379
5465,114
5466,410
5467,147
5468,282
5469,177
5470,201
5471,267
5472,625
5473,562
5474,201
5475,493
5476,522
5477,71
5478,60
5479,540
5480,435
5481,275
5482,649
5483,177
5484,28
5485,404
5486,500
5487,284
5488,582
5489,33
5490,142
5491,576
5492,638
5493,735
5494,100
5495,160
5496,192
5497,312
5498,754
5499,518
5500,721
5501,316
5502,383
5503,350
5504,47
5505,250
5506,776
5507,188
5508,439
5509,379
5510,576
5511,354
5512,308
5513,449
5514,251
5515,191
5516,347
5517,363
5518,789
5519,797
5520,721
5521,486
5522,609
5523,103
5524,279
5525,284
5526,39
5527,68
5528,379
5529,631
5530,534
5531,261
5532,97
5533,28
5534,537
5535,442
5536,701
5537,660
5538,764
5539,328
5540,67
5541,157
5542,238
5543,119
5544,295
5545,62
5546,357
5547,368
5548,424
5549,228
5550,686
5551,630
5552,166
5553,110
5554,718
5555,788
5556,693
5557,408
5558,566
5559,41
5560,346
5561,517
5562,321
5563,67
5564,339
5565,373
5566,771
5567,198
5568,396
5569,333
5570,30
5571,628
5572,96
5573,96
5574,605
5575,458
5576,460
5577,210
5578,743
5579,589
5580,356
5581,93
5582,143
5583,145
5584,531
5585,91
5586,63
5587,530
5588,375
5589,539
5590,751
5591,165
5592,587
5593,238
5594,527
5595,218
5596,666
5597,430
5598,794
5599,29
5600,479
5601,82
5602,495
5603,443
5604,740
5605,588
5606,539
5607,325
5608,221
5609,780
5610,619
5611,478
5612,562
5613,98
5614,73
5615,70
5616,755
5617,779
5618,617
5619,336
5620,697
5621,768
5622,651
5623,192
5624,662
5625,271
5626,449
5627,340
5628,295
5629,4
5630,89
5631,576
5632,466
5633,232
5634,229
5635,359
5636,290
5637,686
5638,220
5639,729
5640,24
5641,336
5642,574
5643,446
5644,182
5645,440
5646,617
5647,677
5648,236
5649,233
5650,520
5651,22
5652,162
5653,500
5654,222
5655,566
5656,575
5657,88
5658,704
5659,144
5660,543
5661,137
5662,675
5663,783
5664,69
5665,455
5666,544
5667,794
5668,273
5669,462
5670,562
5671,654
5672,27
5673,201
5674,719
5675,543
5676,486
5677,784
5678,413
5679,349
5680,557
5681,148
5682,78
5683,510
5684,55
5685,516
5686,43
5687,444
5688,757
5689,337
5690,279
5691,379
5692,731
5693,618
5694,474
5695,166
5696,625
5697,604
5698,484
5699,798
5700,402
5701,371
5702,433
5703,383
5704,576
5705,747
5706,624
5707,304
5708,473
5709,672
5710,59
5711,757
5712,216
5713,792
5714,747
5715,723
5716,704
5717,434
5718,622
5719,718
5720,639
5721,433
5722,164
5723,778
5724,688
5725,94
5726,477
5727,493
5728,324
5729,149
5730,315
5731,244
5732,128
5733,9
5734,466
5735,224
5736,487
5737,277
5738,262
5739,395
5740,679
5741,132
5742,184
5743,229
5744,755
5745,145
5746,327
5747,287
5748,327
5749,367
5750,323
5751,39
5752,638
5753,338
5754,1
5755,605
5756,258
5757,380
5758,115
5759,448
5760,42
5761,210
5762,422
5763,632
5764,400
5765,273
5766,681
5767,226
5768,318
5769,510
5770,350
5771,465
5772,779
5773,494
5774,509
5775,127
5776,288
5777,429
5778,355
5779,24
5780,488
5781,386
5782,675
5783,638
5784,328
5785,149
5786,518
5787,202
5788,599
5789,569
5790,19
5791,111
5792,563
5793,196
5794,391
5795,484
5796,13
5797,122
5798,696
5799,108
5800,256
5801,266
5802,493
5803,388
5804,591
5805,590
5806,716
5807,214
5808,30
5809,445
5810,94
5811,254
5812,553
5813,179
5814,690
5815,750
5816,25
5817,683
5818,578
5819,338
5820,89
5821,139
5822,188
5823,25
5824,17
5825,236
5826,709
5827,541
5828,165
5829,735
5830,147
5831,177
5832,591
5833,555
5834,719
5835,116
5836,480
5837,374
5838,717
5839,633
5840,628
5841,111
5842,328
5843,91
5844,341
5845,507
5846,182
5847,35
5848,165
5849,260
5850,14
5851,159
5852,31
5853,670
5854,760
5855,472
5856,299
5857,618
5858,652
5859,363
5860,411
5861,275
5862,104
5863,53
5864,797
5865,255
5866,26
5867,522
5868,361
5869,728
5870,314
5871,74
5872,286
5873,394
5874,147
5875,138
5876,581
5877,73
5878,80
5879,405
5880,80
5881,492
5882,275
5883,129
5884,154
5885,548
5886,572
5887,146
5888,105
5889,621
5890,377
5891,723
5892,416
5893,46
5894,686
5895,793
5896,410
5897,6
5898,724
5899,451
5900,507
5901,270
5902,672
5903,552
5904,299
5905,243
5906,345
5907,589
5908,362
5909,574
5910,549
5911,641
5912,178
5913,264
5914,462
5915,386
5916,722
5917,278
5918,732
5919,623
5920,159
5921,751
5922,11
5923,610
5924,308
5925,455
5926,479
5927,9
5928,106
5929,686
5930,170
5931,367
5932,145
5933,369
5934,381
5935,373
5936,376
5937,131
5938,608
5939,325
5940,390
5941,764
5942,99
5943,18
5944,324
5945,322
5946,777
5947,81
5948,33
5949,793
5950,380
5951,635
5952,640
5953,379
5954,546
5955,19
5956,434
5957,370
5958,152
5959,795
5960,584
5961,504
5962,316
5963,599
5964,270
5965,751
5966,526
5967,113
5968,575
5969,183
5970,107
5971,210
5972,41
5973,317
5974,511
5975,529
5976,18
5977,58
5978,558
5979,133
5980,123
5981,365
5982,660
5983,144
5984,415
5985,371
5986,129
5987,558
5988,512
5989,681
5990,672
5991,48
5992,38
5993,281
5994,647
5995,592
5996,238
5997,110
5998,350
5999,787
6000,226
6001,118
6002,687
6003,190
6004,214
6005,682
6006,743
6007,507
6008,371
6009,91
6010,522
6011,572
6012,675
6013,514
6014,81
6015,614
6016,462
6017,328
6018,153
6019,638
6020,586
6021,64
6022,121
6023,192
6024,642
6025,134
6026,125
6027,749
6028,181
6029,122
6030,321
6031,625
6032,264
6033,176
6034,660
6035,592
6036,787
6037,546
6038,656
6039,446
6040,689
6041,261
6042,409
6043,490
6044,316
6045,122
6046,488
6047,680
6048,304
6049,18
6050,347
6051,474
6052,581
6053,534
6054,314
6055,298
6056,27
6057,367
6058,127
6059,484
6060,402
6061,49
6062,601
6063,39
6064,159
6065,662
6066,798
6067,419
6068,669
6069,296
6070,124
6071,224
6072,47
6073,203
6074,20
6075,585
6076,527
6077,137
6078,426
6079,26
6080,237
6081,212
6082,472
6083,82
6084,54
6085,411
6086,15
6087,209
6088,559
6089,148
6090,388
6091,470
6092,183
6093,353
6094,510
6095,402
6096,638
6097,73
6098,121
6099,650
6100,454
6101,274
6102,752
6103,530
6104,672
6105,143
6106,460
6107,313
6108,144
6109,487
6110,706
6111,256
6112,556
6113,520
6114,606
6115,678
6116,549
6117,277
6118,351
6119,60
6120,418
6121,401
6122,744
6123,280
6124,788
6125,107
6126,592
6127,615
6128,223
6129,639
6130,692
6131,536
6132,476
6133,43
6134,595
6135,479
6136,318
6137,273
6138,779
6139,31
6140,459
6141,389
6142,573
6143,364
6144,189
6145,626
6146,43
6147,673
6148,154
6149,338
6150,31
6151,5
6152,79
6153,488
6154,670
6155,243
6156,668
6157,202
6158,84
6159,285
6160,752
6161,457
6162,604
6163,498
6164,663
6165,242
6166,270
6167,242
6168,48
6169,346
6170,416
6171,148
6172,132
6173,463
6174,472
6175,411
6176,319
6177,122
6178,376
6179,672
6180,250
6181,384
6182,362
6183,137
6184,188
6185,694
6186,626
6187,286
6188,463
6189,359
6190,180
6191,694
6192,313
6193,224
6194,776
6195,425
6196,588
6197,649
6198,476
6199,662
6200,212
6201,253
6202,234
6203,472
6204,686
6205,234
6206,213
6207,593
6208,220
6209,144
6210,795
6211,674
6212,468
6213,747
6214,62
6215,607
6216,443
6217,116
6218,394
6219,583
6220,208
6221,339
6222,298
6223,372
6224,772
6225,573
6226,742
6227,572
6228,529
6229,43
6230,509
6231,685
6232,625
6233,12
6234,569
6235,556
6236,217
6237,650
6238,538
6239,518
6240,480
6241,406
6242,777
6243,664
6244,241
6245,264
6246,684
6247,356
6248,271
6249,340
6250,20
6251,4
6252,735
6253,552
6254,149
6255,471
6256,299
6257,409
6258,242
6259,258
6260,315
6261,259
6262,178
6263,572
6264,148
6265,755
6266,267
6267,248
6268,95
6269,388
6270,91
6271,275
6272,36
6273,439
6274,574
6275,617
6276,562
6277,35
6278,224
6279,28
6280,509
6281,535
6282,160
6283,362
6284,478
6285,471
6286,396
6287,738
6288,501
6289,244
6290,215
6291,762
6292,787
6293,52
6294,322
6295,533
6296,463
6297,307
6298,725
6299,437
6300,669
6301,365
6302,577
6303,111
6304,597
6305,220
6306,309
6307,691
6308,331
6309,185
6310,543
6311,299
6312,483
6313,734
6314,214
6315,459
6316,476
6317,435
6318,332
6319,484
6320,148
6321,132
6322,790
6323,420
6324,646
6325,355
6326,328
6327,340
6328,457
6329,177
6330,535
6331,2
6332,371
6333,451
6334,137
6335,297
6336,75
6337,212
6338,63
6339,28
6340,116
6341,22
6342,580
6343,395
6344,83
6345,517
6346,676
6347,737
6348,780
6349,468
6350,534
6351,562
6352,303
6353,205
6354,275
6355,328
6356,713
6357,143
6358,642
6359,756
6360,398
6361,742
6362,723
6363,158
6364,617
6365,372
6366,506
6367,409
6368,616
6369,798
6370,171
6371,548
6372,502
6373,800
6374,171
6375,20
6376,449
6377,303
6378,66
6379,122
6380,252
6381,82
6382,139
6383,736
6384,51
6385,605
6386,752
6387,632
6388,378
6389,488
6390,694
6391,354
6392,712
6393,630
6394,593
6395,205
6396,518
6397,28
6398,785
6399,392
6400,27
6401,317
6402,111
6403,550
6404,648
6405,675
6406,65
6407,674
6408,41
6409,426
6410,79
6411,274
6412,571
6413,689
6414,705
6415,455
6416,427
6417,23
6418,268
6419,232
6420,655
6421,22
6422,206
6423,542
6424,166
6425,307
6426,165
6427,674
6428,575
6429,799
6430,209
6431,241
6432,204
6433,494
6434,793
6435,509
6436,238
6437,271
6438,539
6439,777
6440,526
6441,428
6442,524
6443,434
6444,39
6445,216
6446,681
6447,623
6448,545
6449,31
6450,422
6451,676
6452,237
6453,198
6454,712
6455,384
6456,646
6457,260
6458,421
6459,279
6460,189
6461,657
6462,305
6463,667
6464,563
6465,82
6466,656
6467,271
6468,37
6469,433
6470,214
6471,593
6472,53
6473,141
6474,63
6475,471
6476,383
6477,706
6478,468
6479,778
6480,331
6481,21
6482,562
6483,660
6484,550
6485,347
6486,77
6487,424
6488,133
6489,187
6490,540
6491,257
6492,165
6493,674
6494,67
6495,773
6496,467
6497,695
6498,754
6499,454
6500,245
6501,195
6502,674
6503,152
6504,330
6505,172
6506,356
6507,133
6508,159
6509,136
6510,493
6511,457
6512,244
6513,337
6514,173
6515,323
6516,607
6517,141
6518,7
6519,307
6520,284
6521,775
6522,147
6523,125
6524,609
6525,532
6526,119
6527,726
6528,257
6529,41
6530,451
6531,44
6532,650
6533,533
6534,82
6535,572
6536,309
6537,187
6538,800
6539,88
6540,354
6541,426
6542,268
6543,774
6544,413
6545,9
6546,671
6547,148
6548,59
6549,653
6550,174
6551,605
6552,612
6553,91
6554,149
6555,18
6556,643
6557,638
6558,680
6559,629
6560,79
6561,557
6562,512
6563,594
6564,182
6565,329
6566,592
6567,780
6568,457
6569,600
6570,672
6571,779
6572,595
6573,443
6574,62
6575,591
6576,758
6577,292
6578,190
6579,55
6580,53
6581,15
6582,522
6583,34
6584,63
6585,566
6586,576
6587,46
6588,699
6589,428
6590,534
6591,396
6592,514
6593,650
6594,790
6595,219
6596,666
6597,532
6598,772
6599,40
6600,44
6601,454
6602,669
6603,666
6604,348
6605,420
6606,364
6607,90
6608,528
6609,401
6610,580
6611,305
6612,283
6613,480
6614,594
6615,83
6616,396
6617,179
6618,227
6619,634
6620,227
6621,81
6622,192
6623,621
6624,206
6625,524
6626,525
6627,596
6628,380
6629,514
6630,215
6631,670
6632,214
6633,309
6634,650
6635,278
6636,324
6637,161
6638,750
6639,546
6640,421
6641,641
6642,191
6643,190
6644,245
6645,482
6646,640
6647,232
6648,160
6649,640
6650,508
6651,673
6652,400
6653,27
6654,463
6655,454
6656,93
6657,220
6658,430
6659,561
6660,603
6661,235
6662,360
6663,567
6664,66
6665,526
6666,779
6667,57
6668,83
6669,649
6670,551
6671,301
6672,118
6673,147
6674,469
6675,140
6676,692
6677,497
6678,539
6679,577
6680,77
6681,582
6682,674
6683,669
6684,616
6685,658
6686,416
6687,470
6688,632
6689,252
6690,182
6691,307
6692,372
6693,201
6694,703
6695,332
6696,137
6697,551
6698,461
6699,7
6700,637
6701,264
6702,519
6703,534
6704,13
6705,418
6706,749
6707,10
6708,485
6709,298
6710,511
6711,651
6712,616
6713,138
6714,470
6715,489
6716,3
6717,641
6718,351
6719,146
6720,33
6721,39
6722,117
6723,181
6724,238
6725,22
6726,20
6727,188
6728,475
6729,3
6730,693
6731,344
6732,54
6733,784
6734,692
6735,36
6736,738
6737,253
6738,441
6739,787
6740,50
6741,424
6742,438
6743,48
6744,575
6745,131
6746,574
6747,507
6748,720
6749,222
6750,161
6751,331
6752,682
6753,541
6754,720
6755,481
6756,616
6757,375
6758,175
6759,305
6760,523
6761,756
6762,194
6763,740
6764,464
6765,3
6766,59
6767,583
6768,492
6769,483
6770,625
6771,82
6772,230
6773,632
6774,176
6775,46
6776,660
6777,660
6778,37
6779,556
6780,268
6781,742
6782,300
6783,320
6784,576
6785,694
6786,714
6787,656
6788,339
6789,365
6790,547
6791,523
6792,793
6793,428
6794,556
6795,572
6796,60
6797,535
6798,432
6799,506
6800,575
6801,110
6802,242
6803,629
6804,540
6805,161
6806,75
6807,628
6808,61
6809,681
6810,324
6811,669
6812,784
6813,342
6814,552
6815,723
6816,148
6817,450
6818,156
6819,301
6820,217
6821,682
6822,636
6823,275
6824,749
6825,462
6826,380
6827,171
6828,503
6829,428
6830,108
6831,464
6832,710
6833,639
6834,486
6835,585
6836,20
6837,594
6838,92
6839,107
6840,435
6841,195
6842,758
6843,436
6844,153
6845,279
6846,594
6847,143
6848,497
6849,2
6850,523
6851,357
6852,384
6853,563
6854,485
6855,308
6856,85
6857,12
6858,18
6859,668
6860,127
6861,774
6862,535
6863,621
6864,179
6865,216
6866,592
6867,25
6868,688
6869,113
6870,712
6871,545
6872,482
6873,234
6874,557
6875,142
6876,109
6877,231
6878,763
6879,47
6880,215
6881,31
6882,208
6883,507
6884,257
6885,551
6886,498
6887,607
6888,202
6889,432
6890,117
6891,42
6892,141
6893,715
6894,381
6895,414
6896,744
6897,760
6898,232
6899,438
6900,799
6901,762
6902,58
6903,580
6904,325
6905,644
6906,281
6907,521
6908,138
6909,211
6910,623
6911,234
6912,420
6913,530
6914,609
6915,774
6916,288
6917,658
6918,650
6919,117
6920,289
6921,358
6922,359
6923,568
6924,635
6925,661
6926,199
6927,126
6928,185
6929,101
6930,504
6931,430
6932,290
6933,709
6934,15
6935,445
6936,487
6937,469
6938,268
6939,301
6940,383
6941,273
6942,133
6943,116
6944,383
6945,649
6946,422
6947,119
6948,719
6949,322
6950,711
6951,666
6952,800
6953,590
6954,799
6955,465
6956,781
6957,91
6958,93
6959,261
6960,420
6961,315
6962,324
6963,418
6964,43
6965,302
6966,539
6967,794
6968,274
6969,140
6970,79
6971,354
6972,749
6973,427
6974,210
6975,182
6976,555
6977,322
6978,530
6979,39
6980,532
6981,168
6982,655
6983,688
6984,735
6985,386
6986,214
6987,143
6988,41
6989,369
6990,786
6991,315
6992,640
6993,255
6994,215
6995,327
6996,534
6997,334
6998,578
6999,120
7000,350
7001,659
7002,537
7003,40
7004,203
7005,745
7006,298
7007,478
7008,197
7009,508
7010,295
7011,363
7012,608
7013,768
7014,484
7015,343
7016,719
7017,336
7018,236
7019,650
7020,367
7021,555
7022,85
7023,150
7024,236
7025,294
7026,703
7027,691
7028,686
7029,499
7030,790
7031,384
7032,718
7033,582
7034,372
7035,157
7036,284
7037,73
7038,134
7039,74
7040,11
7041,423
7042,454
7043,53
7044,679
7045,4
7046,236
7047,446
7048,677
7049,658
7050,99
7051,721
7052,606
7053,609
7054,748
7055,765
7056,326
7057,50
7058,105
7059,747
7060,126
7061,453
7062,52
7063,31
7064,498
7065,405
7066,258
7067,490
7068,800
7069,541
7070,113
7071,742
7072,167
7073,578
7074,603
7075,596
7076,481
7077,223
7078,211
7079,780
7080,118
7081,476
7082,379
7083,426
7084,706
7085,9
7086,149
7087,469
7088,688
7089,333
7090,522
7091,735
7092,39
7093,276
7094,184
7095,19
7096,307
7097,751
7098,658
7099,754
7100,537
7101,275
7102,257
7103,422
7104,130
7105,408
7106,94
7107,9
7108,308
7109,403
7110,577
7111,230
7112,211
7113,506
7114,535
7115,215
7116,518
7117,554
7118,148
7119,55
7120,85
7121,467
7122,428
7123,395
7124,218
7125,332
7126,462
7127,435
7128,35
7129,754
7130,661
7131,147
7132,563
7133,703
7134,177
7135,501
7136,295
7137,116
7138,722
7139,630
7140,169
7141,506
7142,396
7143,295
7144,464
7145,345
7146,650
7147,170
7148,399
7149,580
7150,353
7151,171
7152,797
7153,638
7154,265
7155,64
7156,323
7157,524
7158,334
7159,524
7160,28
7161,642
7162,229
7163,296
7164,526
7165,468
7166,46
7167,483
7168,608
7169,300
7170,23
7171,320
7172,736
7173,446
7174,33
7175,19
7176,404
7177,752
7178,173
7179,248
7180,418
7181,566
7182,388
7183,494
7184,546
7185,419
7186,231
7187,375
7188,529
7189,564
7190,740
7191,507
7192,64
7193,528
7194,235
7195,400
7196,766
7197,739
7198,158
7199,60
7200,200
7201,194
7202,757
7203,658
7204,503
7205,44
7206,578
7207,707
7208,656
7209,535
7210,61
7211,730
7212,560
7213,145
7214,762
7215,701
7216,631
7217,711
7218,674
7219,555
7220,787
7221,424
7222,22
7223,406
7224,133
7225,186
7226,304
7227,586
7228,613
7229,318
7230,702
7231,589
7232,418
7233,101
7234,607
7235,141
7236,338
7237,789
7238,258
7239,453
7240,219
7241,36
7242,320
7243,473
7244,327
7245,117
7246,733
7247,45
7248,649
7249,276
7250,283
7251,119
7252,272
7253,200
7254,446
7255,667
7256,616
7257,647
7258,58
7259,650
7260,94
7261,552
7262,120
7263,359
7264,46
7265,25
7266,465
7267,379
7268,239
7269,599
7270,657
7271,61
7272,350
7273,16
7274,145
7275,151
7276,145
7277,656
7278,373
7279,322
7280,631
7281,474
7282,77
7283,772
7284,239
7285,172
7286,516
7287,581
7288,263
7289,374
7290,553
7291,608
7292,234
7293,44
7294,81
7295,469
7296,340
7297,113
7298,125
7299,496
7300,282
7301,782
7302,328
7303,364
7304,639
7305,740
7306,663
7307,106
7308,566
7309,521
7310,436
7311,249
7312,168
7313,594
7314,400
7315,504
7316,678
7317,265
7318,293
7319,107
7320,774
7321,454
7322,321
7323,640
7324,363
7325,763
7326,244
7327,498
7328,659
7329,485
7330,578
7331,523
7332,182
7333,394
7334,616
7335,553
7336,87
7337,464
7338,675
7339,797
7340,73
7341,466
7342,27
7343,436
7344,138
7345,595
7346,509
7347,689
7348,366
7349,507
7350,506
7351,296
7352,373
7353,383
7354,415
7355,444
7356,419
7357,752
7358,423
7359,776
7360,685
7361,468
7362,97
7363,201
7364,643
7365,400
7366,466
7367,695
7368,790
7369,515
7370,594
7371,245
7372,285
7373,451
7374,64
7375,554
7376,639
7377,35
7378,768
7379,583
7380,323
7381,90
7382,274
7383,712
7384,395
7385,444
7386,47
7387,378
7388,251
7389,639
7390,557
7391,62
7392,460
7393,438
7394,133
7395,374
7396,113
7397,36
7398,249
7399,456
7400,614
7401,184
7402,192
7403,481
7404,157
7405,251
7406,546
7407,713
7408,715
7409,413
7410,238
7411,20
7412,263
7413,632
7414,619
7415,255
7416,57
7417,302
7418,432
7419,408
7420,722
7421,750
7422,73
7423,610
7424,614
7425,647
7426,206
7427,591
7428,538
7429,564
7430,169
7431,427
7432,472
7433,603
7434,536
7435,596
7436,789
7437,269
7438,421
7439,634
7440,685
7441,495
7442,69
7443,711
7444,50
7445,33
7446,185
7447,585
7448,240
7449,182
7450,25
7451,59
7452,218
7453,14
7454,655
7455,647
7456,389
7457,264
7458,194
7459,100
7460,514
7461,440
7462,486
7463,443
7464,609
7465,37
7466,533
7467,386
7468,24
7469,140
7470,50
7471,616
7472,673
7473,661
7474,691
7475,539
7476,553
7477,140
7478,751
7479,145
7480,271
7481,656
7482,369
7483,162
7484,144
7485,680
7486,409
7487,643
7488,672
7489,608
7490,426
7491,645
7492,643
7493,266
7494,329
7495,507
7496,277
7497,564
7498,67
7499,201
7500,57
7501,750
7502,674
7503,318
7504,137
7505,228
7506,6
7507,63
7508,696
7509,205
7510,150
7511,378
7512,496
7513,232
7514,129
7515,798
7516,235
7517,418
7518,229
7519,185
7520,23
7521,583
7522,374
7523,670
7524,287
7525,757
7526,716
7527,313
7528,12
7529,563
7530,148
7531,192
7532,39
7533,36
7534,84
7535,124
7536,797
7537,593
7538,579
7539,407
7540,318
7541,144
7542,587
7543,159
7544,263
7545,332
7546,539
7547,249
7548,456
7549,639
7550,765
7551,647
7552,505
7553,312
7554,744
7555,109
7556,123
7557,96
7558,564
7559,568
7560,118
7561,199
7562,45
7563,559
7564,76
7565,206
7566,480
7567,317
7568,165
7569,569
7570,228
7571,566
7572,18
7573,798
7574,350
7575,10
7576,99
7577,84
7578,643
7579,546
7580,707
7581,597
7582,388
7583,67
7584,110
7585,177
7586,167
7587,589
7588,90
7589,299
7590,112
7591,515
7592,142
7593,708
7594,234
7595,399
7596,637
7597,742
7598,545
7599,455
7600,470
7601,711
7602,419
7603,498
7604,420
7605,394
7606,130
7607,125
7608,92
7609,102
7610,731
7611,414
7612,727
7613,506
7614,557
7615,216
7616,591
7617,47
7618,90
7619,223
7620,754
7621,168
7622,535
7623,458
7624,154
7625,680
7626,734
7627,754
7628,556
7629,414
7630,507
7631,541
7632,196
7633,663
7634,455
7635,423
7636,16
7637,4
7638,740
7639,195
7640,65
7641,75
7642,389
7643,422
7644,197
7645,44
7646,186
7647,271
7648,289
7649,319
7650,268
7651,613
7652,52
7653,459
7654,559
7655,478
7656,626
7657,547
7658,453
7659,656
7660,39
7661,287
7662,207
7663,797
7664,199
7665,685
7666,666
7667,321
7668,427
7669,406
7670,224
7671,226
7672,759
7673,550
7674,733
7675,329
7676,647
7677,268
7678,610
7679,290
7680,762
7681,751
7682,56
7683,444
7684,652
7685,439
7686,480
7687,163
7688,113
7689,67
7690,727
7691,578
7692,663
7693,536
7694,563
7695,34
7696,446
7697,190
7698,203
7699,432
7700,656
7701,745
7702,782
7703,766
7704,409
7705,116
7706,452
7707,633
7708,354
7709,120
7710,348
7711,83
7712,16
7713,296
7714,699
7715,483
7716,703
7717,244
7718,777
7719,127
7720,327
7721,10
7722,262
7723,480
7724,785
7725,650
7726,440
7727,628
7728,138
7729,480
7730,628
7731,350
7732,339
7733,590
7734,679
7735,127
7736,326
7737,794
7738,54
7739,319
7740,652
7741,341
7742,477
7743,685
7744,329
7745,339
7746,624
7747,774
7748,792
7749,242
7750,132
7751,533
7752,219
7753,41
7754,674
7755,457
7756,741
7757,648
7758,116
7759,91
7760,441
7761,483
7762,108
7763,721
7764,1
7765,597
7766,766
7767,604
7768,273
7769,17
7770,702
7771,403
7772,434
7773,379
7774,591
7775,427
7776,288
7777,134
7778,532
7779,441
7780,697
7781,592
7782,43
7783,616
7784,661
7785,7
7786,234
7787,786
7788,254
7789,84
7790,145
7791,444
7792,215
7793,684
7794,601
7795,343
7796,711
7797,169
7798,795
7799,502
7800,446
7801,417
7802,56
7803,485
7804,452
7805,299
7806,571
7807,13
7808,608
7809,431
7810,690
7811,81
7812,339
7813,205
7814,46
7815,6
7816,517
7817,623
7818,605
7819,576
7820,35
7821,463
7822,427
7823,188
7824,742
7825,63
7826,54
7827,662
7828,732
7829,113
7830,736
7831,756
7832,451
7833,610
7834,319
7835,294
7836,629
7837,495
7838,152
7839,587
7840,570
7841,123
7842,21
7843,364
7844,139
7845,703
7846,324
7847,250
7848,129
7849,354
7850,186
7851,611
7852,390
7853,645
7854,271
7855,81
7856,256
7857,429
7858,787
7859,71
7860,380
7861,707
7862,691
7863,556
7864,84
7865,584
7866,473
7867,633
7868,753
7869,798
7870,286
7871,409
7872,244
7873,270
7874,193
7875,29
7876,769
7877,179
7878,527
7879,134
7880,194
7881,503
7882,453
7883,4
7884,20
7885,458
7886,265
7887,304
7888,671
7889,556
7890,493
7891,406
7892,672
7893,751
7894,213
7895,366
7896,312
7897,79
7898,722
7899,533
7900,589
7901,586
7902,713
7903,530
7904,520
7905,343
7906,317
7907,482
7908,708
7909,759
7910,391
7911,8
7912,41
7913,96
7914,502
7915,238
7916,628
7917,510
7918,341
7919,242
7920,111
7921,118
7922,222
7923,44
7924,587
7925,35
7926,224
7927,352
7928,446
7929,375
7930,737
7931,196
7932,181
7933,698
7934,123
7935,258
7936,137
7937,253
7938,633
7939,197
7940,395
7941,361
7942,550
7943,707
7944,111
7945,563
7946,586
7947,619
7948,522
7949,597
7950,441
7951,48
7952,37
7953,623
7954,577
7955,1
7956,114
7957,395
7958,326
7959,598
7960,328
7961,679
7962,492
7963,141
7964,351
7965,739
7966,525
7967,36
7968,111
7969,189
7970,3
7971,508
7972,184
7973,655
7974,356
7975,273
7976,637
7977,231
7978,260
7979,320
7980,419
7981,712
7982,582
7983,22
7984,578
7985,149
7986,501
7987,630
7988,308
7989,575
7990,321
7991,734
7992,301
7993,305
7994,508
7995,558
7996,210
7997,593
7998,614
7999,515
8000,366
8001,652
8002,2
8003,410
8004,95
8005,22
8006,690
8007,479
8008,521
8009,202
8010,722
8011,632
8012,648
8013,657
8014,327
8015,182
8016,58
8017,280
8018,275
8019,119
8020,344
8021,84
8022,327
8023,558
8024,596
8025,264
8026,694
8027,49
8028,457
8029,534
8030,534
8031,220
8032,560
8033,293
8034,411
8035,358
8036,571
8037,318
8038,586
8039,751
8040,416
8041,41
8042,154
8043,208
8044,154
8045,653
8046,45
8047,34
8048,327
8049,441
8050,701
8051,387
8052,371
8053,63
8054,296
8055,56
8056,106
8057,247
8058,190
8059,182
8060,486
8061,733
8062,448
8063,633
8064,316
8065,343
8066,505
8067,660
8068,230
8069,229
8070,442
8071,292
8072,400
8073,62
8074,463
8075,114
8076,505
8077,551
8078,784
8079,148
8080,289
8081,430
8082,103
8083,383
8084,567
8085,336
8086,527
8087,425
8088,166
8089,612
8090,606
8091,631
8092,487
8093,172
8094,104
8095,257
8096,450
8097,453
8098,550
8099,81
8100,222
8101,35
8102,637
8103,402
8104,260
8105,611
8106,623
8107,273
8108,490
8109,41
8110,331
8111,730
8112,29
8113,759
8114,310
8115,784
8116,389
8117,679
8118,784
8119,501
8120,533
8121,565
8122,665
8123,133
8124,551
8125,549
8126,199
8127,91
8128,400
8129,327
8130,288
8131,233
8132,778
8133,170
8134,349
8135,602
8136,767
8137,752
8138,615
8139,118
8140,528
8141,659
8142,686
8143,392
8144,345
8145,782
8146,50
8147,91
8148,431
8149,672
8150,412
8151,572
8152,363
8153,551
8154,644
8155,26
8156,777
8157,795
8158,745
8159,506
8160,656
8161,757
8162,33
8163,580
8164,367
8165,779
8166,572
8167,559
8168,358
8169,354
8170,772
8171,234
8172,72
8173,4
8174,519
8175,730
8176,76
8177,237
8178,546
8179,527
8180,477
8181,565
8182,256
8183,11
8184,192
8185,32
8186,613
8187,4
8188,770
8189,578
8190,442
8191,713
8192,586
8193,58
8194,361
8195,31
8196,651
8197,683
8198,128
8199,604
8200,12
8201,773
8202,515
8203,208
8204,8
8205,544
8206,645
8207,690
8208,28
8209,177
8210,99
8211,538
8212,153
8213,738
8214,774
8215,690
8216,114
8217,280
8218,482
8219,462
8220,150
8221,17
8222,236
8223,39
8224,469
8225,305
8226,400
8227,340
8228,434
8229,532
8230,690
8231,58
8232,332
8233,140
8234,499
8235,679
8236,464
8237,225
8238,85
8239,746
8240,708
8241,107
8242,88
8243,284
8244,584
8245,558
8246,355
8247,210
8248,559
8249,156
8250,237
8251,242
8252,53
8253,390
8254,690
8255,197
8256,521
8257,166
8258,324
8259,101
8260,224
8261,575
8262,793
8263,555
8264,420
8265,45
8266,154
8267,781
8268,412
8269,84
8270,336
8271,71
8272,249
8273,117
8274,755
8275,145
8276,644
8277,639
8278,233
8279,517
8280,73
8281,99
8282,384
8283,182
8284,37
8285,245
8286,349
8287,561
8288,125
8289,739
8290,43
8291,150
8292,577
8293,210
8294,452
8295,761
8296,161
8297,420
8298,222
8299,595
8300,669
8301,58
8302,234
8303,307
8304,541
8305,20
8306,398
8307,210
8308,614
8309,507
8310,9
8311,730
8312,497
8313,708
8314,190
8315,467
8316,783
8317,510
8318,708
8319,38
8320,458
8321,384
8322,492
8323,359
8324,660
8325,151
8326,379
8327,102
8328,296
8329,228
8330,704
8331,593
8332,708
8333,595
8334,623
8335,742
8336,757
8337,284
8338,367
8339,782
8340,433
8341,455
8342,563
8343,560
8344,344
8345,731
8346,124
8347,571
8348,602
8349,203
8350,177
8351,740
8352,124
8353,162
8354,329
8355,634
8356,199
8357,788
8358,600
8359,280
8360,307
8361,747
8362,599
8363,488
8364,455
8365,461
8366,420
8367,81
8368,686
8369,772
8370,647
8371,672
8372,553
8373,405
8374,768
8375,734
8376,382
8377,45
8378,499
8379,208
8380,139
8381,345
8382,246
8383,656
8384,579
8385,669
8386,20
8387,513
8388,35
8389,741
8390,70
8391,604
8392,491
8393,253
8394,244
8395,682
8396,696
8397,355
8398,81
8399,17
8400,259
8401,470
8402,456
8403,495
8404,592
8405,569
8406,15
8407,419
8408,609
8409,447
8410,313
8411,477
8412,72
8413,63
8414,656
8415,126
8416,560
8417,670
8418,531
8419,565
8420,478
8421,428
8422,490
8423,704
8424,241
8425,107
8426,657
8427,712
8428,481
8429,315
8430,472
8431,206
8432,80
8433,630
8434,636
8435,573
8436,591
8437,709
8438,120
8439,443
8440,633
8441,234
8442,290
8443,415
8444,622
8445,109
8446,360
8447,516
8448,319
8449,734
8450,625
8451,788
8452,661
8453,218
8454,723
8455,260
8456,525
8457,640
8458,680
8459,298
8460,326
8461,530
8462,327
8463,638
8464,551
8465,100
8466,641
8467,628
8468,64
8469,395
8470,247
8471,317
8472,250
8473,193
8474,523
8475,139
8476,453
8477,162
8478,293
8479,684
8480,443
8481,670
8482,746
8483,3
8484,492
8485,399
8486,211
8487,522
8488,165
8489,438
8490,717
8491,591
8492,21
8493,751
8494,322
8495,210
8496,407
8497,459
8498,530
8499,480
8500,453
8501,267
8502,21
8503,260
8504,227
8505,180
8506,714
8507,196
8508,580
8509,346
8510,737
8511,58
8512,94
8513,365
8514,717
8515,255
8516,412
8517,530
8518,190
8519,433
8520,314
8521,628
8522,276
8523,22
8524,628
8525,699
8526,137
8527,300
8528,238
8529,155
8530,759
8531,148
8532,583
8533,296
8534,444
8535,220
8536,77
8537,711
8538,614
8539,311
8540,465
8541,534
8542,489
8543,309
8544,226
8545,11
8546,25
8547,210
8548,545
8549,606
8550,311
8551,151
8552,339
8553,560
8554,515
8555,747
8556,290
8557,677
8558,525
8559,538
8560,623
8561,40
8562,573
8563,145
8564,315
8565,643
8566,215
8567,696
8568,36
8569,746
8570,668
8571,734
8572,732
8573,660
8574,223
8575,20
8576,625
8577,551
8578,719
8579,752
8580,52
8581,19
8582,249
8583,772
8584,294
8585,97
8586,575
8587,96
8588,632
8589,779
8590,777
8591,379
8592,459
8593,302
8594,595
8595,375
8596,402
8597,319
8598,244
8599,563
8600,49
8601,471
8602,455
8603,588
8604,460
8605,430
8606,463
8607,761
8608,328
8609,305
8610,96
8611,380
8612,689
8613,715
8614,726
8615,256
8616,406
8617,497
8618,532
8619,622
8620,568
8621,300
8622,389
8623,76
8624,286
8625,3
8626,20
8627,33
8628,139
8629,44
8630,366
8631,693
8632,542
8633,286
8634,527
8635,415
8636,294
8637,32
8638,543
8639,561
8640,661
8641,610
8642,395
8643,409
8644,155
8645,153
8646,722
8647,742
8648,746
8649,698
8650,527
8651,345
8652,700
8653,548
8654,127
8655,253
8656,218
8657,14
8658,403
8659,101
8660,20
8661,510
8662,264
8663,578
8664,204
8665,788
8666,453
8667,127
8668,148
8669,245
8670,179
8671,382
8672,461
8673,453
8674,288
8675,762
8676,51
8677,473
8678,499
8679,80
8680,316
8681,204
8682,116
8683,4
8684,726
8685,652
8686,95
8687,78
8688,474
8689,548
8690,57
8691,446
8692,590
8693,39
8694,579
8695,751
8696,366
8697,560
8698,262
8699,351
8700,306
8701,352
8702,431
8703,390
8704,308
8705,109
8706,172
8707,775
8708,432
8709,245
8710,7
8711,346
8712,321
8713,570
8714,209
8715,101
8716,244
8717,774
8718,403
8719,432
8720,502
8721,498
8722,635
8723,318
8724,701
8725,444
8726,227
8727,614
8728,780
8729,552
8730,479
8731,779
8732,326
8733,245
8734,72
8735,428
8736,553
8737,171
8738,459
8739,187
8740,159
8741,40
8742,709
8743,568
8744,453
8745,689
8746,410
8747,553
8748,551
8749,716
8750,428
8751,87
8752,714
8753,170
8754,331
8755,648
8756,764
8757,290
8758,322
8759,453
8760,395
8761,668
8762,770
8763,310
8764,550
8765,342
8766,153
8767,688
8768,348
8769,792
8770,68
8771,344
8772,658
8773,180
8774,396
8775,48
8776,166
8777,273
8778,557
8779,534
8780,254
8781,336
8782,685
8783,77
8784,409
8785,219
8786,63
8787,143
8788,605
8789,352
8790,282
8791,467
8792,741
8793,551
8794,386
8795,607
8796,599
8797,89
8798,769
8799,186
8800,74
8801,314
8802,717
8803,791
8804,267
8805,308
8806,197
8807,288
8808,158
8809,342
8810,70
8811,127
8812,669
8813,150
8814,95
8815,267
8816,707
8817,784
8818,270
8819,388
8820,716
8821,476
8822,557
8823,788
8824,704
8825,570
8826,397
8827,235
8828,484
8829,678
8830,430
8831,233
8832,770
8833,507
8834,215
8835,75
8836,795
8837,741
8838,605
8839,705
8840,47
8841,707
8842,686
8843,569
8844,225
8845,551
8846,643
8847,130
8848,473
8849,24
8850,303
8851,741
8852,510
8853,641
8854,734
8855,103
8856,305
8857,599
8858,542
8859,217
8860,305
8861,753
8862,419
8863,108
8864,562
8865,1
8866,350
8867,740
8868,674
8869,32
8870,87
8871,162
8872,254
8873,56
8874,601
8875,702
8876,272
8877,413
8878,256
8879,519
8880,451
8881,52
8882,414
8883,630
8884,779
8885,615
8886,262
8887,78
8888,681
8889,611
8890,262
8891,173
8892,160
8893,320
8894,566
8895,128
8896,92
8897,726
8898,584
8899,123
8900,316
8901,731
8902,300
8903,284
8904,76
8905,240
8906,14
8907,16
8908,679
8909,701
8910,258
8911,37
8912,389
8913,269
8914,747
8915,453
8916,739
8917,621
8918,164
8919,380
8920,263
8921,656
8922,749
8923,277
8924,244
8925,60
8926,12
8927,127
8928,147
8929,141
8930,745
8931,556
8932,460
8933,147
8934,312
8935,186
8936,772
8937,356
8938,469
8939,302
8940,443
8941,287
8942,246
8943,414
8944,370
8945,504
8946,532
8947,273
8948,93
8949,591
8950,155
8951,301
8952,754
8953,249
8954,783
8955,197
8956,354
8957,34
8958,573
8959,522
8960,288
8961,475
8962,713
8963,560
8964,733
8965,504
8966,614
8967,191
8968,35
8969,634
8970,393
8971,295
8972,90
8973,753
8974,349
8975,74
8976,738
8977,344
8978,677
8979,319
8980,480
8981,432
8982,759
8983,579
8984,509
8985,356
8986,774
8987,647
8988,396
8989,200
8990,710
8991,390
8992,76
8993,558
8994,319
8995,643
8996,800
8997,102
8998,142
8999,158
9000,276
9001,120
9002,440
9003,124
9004,280
9005,206
9006,500
9007,712
9008,633
9009,270
9010,155
9011,79
9012,730
9013,480
9014,23
9015,620
9016,114
9017,777
9018,604
9019,334
9020,287
9021,316
9022,93
9023,538
9024,508
9025,656
9026,228
9027,501
9028,120
9029,682
9030,684
9031,398
9032,300
9033,166
9034,229
9035,359
9036,612
9037,87
9038,699
9039,468
9040,712
9041,595
9042,600
9043,3
9044,318
9045,566
9046,34
9047,724
9048,164
9049,133
9050,67
9051,303
9052,56
9053,58
9054,369
9055,377
9056,38
9057,312
9058,639
9059,410
9060,297
9061,579
9062,306
9063,402
9064,787
9065,108
9066,91
9067,458
9068,223
9069,180
9070,681
9071,93
9072,484
9073,596
9074,696
9075,196
9076,617
9077,73
9078,40
9079,503
9080,42
9081,50
9082,315
9083,488
9084,152
9085,121
9086,526
9087,596
9088,410
9089,373
9090,170
9091,429
9092,437
9093,87
9094,564
9095,162
9096,370
9097,357
9098,607
9099,619
9100,199
9101,223
9102,580
9103,529
9104,636
9105,252
9106,368
9107,119
9108,755
9109,595
9110,159
9111,708
9112,100
9113,744
9114,692
9115,458
9116,348
9117,337
9118,463
9119,430
9120,687
9121,431
9122,552
9123,595
9124,701
9125,618
9126,320
9127,93
9128,711
9129,82
9130,747
9131,619
9132,574
9133,118
9134,199
9135,676
9136,765
9137,576
9138,376
9139,85
9140,64
9141,1
9142,501
9143,450
9144,33
9145,8
9146,583
9147,365
9148,440
9149,382
9150,754
9151,739
9152,279
9153,456
9154,319
9155,522
9156,459
9157,61
9158,158
9159,357
9160,586
9161,695
9162,218
9163,470
9164,736
9165,341
9166,75
9167,168
9168,501
9169,153
9170,503
9171,556
9172,738
9173,293
9174,480
9175,221
9176,664
9177,395
9178,648
9179,492
9180,357
9181,686
9182,213
9183,76
9184,572
9185,231
9186,703
9187,795
9188,640
9189,346
9190,606
9191,382
9192,558
9193,737
9194,399
9195,464
9196,29
9197,153
9198,343
9199,746
9200,42
9201,674
9202,350
9203,43
9204,284
9205,464
9206,738
9207,320
9208,319
9209,603
9210,272
9211,200
9212,462
9213,342
9214,65
9215,560
9216,357
9217,588
9218,521
9219,573
9220,695
9221,796
9222,544
9223,192
9224,661
9225,561
9226,685
9227,618
9228,159
9229,10
9230,606
9231,628
9232,79
9233,670
9234,324
9235,401
9236,180
9237,763
9238,450
9239,272
9240,207
9241,665
9242,797
9243,276
9244,454
9245,21
9246,307
9247,351
9248,258
9249,42
9250,69
9251,184
9252,540
9253,497
9254,625
9255,321
9256,674
9257,21
9258,629
9259,325
9260,597
9261,171
9262,800
9263,283
9264,328
9265,649
9266,432
9267,330
9268,324
9269,750
9270,452
9271,54
9272,398
9273,124
9274,172
9275,680
9276,76
9277,274
9278,279
9279,722
9280,163
9281,427
9282,412
9283,722
9284,319
9285,53
9286,493
9287,342
9288,603
9289,353
9290,684
9291,601
9292,583
9293,312
9294,659
9295,404
9296,656
9297,431
9298,71
9299,267
9300,91
9301,760
9302,148
9303,714
9304,4
9305,431
9306,587
9307,94
9308,17
9309,52
9310,228
9311,529
9312,51
9313,733
9314,476
9315,646
9316,352
9317,344
9318,196
9319,787
9320,560
9321,663
9322,741
9323,130
9324,530
9325,132
9326,184
9327,81
9328,11
9329,682
9330,419
9331,291
9332,385
9333,363
9334,234
9335,399
9336,756
9337,320
9338,320
9339,469
9340,614
9341,207
9342,674
9343,487
9344,223
9345,736
9346,740
9347,575
9348,492
9349,691
9350,203
9351,470
9352,39
9353,210
9354,473
9355,315
9356,426
9357,166
9358,308
9359,771
9360,351
9361,650
9362,628
9363,615
9364,296
9365,220
9366,8
9367,171
9368,383
9369,197
9370,176
9371,572
9372,759
9373,9
9374,378
9375,441
9376,126
9377,38
9378,727
9379,291
9380,477
9381,415
9382,23
9383,410
9384,601
9385,95
9386,677
9387,126
9388,43
9389,395
9390,560
9391,76
9392,374
9393,99
9394,616
9395,685
9396,351
9397,148
9398,492
9399,435
9400,593
9401,326
9402,528
9403,135
9404,201
9405,253
9406,108
9407,40
9408,590
9409,501
9410,695
9411,731
9412,486
9413,593
9414,218
9415,752
9416,744
9417,342
9418,13
9419,742
9420,134
9421,655
9422,138
9423,108
9424,646
9425,646
9426,53
9427,81
9428,367
9429,580
9430,544
9431,759
9432,48
9433,12
9434,161
9435,200
9436,451
9437,167
9438,205
9439,407
9440,649
9441,81
9442,329
9443,589
9444,291
9445,424
9446,621
9447,294
9448,589
9449,383
9450,750
9451,8
9452,643
9453,447
9454,768
9455,71
9456,128
9457,95
9458,761
9459,408
9460,710
9461,219
9462,375
9463,699
9464,348
9465,189
9466,108
9467,471
9468,286
9469,128
9470,749
9471,415
9472,174
9473,463
9474,32
9475,308
9476,212
9477,187
9478,354
9479,203
9480,359
9481,547
9482,299
9483,672
9484,704
9485,549
9486,176
9487,224
9488,108
9489,572
9490,498
9491,201
9492,543
9493,306
9494,470
9495,18
9496,205
9497,601
9498,499
9499,58
9500,252
9501,567
9502,325
9503,355
9504,302
9505,499
9506,16
9507,687
9508,669
9509,397
9510,440
9511,746
9512,651
9513,543
9514,565
9515,442
9516,451
9517,23
9518,149
9519,460
9520,329
9521,62
9522,553
9523,417
9524,283
9525,276
9526,699
9527,711
9528,224
9529,391
9530,795
9531,25
9532,166
9533,281
9534,593
9535,216
9536,63
9537,238
9538,394
9539,68
9540,341
9541,373
9542,224
9543,602
9544,524
9545,544
9546,679
9547,628
9548,615
9549,629
9550,408
9551,679
9552,115
9553,141
9554,736
9555,535
9556,255
9557,18
9558,434
9559,429
9560,684
9561,486
9562,235
9563,541
9564,25
9565,546
9566,649
9567,550
9568,410
9569,368
9570,672
9571,541
9572,113
9573,192
9574,388
9575,397
9576,569
9577,74
9578,345
9579,591
9580,731
9581,233
9582,668
9583,556
9584,506
9585,313
9586,171
9587,455
9588,346
9589,738
9590,469
9591,498
9592,313
9593,578
9594,73
9595,622
9596,307
9597,619
9598,396
9599,349
9600,450
9601,244
9602,240
9603,738
9604,35
9605,450
9606,565
9607,16
9608,596
9609,292
9610,180
9611,392
9612,744
9613,17
9614,510
9615,317
9616,181
9617,546
9618,686
9619,193
9620,656
9621,415
9622,333
9623,545
9624,69
9625,313
9626,424
9627,485
9628,72
9629,659
9630,106
9631,715
9632,267
9633,129
9634,662
9635,35
9636,472
9637,626
9638,359
9639,131
9640,708
9641,79
9642,656
9643,438
9644,410
9645,690
9646,244
9647,110
9648,389
9649,5
9650,5
9651,579
9652,757
9653,664
9654,608
9655,519
9656,720
9657,678
9658,501
9659,89
9660,72
9661,29
9662,193
9663,738
9664,757
9665,426
9666,169
9667,543
9668,264
9669,38
9670,561
9671,724
9672,180
9673,320
9674,438
9675,531
9676,501
9677,496
9678,373
9679,382
9680,479
9681,790
9682,339
9683,158
9684,740
9685,196
9686,645
9687,513
9688,619
9689,779
9690,659
9691,290
9692,450
9693,607
9694,372
9695,762
9696,455
9697,313
9698,349
9699,510
9700,672
9701,604
9702,560
9703,607
9704,541
9705,392
9706,530
9707,714
9708,207
9709,629
9710,467
9711,43
9712,28
9713,668
9714,378
9715,283
9716,78
9717,479
9718,481
9719,790
9720,90
9721,433
9722,635
9723,182
9724,248
9725,702
9726,630
9727,260
9728,562
9729,581
9730,242
9731,721
9732,739
9733,203
9734,767
9735,346
9736,50
9737,447
9738,615
9739,721
9740,344
9741,436
9742,623
9743,449
9744,370
9745,409
9746,281
9747,15
9748,671
9749,393
9750,553
9751,400
9752,396
9753,551
9754,393
9755,247
9756,305
9757,358
9758,790
9759,709
9760,576
9761,265
9762,227
9763,689
9764,39
9765,637
9766,428
9767,584
9768,375
9769,700
9770,395
9771,420
9772,355
9773,36
9774,733
9775,766
9776,724
9777,124
9778,470
9779,20
9780,506
9781,698
9782,17
9783,10
9784,531
9785,521
9786,358
9787,107
9788,766
9789,466
9790,281
9791,661
9792,521
9793,683
9794,514
9795,658
9796,32
9797,586
9798,439
9799,564
9800,674
9801,110
9802,332
9803,469
9804,314
9805,722
9806,751
9807,748
9808,125
9809,596
9810,619
9811,270
9812,306
9813,688
9814,65
9815,118
9816,587
9817,597
9818,266
9819,463
9820,387
9821,475
9822,499
9823,613
9824,174
9825,69
9826,639
9827,598
9828,21
9829,773
9830,764
9831,50
9832,673
9833,71
9834,193
9835,754
9836,730
9837,775
9838,359
9839,506
9840,351
9841,19
9842,446
9843,334
9844,790
9845,654
9846,238
9847,284
9848,542
9849,480
9850,600
9851,450
9852,32
9853,301
9854,178
9855,86
9856,95
9857,407
9858,751
9859,205
9860,502
9861,522
9862,452
9863,650
9864,742
9865,290
9866,189
9867,644
9868,151
9869,274
9870,435
9871,486
9872,251
9873,529
9874,706
9875,682
9876,120
9877,542
9878,546
9879,148
9880,31
9881,508
9882,232
9883,781
9884,784
9885,38
9886,555
9887,491
9888,458
9889,72
9890,707
9891,696
9892,319
9893,118
9894,252
9895,141
9896,581
9897,479
9898,713
9899,235
9900,170
9901,506
9902,715
9903,34
9904,679
9905,543
9906,379
9907,178
9908,362
9909,418
9910,582
9911,652
9912,733
9913,636
9914,665
9915,698
9916,645
9917,670
9918,336
9919,204
9920,75
9921,256
9922,160
9923,408
9924,420
9925,170
9926,630
9927,588
9928,489
9929,634
9930,690
9931,197
9932,225
9933,377
9934,66
9935,175
9936,16
9937,91
9938,466
9939,182
9940,533
9941,321
9942,440
9943,666
9944,143
9945,425
9946,77
9947,715
9948,242
9949,175
9950,461
9951,243
9952,431
9953,412
9954,454
9955,196
9956,608
9957,365
9958,786
9959,670
9960,452
9961,725
9962,109
9963,227
9964,607
9965,218
9966,147
9967,184
9968,303
9969,756
9970,776
9971,43
9972,261
9973,329
9974,228
9975,208
9976,754
9977,25
9978,358
9979,767
9980,728
9981,242
9982,275
9983,532
9984,306
9985,283
9986,314
9987,230
9988,496
9989,35
9990,269
9991,201
9992,218
9993,580
9994,372
9995,90
9996,59
9997,202
9998,476
9999,758
10000,772
