4000
2,8
4,511
6,286
8,574
10,73
12,164
14,743
16,31
18,546
20,436
22,190
24,493
26,583
28,637
30,369
32,432
34,504
36,551
38,394
40,70
42,177
44,759
46,91
48,606
50,213
52,86
54,498
56,297
58,390
60,605
62,235
64,298
66,417
68,672
70,640
72,751
74,452
76,281
78,8
80,671
82,715
84,715
86,311
88,81
90,703
92,739
94,415
96,300
98,490
100,95
102,159
104,464
106,602
108,218
110,725
112,663
114,601
116,225
118,319
120,704
122,142
124,233
126,516
128,266
130,376
132,693
134,242
136,455
138,77
140,22
142,369
144,31
146,574
148,317
150,361
152,641
154,564
156,214
158,49
160,278
162,46
164,242
166,554
168,561
170,411
172,613
174,437
176,312
178,386
180,497
182,159
184,350
186,152
188,447
190,460
192,576
194,272
196,65
198,483
200,67
202,339
204,799
206,480
208,354
210,613
212,264
214,579
216,508
218,261
220,351
222,582
224,204
226,191
228,286
230,417
232,603
234,92
236,579
238,30
240,96
242,110
244,321
246,226
248,86
250,62
252,708
254,327
256,426
258,351
260,680
262,147
264,308
266,75
268,570
270,149
272,505
274,740
276,773
278,555
280,284
282,149
284,89
286,193
288,476
290,425
292,332
294,400
296,436
298,714
300,320
302,201
304,58
306,580
308,743
310,725
312,321
314,333
316,771
318,209
320,478
322,14
324,496
326,705
328,21
330,689
332,734
334,666
336,185
338,15
340,578
342,173
344,669
346,8
348,562
350,303
352,708
354,519
356,658
358,375
360,593
362,342
364,601
366,365
368,56
370,299
372,664
374,512
376,552
378,703
380,532
382,101
384,14
386,499
388,204
390,626
392,549
394,262
396,422
398,529
400,334
402,596
404,446
406,769
408,490
410,3
412,241
414,153
416,188
418,101
420,488
422,227
424,376
426,251
428,344
430,82
432,266
434,307
436,449
438,739
440,699
442,456
444,75
446,185
448,692
450,573
452,505
454,268
456,725
458,665
460,595
462,165
464,541
466,667
468,501
470,77
472,541
474,251
476,682
478,381
480,135
482,50
484,165
486,65
488,141
490,136
492,21
494,680
496,290
498,422
500,158
502,710
504,234
506,482
508,714
510,496
512,104
514,421
516,374
518,586
520,47
522,472
524,334
526,462
528,648
530,385
532,138
534,183
536,407
538,581
540,468
542,392
544,552
546,76
548,314
550,613
552,576
554,731
556,450
558,686
560,62
562,472
564,354
566,330
568,715
570,740
572,637
574,6
576,733
578,129
580,329
582,427
584,463
586,77
588,542
590,692
592,158
594,13
596,548
598,473
600,302
602,500
604,556
606,742
608,492
610,516
612,414
614,619
616,585
618,214
620,189
622,247
624,157
626,141
628,733
630,353
632,518
634,325
636,355
638,696
640,711
642,778
644,305
646,436
648,354
650,600
652,632
654,634
656,245
658,661
660,234
662,384
664,695
666,153
668,219
670,107
672,104
674,316
676,773
678,49
680,169
682,430
684,330
686,160
688,697
690,599
692,537
694,439
696,167
698,125
700,341
702,632
704,772
706,130
708,120
710,753
712,713
714,609
716,223
718,506
720,355
722,424
724,332
726,759
728,548
730,690
732,390
734,460
736,499
738,26
740,686
742,292
744,309
746,496
748,693
750,292
752,456
754,749
756,774
758,599
760,667
762,91
764,476
766,41
768,216
770,516
772,145
774,515
776,328
778,227
780,236
782,284
784,618
786,317
788,529
790,592
792,546
794,27
796,12
798,452
800,603
802,181
804,17
806,559
808,648
810,218
812,224
814,613
816,173
818,57
820,241
822,449
824,440
826,696
828,495
830,387
832,259
834,124
836,575
838,758
840,768
842,646
844,188
846,34
848,456
850,20
852,786
854,382
856,126
858,10
860,575
862,179
864,613
866,695
868,160
870,85
872,574
874,505
876,785
878,13
880,451
882,797
884,541
886,259
888,449
890,599
892,634
894,446
896,394
898,490
900,96
902,317
904,359
906,644
908,486
910,434
912,583
914,209
916,51
918,84
920,314
922,178
924,467
926,566
928,56
930,445
932,411
934,530
936,497
938,781
940,752
942,139
944,670
946,83
948,101
950,605
952,738
954,109
956,67
958,583
960,549
962,583
964,357
966,724
968,369
970,494
972,122
974,299
976,421
978,299
980,787
982,456
984,352
986,525
988,712
990,538
992,48
994,263
996,139
998,576
1000,139
1002,597
1004,5
1006,609
1008,493
1010,515
1012,396
1014,619
1016,358
1018,48
1020,357
1022,29
1024,238
1026,692
1028,239
1030,114
1032,191
1034,481
1036,168
1038,710
1040,500
1042,380
1044,85
1046,618
1048,135
1050,468
1052,523
1054,799
1056,145
1058,523
1060,354
1062,333
1064,210
1066,647
1068,331
1070,46
1072,771
1074,210
1076,365
1078,441
1080,704
1082,15
1084,298
1086,752
1088,326
1090,122
1092,724
1094,122
1096,724
1098,411
1100,268
1102,539
1104,267
1106,156
1108,187
1110,592
1112,440
1114,403
1116,237
1118,602
1120,207
1122,527
1124,676
1126,336
1128,292
1130,781
1132,407
1134,501
1136,650
1138,643
1140,632
1142,668
1144,242
1146,48
1148,562
1150,338
1152,181
1154,672
1156,363
1158,184
1160,752
1162,127
1164,135
1166,171
1168,97
1170,486
1172,3
1174,63
1176,157
1178,275
1180,469
1182,331
1184,50
1186,497
1188,507
1190,750
1192,120
1194,615
1196,605
1198,79
1200,481
1202,288
1204,723
1206,405
1208,647
1210,89
1212,538
1214,263
1216,631
1218,731
1220,550
1222,41
1224,734
1226,225
1228,447
1230,636
1232,294
1234,315
1236,432
1238,520
1240,125
1242,737
1244,647
1246,277
1248,104
1250,560
1252,399
1254,764
1256,266
1258,348
1260,782
1262,163
1264,126
1266,450
1268,490
1270,319
1272,329
1274,442
1276,184
1278,771
1280,723
1282,764
1284,586
1286,34
1288,376
1290,560
1292,737
1294,531
1296,301
1298,221
1300,282
1302,417
1304,760
1306,516
1308,166
1310,406
1312,673
1314,740
1316,421
1318,600
1320,621
1322,173
1324,671
1326,44
1328,661
1330,112
1332,127
1334,284
1336,168
1338,47
1340,463
1342,750
1344,282
1346,198
1348,154
1350,11
1352,420
1354,566
1356,692
1358,344
1360,508
1362,548
1364,389
1366,115
1368,690
1370,374
1372,523
1374,344
1376,588
1378,341
1380,334
1382,505
1384,673
1386,692
1388,484
1390,542
1392,691
1394,564
1396,391
1398,437
1400,646
1402,531
1404,797
1406,206
1408,260
1410,114
1412,382
1414,24
1416,626
1418,566
1420,43
1422,584
1424,257
1426,544
1428,735
1430,638
1432,385
1434,72
1436,472
1438,348
1440,67
1442,741
1444,756
1446,760
1448,796
1450,328
1452,100
1454,635
1456,48
1458,647
1460,621
1462,27
1464,781
1466,79
1468,704
1470,539
1472,103
1474,532
1476,321
1478,430
1480,348
1482,86
1484,264
1486,104
1488,50
1490,103
1492,171
1494,221
1496,390
1498,336
1500,158
1502,81
1504,569
1506,375
1508,532
1510,275
1512,524
1514,138
1516,59
1518,685
1520,504
1522,192
1524,158
1526,464
1528,453
1530,297
1532,45
1534,222
1536,101
1538,301
1540,6
1542,594
1544,123
1546,370
1548,64
1550,230
1552,757
1554,99
1556,334
1558,664
1560,556
1562,216
1564,669
1566,791
1568,56
1570,329
1572,708
1574,195
1576,239
1578,30
1580,362
1582,259
1584,277
1586,452
1588,764
1590,573
1592,543
1594,470
1596,270
1598,271
1600,748
1602,389
1604,532
1606,187
1608,249
1610,688
1612,683
1614,282
1616,619
1618,529
1620,164
1622,280
1624,276
1626,250
1628,578
1630,486
1632,443
1634,523
1636,693
1638,493
1640,653
1642,768
1644,261
1646,163
1648,738
1650,749
1652,441
1654,42
1656,59
1658,33
1660,261
1662,327
1664,699
1666,165
1668,318
1670,689
1672,370
1674,457
1676,185
1678,503
1680,461
1682,445
1684,232
1686,644
1688,509
1690,232
1692,686
1694,505
1696,64
1698,101
1700,237
1702,778
1704,85
1706,596
1708,656
1710,659
1712,515
1714,105
1716,253
1718,676
1720,675
1722,426
1724,375
1726,527
1728,526
1730,297
1732,382
1734,688
1736,52
1738,747
1740,752
1742,384
1744,295
1746,499
1748,49
1750,750
1752,421
1754,368
1756,170
1758,302
1760,719
1762,421
1764,792
1766,495
1768,747
1770,42
1772,287
1774,698
1776,204
1778,683
1780,142
1782,642
1784,255
1786,765
1788,294
1790,382
1792,275
1794,231
1796,208
1798,183
1800,374
1802,400
1804,181
1806,389
1808,128
1810,77
1812,393
1814,156
1816,612
1818,245
1820,124
1822,416
1824,538
1826,243
1828,688
1830,122
1832,27
1834,536
1836,130
1838,540
1840,76
1842,227
1844,552
1846,126
1848,191
1850,98
1852,262
1854,252
1856,424
1858,684
1860,213
1862,282
1864,102
1866,338
1868,378
1870,683
1872,168
1874,238
1876,226
1878,737
1880,147
1882,393
1884,107
1886,48
1888,638
1890,714
1892,101
1894,171
1896,367
1898,24
1900,794
1902,585
1904,380
1906,696
1908,242
1910,781
1912,132
1914,676
1916,136
1918,624
1920,641
1922,732
1924,422
1926,704
1928,76
1930,82
1932,51
1934,56
1936,434
1938,455
1940,214
1942,637
1944,192
1946,45
1948,484
1950,437
1952,775
1954,159
1956,620
1958,395
1960,148
1962,778
1964,110
1966,394
1968,253
1970,309
1972,713
1974,578
1976,118
1978,208
1980,227
1982,784
1984,336
1986,697
1988,132
1990,682
1992,590
1994,59
1996,404
1998,649
2000,559
2002,347
2004,45
2006,416
2008,645
2010,707
2012,173
2014,436
2016,5
2018,270
2020,219
2022,781
2024,773
2026,612
2028,529
2030,320
2032,29
2034,175
2036,423
2038,58
2040,510
2042,332
2044,746
2046,95
2048,226
2050,437
2052,187
2054,60
2056,572
2058,121
2060,635
2062,79
2064,602
2066,25
2068,750
2070,606
2072,163
2074,312
2076,187
2078,287
2080,742
2082,492
2084,426
2086,355
2088,345
2090,292
2092,719
2094,127
2096,541
2098,738
2100,405
2102,778
2104,525
2106,74
2108,646
2110,274
2112,84
2114,233
2116,641
2118,596
2120,172
2122,657
2124,27
2126,568
2128,448
2130,625
2132,24
2134,256
2136,404
2138,393
2140,184
2142,799
2144,211
2146,614
2148,92
2150,182
2152,351
2154,755
2156,153
2158,223
2160,232
2162,11
2164,494
2166,768
2168,164
2170,711
2172,672
2174,664
2176,702
2178,276
2180,235
2182,263
2184,338
2186,701
2188,244
2190,664
2192,224
2194,248
2196,542
2198,490
2200,47
2202,638
2204,3
2206,322
2208,508
2210,354
2212,563
2214,168
2216,548
2218,516
2220,709
2222,680
2224,460
2226,17
2228,536
2230,581
2232,747
2234,435
2236,199
2238,114
2240,445
2242,359
2244,59
2246,548
2248,202
2250,253
2252,627
2254,770
2256,98
2258,498
2260,80
2262,249
2264,235
2266,61
2268,618
2270,721
2272,456
2274,749
2276,643
2278,57
2280,438
2282,485
2284,463
2286,464
2288,606
2290,627
2292,217
2294,738
2296,45
2298,418
2300,680
2302,651
2304,9
2306,562
2308,228
2310,354
2312,259
2314,387
2316,85
2318,71
2320,290
2322,422
2324,236
2326,248
2328,600
2330,758
2332,475
2334,755
2336,463
2338,144
2340,573
2342,637
2344,154
2346,180
2348,482
2350,58
2352,581
2354,796
2356,677
2358,184
2360,409
2362,674
2364,492
2366,161
2368,177
2370,542
2372,748
2374,502
2376,152
2378,367
2380,792
2382,54
2384,478
2386,243
2388,148
2390,727
2392,298
2394,674
2396,40
2398,52
2400,378
2402,780
2404,592
2406,335
2408,743
2410,538
2412,621
2414,288
2416,334
2418,4
2420,733
2422,540
2424,307
2426,122
2428,378
2430,457
2432,578
2434,619
2436,185
2438,429
2440,650
2442,559
2444,81
2446,242
2448,207
2450,506
2452,14
2454,198
2456,38
2458,168
2460,144
2462,83
2464,748
2466,381
2468,512
2470,25
2472,645
2474,532
2476,316
2478,551
2480,356
2482,692
2484,493
2486,148
2488,452
2490,48
2492,290
2494,363
2496,241
2498,668
2500,138
2502,691
2504,234
2506,744
2508,140
2510,512
2512,292
2514,611
2516,11
2518,797
2520,320
2522,771
2524,523
2526,542
2528,275
2530,743
2532,284
2534,20
2536,379
2538,381
2540,378
2542,438
2544,788
2546,503
2548,382
2550,327
2552,534
2554,572
2556,439
2558,184
2560,757
2562,4
2564,304
2566,62
2568,680
2570,231
2572,304
2574,426
2576,430
2578,751
2580,216
2582,237
2584,661
2586,155
2588,171
2590,714
2592,674
2594,523
2596,770
2598,481
2600,218
2602,163
2604,189
2606,762
2608,733
2610,718
2612,359
2614,620
2616,157
2618,507
2620,134
2622,783
2624,29
2626,672
2628,152
2630,38
2632,35
2634,575
2636,749
2638,354
2640,202
2642,54
2644,724
2646,758
2648,630
2650,93
2652,275
2654,261
2656,531
2658,226
2660,712
2662,412
2664,480
2666,233
2668,696
2670,784
2672,154
2674,494
2676,135
2678,650
2680,763
2682,626
2684,29
2686,461
2688,637
2690,536
2692,790
2694,734
2696,204
2698,482
2700,791
2702,401
2704,283
2706,518
2708,367
2710,674
2712,280
2714,222
2716,168
2718,189
2720,555
2722,194
2724,301
2726,64
2728,404
2730,231
2732,405
2734,434
2736,389
2738,104
2740,394
2742,564
2744,572
2746,723
2748,568
2750,24
2752,788
2754,163
2756,633
2758,186
2760,330
2762,528
2764,577
2766,333
2768,651
2770,750
2772,436
2774,529
2776,777
2778,8
2780,666
2782,27
2784,241
2786,395
2788,146
2790,335
2792,434
2794,698
2796,377
2798,343
2800,56
2802,376
2804,212
2806,89
2808,107
2810,76
2812,628
2814,70
2816,677
2818,318
2820,77
2822,252
2824,779
2826,72
2828,578
2830,502
2832,587
2834,306
2836,598
2838,646
2840,437
2842,109
2844,418
2846,6
2848,324
2850,410
2852,445
2854,769
2856,700
2858,87
2860,621
2862,467
2864,755
2866,727
2868,279
2870,180
2872,734
2874,513
2876,367
2878,55
2880,243
2882,445
2884,764
2886,715
2888,117
2890,768
2892,489
2894,572
2896,490
2898,227
2900,618
2902,476
2904,555
2906,737
2908,449
2910,229
2912,637
2914,421
2916,353
2918,161
2920,502
2922,781
2924,687
2926,510
2928,183
2930,606
2932,714
2934,74
2936,185
2938,71
2940,261
2942,774
2944,326
2946,562
2948,255
2950,780
2952,296
2954,677
2956,717
2958,45
2960,680
2962,578
2964,676
2966,551
2968,237
2970,222
2972,103
2974,50
2976,566
2978,2
2980,753
2982,552
2984,389
2986,100
2988,465
2990,552
2992,635
2994,331
2996,688
2998,134
3000,297
3002,465
3004,359
3006,634
3008,24
3010,145
3012,497
3014,777
3016,36
3018,584
3020,83
3022,586
3024,405
3026,587
3028,287
3030,633
3032,232
3034,176
3036,389
3038,51
3040,510
3042,303
3044,25
3046,235
3048,444
3050,720
3052,378
3054,276
3056,113
3058,524
3060,641
3062,109
3064,542
3066,345
3068,517
3070,134
3072,652
3074,416
3076,495
3078,61
3080,402
3082,108
3084,108
3086,551
3088,249
3090,584
3092,625
3094,467
3096,567
3098,456
3100,326
3102,214
3104,337
3106,43
3108,415
3110,553
3112,365
3114,481
3116,172
3118,791
3120,436
3122,155
3124,706
3126,779
3128,556
3130,763
3132,51
3134,135
3136,294
3138,436
3140,378
3142,712
3144,194
3146,415
3148,713
3150,110
3152,739
3154,136
3156,633
3158,730
3160,774
3162,726
3164,685
3166,700
3168,439
3170,494
3172,204
3174,101
3176,547
3178,6
3180,317
3182,260
3184,339
3186,375
3188,123
3190,204
3192,477
3194,437
3196,777
3198,342
3200,565
3202,588
3204,73
3206,240
3208,323
3210,736
3212,116
3214,173
3216,350
3218,388
3220,553
3222,182
3224,326
3226,621
3228,738
3230,424
3232,592
3234,272
3236,479
3238,325
3240,163
3242,109
3244,398
3246,124
3248,791
3250,557
3252,61
3254,581
3256,670
3258,12
3260,655
3262,373
3264,766
3266,667
3268,571
3270,479
3272,396
3274,673
3276,518
3278,720
3280,116
3282,202
3284,39
3286,217
3288,67
3290,112
3292,798
3294,630
3296,612
3298,724
3300,104
3302,125
3304,247
3306,211
3308,109
3310,328
3312,92
3314,135
3316,240
3318,91
3320,66
3322,124
3324,437
3326,241
3328,242
3330,569
3332,597
3334,694
3336,295
3338,319
3340,405
3342,120
3344,434
3346,492
3348,479
3350,14
3352,645
3354,66
3356,165
3358,667
3360,411
3362,318
3364,484
3366,255
3368,578
3370,155
3372,452
3374,350
3376,387
3378,640
3380,545
3382,148
3384,290
3386,463
3388,110
3390,227
3392,136
3394,380
3396,681
3398,478
3400,362
3402,569
3404,639
3406,262
3408,470
3410,765
3412,312
3414,687
3416,343
3418,613
3420,71
3422,366
3424,255
3426,429
3428,141
3430,722
3432,756
3434,613
3436,323
3438,422
3440,767
3442,739
3444,451
3446,55
3448,392
3450,637
3452,338
3454,154
3456,551
3458,661
3460,227
3462,454
3464,181
3466,429
3468,356
3470,680
3472,171
3474,659
3476,151
3478,39
3480,315
3482,505
3484,427
3486,213
3488,422
3490,128
3492,678
3494,790
3496,693
3498,508
3500,517
3502,559
3504,184
3506,274
3508,239
3510,649
3512,582
3514,436
3516,111
3518,467
3520,304
3522,542
3524,383
3526,775
3528,758
3530,137
3532,254
3534,76
3536,67
3538,81
3540,102
3542,307
3544,409
3546,683
3548,761
3550,128
3552,255
3554,771
3556,154
3558,779
3560,485
3562,219
3564,715
3566,584
3568,549
3570,501
3572,17
3574,157
3576,561
3578,292
3580,185
3582,305
3584,81
3586,2
3588,708
3590,628
3592,504
3594,470
3596,495
3598,449
3600,480
3602,342
3604,480
3606,117
3608,11
3610,40
3612,570
3614,40
3616,624
3618,388
3620,247
3622,65
3624,504
3626,200
3628,681
3630,352
3632,446
3634,526
3636,540
3638,643
3640,453
3642,348
3644,330
3646,578
3648,198
3650,766
3652,44
3654,331
3656,218
3658,662
3660,395
3662,219
3664,131
3666,704
3668,334
3670,234
3672,667
3674,180
3676,658
3678,660
3680,182
3682,268
3684,31
3686,82
3688,71
3690,590
3692,55
3694,179
3696,236
3698,345
3700,227
3702,259
3704,336
3706,514
3708,774
3710,45
3712,158
3714,188
3716,787
3718,433
3720,267
3722,511
3724,720
3726,353
3728,548
3730,707
3732,159
3734,713
3736,120
3738,789
3740,686
3742,461
3744,618
3746,551
3748,338
3750,323
3752,344
3754,230
3756,752
3758,666
3760,164
3762,81
3764,385
3766,101
3768,776
3770,737
3772,645
3774,386
3776,4
3778,539
3780,551
3782,219
3784,370
3786,300
3788,578
3790,292
3792,269
3794,316
3796,25
3798,649
3800,141
3802,789
3804,112
3806,51
3808,119
3810,14
3812,334
3814,139
3816,199
3818,670
3820,751
3822,324
3824,266
3826,223
3828,222
3830,51
3832,357
3834,660
3836,618
3838,280
3840,280
3842,100
3844,43
3846,409
3848,379
3850,105
3852,119
3854,475
3856,456
3858,255
3860,289
3862,528
3864,160
3866,510
3868,139
3870,349
3872,626
3874,61
3876,685
3878,744
3880,310
3882,790
3884,94
3886,601
3888,478
3890,466
3892,74
3894,434
3896,614
3898,287
3900,161
3902,81
3904,585
3906,444
3908,731
3910,458
3912,461
3914,110
3916,225
3918,264
3920,296
3922,148
3924,118
3926,777
3928,701
3930,46
3932,259
3934,162
3936,87
3938,109
3940,526
3942,208
3944,232
3946,407
3948,676
3950,709
3952,141
3954,347
3956,19
3958,670
3960,766
3962,45
3964,573
3966,292
3968,734
3970,329
3972,311
3974,57
3976,680
3978,318
3980,4
3982,76
3984,609
3986,54
3988,206
3990,517
3992,611
3994,223
3996,594
3998,360
4000,120
4002,378
4004,234
4006,668
4008,484
4010,91
4012,643
4014,645
4016,108
4018,82
4020,300
4022,518
4024,646
4026,251
4028,238
4030,244
4032,510
4034,186
4036,380
4038,33
4040,780
4042,470
4044,89
4046,499
4048,459
4050,608
4052,97
4054,511
4056,92
4058,563
4060,445
4062,251
4064,265
4066,80
4068,393
4070,519
4072,31
4074,377
4076,188
4078,423
4080,252
4082,8
4084,340
4086,733
4088,635
4090,769
4092,460
4094,168
4096,426
4098,402
4100,705
4102,252
4104,167
4106,152
4108,529
4110,26
4112,355
4114,158
4116,502
4118,718
4120,735
4122,641
4124,234
4126,558
4128,445
4130,604
4132,167
4134,421
4136,364
4138,383
4140,339
4142,296
4144,373
4146,220
4148,368
4150,715
4152,192
4154,79
4156,315
4158,272
4160,277
4162,617
4164,89
4166,118
4168,488
4170,711
4172,483
4174,177
4176,64
4178,103
4180,220
4182,441
4184,153
4186,56
4188,451
4190,196
4192,419
4194,108
4196,670
4198,699
4200,183
4202,615
4204,361
4206,382
4208,504
4210,406
4212,32
4214,358
4216,587
4218,139
4220,491
4222,20
4224,303
4226,5
4228,645
4230,76
4232,418
4234,169
4236,518
4238,425
4240,612
4242,33
4244,456
4246,279
4248,407
4250,189
4252,794
4254,443
4256,244
4258,306
4260,530
4262,540
4264,682
4266,387
4268,146
4270,491
4272,619
4274,691
4276,424
4278,503
4280,636
4282,243
4284,135
4286,1
4288,140
4290,164
4292,264
4294,108
4296,237
4298,335
4300,300
4302,523
4304,98
4306,265
4308,542
4310,277
4312,645
4314,568
4316,318
4318,523
4320,126
4322,653
4324,466
4326,600
4328,625
4330,232
4332,408
4334,150
4336,541
4338,271
4340,696
4342,388
4344,627
4346,694
4348,295
4350,14
4352,380
4354,208
4356,483
4358,40
4360,217
4362,519
4364,490
4366,629
4368,95
4370,584
4372,254
4374,678
4376,332
4378,232
4380,179
4382,573
4384,483
4386,741
4388,53
4390,197
4392,434
4394,515
4396,678
4398,428
4400,45
4402,252
4404,480
4406,97
4408,56
4410,259
4412,369
4414,534
4416,330
4418,49
4420,157
4422,38
4424,800
4426,245
4428,40
4430,30
4432,259
4434,778
4436,737
4438,473
4440,278
4442,92
4444,174
4446,29
4448,599
4450,479
4452,291
4454,320
4456,67
4458,248
4460,702
4462,365
4464,771
4466,290
4468,109
4470,16
4472,358
4474,235
4476,343
4478,394
4480,765
4482,691
4484,526
4486,510
4488,581
4490,563
4492,84
4494,73
4496,337
4498,579
4500,16
4502,151
4504,677
4506,699
4508,293
4510,191
4512,679
4514,485
4516,778
4518,424
4520,304
4522,98
4524,428
4526,794
4528,326
4530,227
4532,236
4534,477
4536,642
4538,713
4540,43
4542,261
4544,487
4546,715
4548,86
4550,608
4552,92
4554,766
4556,35
4558,85
4560,774
4562,600
4564,725
4566,653
4568,133
4570,201
4572,55
4574,608
4576,111
4578,276
4580,278
4582,233
4584,223
4586,9
4588,207
4590,367
4592,192
4594,332
4596,52
4598,14
4600,16
4602,242
4604,172
4606,707
4608,282
4610,170
4612,59
4614,129
4616,181
4618,98
4620,282
4622,701
4624,319
4626,274
4628,420
4630,118
4632,495
4634,510
4636,461
4638,447
4640,720
4642,653
4644,687
4646,140
4648,488
4650,208
4652,386
4654,586
4656,237
4658,136
4660,508
4662,211
4664,127
4666,489
4668,362
4670,491
4672,677
4674,656
4676,462
4678,13
4680,597
4682,473
4684,277
4686,192
4688,232
4690,792
4692,500
4694,436
4696,687
4698,66
4700,533
4702,74
4704,624
4706,690
4708,9
4710,209
4712,429
4714,21
4716,300
4718,620
4720,616
4722,673
4724,532
4726,354
4728,687
4730,706
4732,611
4734,628
4736,697
4738,20
4740,375
4742,647
4744,370
4746,583
4748,37
4750,586
4752,692
4754,238
4756,128
4758,403
4760,344
4762,398
4764,459
4766,427
4768,293
4770,525
4772,720
4774,174
4776,121
4778,86
4780,670
4782,339
4784,682
4786,517
4788,651
4790,282
4792,9
4794,390
4796,534
4798,671
4800,22
4802,36
4804,15
4806,363
4808,794
4810,615
4812,236
4814,399
4816,602
4818,136
4820,749
4822,263
4824,440
4826,89
4828,140
4830,191
4832,7
4834,345
4836,741
4838,441
4840,271
4842,766
4844,595
4846,335
4848,492
4850,21
4852,409
4854,234
4856,536
4858,550
4860,404
4862,783
4864,544
4866,701
4868,598
4870,541
4872,608
4874,763
4876,97
4878,357
4880,799
4882,178
4884,411
4886,66
4888,121
4890,138
4892,333
4894,375
4896,709
4898,376
4900,606
4902,89
4904,698
4906,764
4908,349
4910,550
4912,115
4914,153
4916,787
4918,108
4920,176
4922,366
4924,797
4926,14
4928,124
4930,317
4932,417
4934,510
4936,180
4938,739
4940,291
4942,524
4944,261
4946,368
4948,282
4950,617
4952,138
4954,722
4956,794
4958,290
4960,267
4962,269
4964,430
4966,671
4968,612
4970,733
4972,372
4974,701
4976,736
4978,738
4980,421
4982,504
4984,632
4986,457
4988,37
4990,378
4992,149
4994,583
4996,706
4998,645
5000,287
5002,293
5004,428
5006,25
5008,509
5010,162
5012,173
5014,623
5016,78
5018,565
5020,227
5022,120
5024,328
5026,293
5028,284
5030,612
5032,703
5034,692
5036,467
5038,104
5040,367
5042,495
5044,25
5046,776
5048,734
5050,738
5052,642
5054,724
5056,490
5058,682
5060,510
5062,73
5064,296
5066,718
5068,753
5070,176
5072,620
5074,199
5076,654
5078,451
5080,599
5082,494
5084,423
5086,501
5088,574
5090,317
5092,757
5094,213
5096,614
5098,40
5100,796
5102,104
5104,151
5106,472
5108,607
5110,488
5112,372
5114,90
5116,764
5118,420
5120,256
5122,370
5124,557
5126,171
5128,552
5130,167
5132,41
5134,605
5136,431
5138,248
5140,577
5142,473
5144,256
5146,7
5148,208
5150,698
5152,382
5154,605
5156,531
5158,452
5160,633
5162,166
5164,669
5166,297
5168,471
5170,489
5172,291
5174,259
5176,627
5178,220
5180,240
5182,20
5184,356
5186,63
5188,126
5190,264
5192,152
5194,370
5196,90
5198,383
5200,747
5202,540
5204,393
5206,417
5208,540
5210,436
5212,788
5214,177
5216,680
5218,400
5220,550
5222,381
5224,364
5226,63
5228,747
5230,558
5232,456
5234,574
5236,135
5238,415
5240,104
5242,123
5244,429
5246,545
5248,650
5250,326
5252,517
5254,734
5256,532
5258,739
5260,18
5262,145
5264,547
5266,108
5268,71
5270,521
5272,703
5274,307
5276,91
5278,382
5280,402
5282,710
5284,387
5286,331
5288,21
5290,144
5292,627
5294,64
5296,88
5298,201
5300,550
5302,642
5304,265
5306,349
5308,264
5310,559
5312,512
5314,763
5316,718
5318,710
5320,450
5322,690
5324,353
5326,419
5328,793
5330,127
5332,420
5334,482
5336,796
5338,507
5340,114
5342,314
5344,350
5346,104
5348,414
5350,511
5352,299
5354,654
5356,644
5358,523
5360,108
5362,129
5364,323
5366,636
5368,558
5370,263
5372,493
5374,641
5376,384
5378,702
5380,479
5382,780
5384,763
5386,549
5388,133
5390,148
5392,435
5394,249
5396,608
5398,206
5400,100
5402,45
5404,64
5406,302
5408,44
5410,293
5412,175
5414,606
5416,64
5418,281
5420,661
5422,799
5424,526
5426,439
5428,633
5430,152
5432,151
5434,309
5436,120
5438,66
5440,331
5442,84
5444,380
5446,281
5448,614
5450,271
5452,598
5454,222
5456,618
5458,746
5460,680
5462,761
5464,554
5466,16
5468,108
5470,382
5472,385
5474,722
5476,152
5478,385
5480,631
5482,573
5484,668
5486,536
5488,127
5490,376
5492,470
5494,56
5496,664
5498,475
5500,257
5502,75
5504,403
5506,555
5508,496
5510,409
5512,210
5514,750
5516,283
5518,797
5520,291
5522,43
5524,278
5526,725
5528,790
5530,566
5532,511
5534,471
5536,110
5538,558
5540,534
5542,495
5544,646
5546,147
5548,771
5550,786
5552,175
5554,783
5556,258
5558,378
5560,300
5562,552
5564,163
5566,155
5568,387
5570,349
5572,74
5574,313
5576,609
5578,531
5580,715
5582,427
5584,13
5586,460
5588,763
5590,738
5592,768
5594,452
5596,188
5598,746
5600,447
5602,75
5604,190
5606,263
5608,771
5610,309
5612,590
5614,33
5616,324
5618,340
5620,73
5622,157
5624,181
5626,605
5628,691
5630,114
5632,569
5634,580
5636,598
5638,600
5640,496
5642,729
5644,306
5646,183
5648,359
5650,549
5652,329
5654,255
5656,200
5658,7
5660,242
5662,615
5664,377
5666,648
5668,637
5670,499
5672,564
5674,457
5676,453
5678,20
5680,323
5682,5
5684,462
5686,697
5688,472
5690,28
5692,730
5694,757
5696,285
5698,528
5700,257
5702,635
5704,370
5706,535
5708,449
5710,785
5712,529
5714,432
5716,530
5718,92
5720,392
5722,304
5724,510
5726,295
5728,85
5730,136
5732,607
5734,98
5736,359
5738,106
5740,391
5742,574
5744,323
5746,449
5748,261
5750,218
5752,722
5754,11
5756,254
5758,757
5760,686
5762,330
5764,621
5766,38
5768,524
5770,135
5772,612
5774,725
5776,352
5778,139
5780,192
5782,382
5784,666
5786,116
5788,310
5790,190
5792,620
5794,473
5796,420
5798,34
5800,152
5802,292
5804,133
5806,233
5808,586
5810,496
5812,218
5814,703
5816,389
5818,605
5820,361
5822,140
5824,486
5826,665
5828,703
5830,391
5832,26
5834,622
5836,30
5838,193
5840,97
5842,549
5844,739
5846,322
5848,600
5850,287
5852,185
5854,462
5856,555
5858,257
5860,152
5862,369
5864,280
5866,390
5868,95
5870,270
5872,589
5874,563
5876,412
5878,549
5880,377
5882,382
5884,323
5886,753
5888,727
5890,244
5892,33
5894,735
5896,704
5898,106
5900,404
5902,401
5904,478
5906,524
5908,507
5910,526
5912,57
5914,284
5916,646
5918,13
5920,39
5922,335
5924,404
5926,648
5928,706
5930,726
5932,185
5934,120
5936,732
5938,694
5940,267
5942,224
5944,766
5946,299
5948,426
5950,541
5952,130
5954,699
5956,327
5958,470
5960,125
5962,432
5964,793
5966,713
5968,459
5970,650
5972,468
5974,773
5976,215
5978,570
5980,315
5982,453
5984,255
5986,794
5988,75
5990,503
5992,497
5994,590
5996,386
5998,205
6000,248
6002,401
6004,382
6006,109
6008,341
6010,565
6012,217
6014,28
6016,255
6018,470
6020,156
6022,58
6024,778
6026,488
6028,707
6030,768
6032,65
6034,776
6036,547
6038,361
6040,3
6042,362
6044,674
6046,684
6048,680
6050,550
6052,726
6054,451
6056,711
6058,450
6060,760
6062,162
6064,105
6066,302
6068,539
6070,155
6072,331
6074,97
6076,147
6078,185
6080,460
6082,93
6084,215
6086,324
6088,257
6090,126
6092,205
6094,405
6096,187
6098,150
6100,142
6102,257
6104,730
6106,398
6108,607
6110,470
6112,538
6114,333
6116,752
6118,498
6120,273
6122,365
6124,37
6126,465
6128,517
6130,761
6132,330
6134,533
6136,335
6138,192
6140,219
6142,513
6144,252
6146,491
6148,793
6150,354
6152,42
6154,266
6156,187
6158,589
6160,188
6162,157
6164,444
6166,646
6168,519
6170,296
6172,743
6174,214
6176,463
6178,277
6180,154
6182,538
6184,63
6186,199
6188,11
6190,253
6192,249
6194,721
6196,776
6198,80
6200,56
6202,381
6204,427
6206,513
6208,250
6210,658
6212,244
6214,399
6216,83
6218,16
6220,491
6222,542
6224,513
6226,62
6228,557
6230,284
6232,137
6234,119
6236,6
6238,135
6240,348
6242,110
6244,705
6246,153
6248,794
6250,31
6252,535
6254,158
6256,127
6258,750
6260,544
6262,557
6264,434
6266,101
6268,606
6270,565
6272,140
6274,350
6276,53
6278,174
6280,777
6282,383
6284,583
6286,660
6288,692
6290,141
6292,215
6294,48
6296,228
6298,541
6300,351
6302,445
6304,609
6306,340
6308,722
6310,216
6312,297
6314,774
6316,315
6318,525
6320,339
6322,670
6324,365
6326,694
6328,177
6330,553
6332,472
6334,605
6336,31
6338,574
6340,510
6342,559
6344,357
6346,187
6348,458
6350,45
6352,751
6354,226
6356,304
6358,284
6360,347
6362,7
6364,517
6366,120
6368,437
6370,443
6372,433
6374,689
6376,599
6378,182
6380,304
6382,643
6384,348
6386,604
6388,460
6390,45
6392,492
6394,366
6396,669
6398,596
6400,412
6402,275
6404,576
6406,699
6408,467
6410,172
6412,127
6414,629
6416,417
6418,39
6420,383
6422,763
6424,589
6426,96
6428,366
6430,681
6432,259
6434,454
6436,349
6438,226
6440,10
6442,270
6444,100
6446,570
6448,597
6450,611
6452,554
6454,634
6456,420
6458,261
6460,16
6462,408
6464,710
6466,422
6468,353
6470,107
6472,751
6474,123
6476,119
6478,300
6480,123
6482,533
6484,398
6486,29
6488,221
6490,688
6492,629
6494,566
6496,393
6498,352
6500,633
6502,773
6504,600
6506,520
6508,134
6510,754
6512,415
6514,520
6516,96
6518,10
6520,365
6522,716
6524,144
6526,693
6528,448
6530,302
6532,555
6534,163
6536,28
6538,176
6540,571
6542,628
6544,622
6546,627
6548,207
6550,549
6552,518
6554,123
6556,454
6558,108
6560,705
6562,451
6564,667
6566,370
6568,686
6570,99
6572,70
6574,268
6576,124
6578,775
6580,282
6582,497
6584,228
6586,626
6588,748
6590,760
6592,601
6594,404
6596,578
6598,215
6600,82
6602,732
6604,521
6606,390
6608,384
6610,548
6612,96
6614,465
6616,590
6618,366
6620,744
6622,311
6624,466
6626,386
6628,426
6630,548
6632,310
6634,273
6636,599
6638,25
6640,150
6642,271
6644,670
6646,243
6648,138
6650,167
6652,629
6654,648
6656,351
6658,706
6660,766
6662,280
6664,34
6666,173
6668,610
6670,495
6672,413
6674,567
6676,703
6678,743
6680,617
6682,372
6684,506
6686,222
6688,11
6690,703
6692,444
6694,336
6696,522
6698,616
6700,631
6702,612
6704,322
6706,790
6708,3
6710,472
6712,585
6714,661
6716,537
6718,211
6720,447
6722,768
6724,86
6726,745
6728,534
6730,772
6732,367
6734,312
6736,446
6738,738
6740,730
6742,529
6744,482
6746,45
6748,596
6750,114
6752,192
6754,646
6756,384
6758,54
6760,465
6762,228
6764,292
6766,312
6768,190
6770,442
6772,428
6774,135
6776,349
6778,639
6780,618
6782,781
6784,361
6786,17
6788,390
6790,669
6792,138
6794,405
6796,510
6798,596
6800,166
6802,36
6804,471
6806,691
6808,198
6810,408
6812,459
6814,54
6816,441
6818,148
6820,209
6822,522
6824,253
6826,744
6828,114
6830,531
6832,321
6834,101
6836,712
6838,360
6840,238
6842,103
6844,455
6846,654
6848,445
6850,636
6852,494
6854,279
6856,689
6858,471
6860,641
6862,211
6864,605
6866,494
6868,726
6870,380
6872,548
6874,759
6876,680
6878,283
6880,219
6882,415
6884,750
6886,55
6888,55
6890,750
6892,438
6894,224
6896,612
6898,446
6900,67
6902,304
6904,613
6906,189
6908,117
6910,361
6912,289
6914,253
6916,38
6918,477
6920,101
6922,399
6924,333
6926,257
6928,153
6930,346
6932,322
6934,171
6936,707
6938,38
6940,123
6942,191
6944,680
6946,717
6948,478
6950,463
6952,176
6954,796
6956,200
6958,118
6960,399
6962,797
6964,567
6966,402
6968,727
6970,632
6972,601
6974,146
6976,475
6978,27
6980,364
6982,137
6984,542
6986,361
6988,435
6990,396
6992,365
6994,158
6996,232
6998,622
7000,84
7002,791
7004,478
7006,694
7008,127
7010,176
7012,470
7014,460
7016,541
7018,610
7020,731
7022,742
7024,357
7026,555
7028,165
7030,219
7032,650
7034,630
7036,477
7038,40
7040,536
7042,140
7044,777
7046,6
7048,14
7050,192
7052,558
7054,181
7056,766
7058,374
7060,697
7062,219
7064,348
7066,531
7068,605
7070,407
7072,65
7074,555
7076,781
7078,454
7080,375
7082,507
7084,147
7086,651
7088,614
7090,37
7092,316
7094,501
7096,207
7098,702
7100,732
7102,136
7104,317
7106,282
7108,623
7110,408
7112,135
7114,95
7116,774
7118,574
7120,261
7122,648
7124,142
7126,730
7128,462
7130,103
7132,680
7134,22
7136,262
7138,443
7140,212
7142,354
7144,486
7146,608
7148,749
7150,449
7152,654
7154,721
7156,198
7158,625
7160,507
7162,759
7164,214
7166,269
7168,722
7170,340
7172,754
7174,739
7176,525
7178,760
7180,310
7182,79
7184,341
7186,186
7188,697
7190,753
7192,712
7194,246
7196,136
7198,483
7200,404
7202,48
7204,282
7206,773
7208,147
7210,251
7212,614
7214,621
7216,225
7218,75
7220,724
7222,250
7224,75
7226,760
7228,80
7230,686
7232,683
7234,489
7236,396
7238,773
7240,580
7242,474
7244,440
7246,666
7248,488
7250,681
7252,320
7254,671
7256,545
7258,758
7260,612
7262,562
7264,352
7266,582
7268,594
7270,421
7272,578
7274,1
7276,587
7278,351
7280,447
7282,203
7284,772
7286,369
7288,785
7290,782
7292,435
7294,528
7296,708
7298,675
7300,621
7302,560
7304,664
7306,438
7308,382
7310,294
7312,185
7314,658
7316,308
7318,599
7320,597
7322,657
7324,294
7326,236
7328,603
7330,649
7332,8
7334,112
7336,628
7338,670
7340,284
7342,556
7344,317
7346,681
7348,794
7350,556
7352,392
7354,475
7356,383
7358,500
7360,242
7362,308
7364,20
7366,529
7368,281
7370,676
7372,594
7374,39
7376,322
7378,402
7380,227
7382,135
7384,123
7386,147
7388,461
7390,258
7392,539
7394,38
7396,408
7398,564
7400,656
7402,125
7404,676
7406,705
7408,619
7410,393
7412,244
7414,422
7416,463
7418,336
7420,665
7422,151
7424,23
7426,550
7428,163
7430,185
7432,465
7434,150
7436,665
7438,222
7440,2
7442,706
7444,224
7446,714
7448,236
7450,377
7452,229
7454,340
7456,93
7458,503
7460,273
7462,398
7464,214
7466,702
7468,492
7470,647
7472,27
7474,373
7476,794
7478,463
7480,109
7482,762
7484,108
7486,147
7488,639
7490,399
7492,79
7494,215
7496,760
7498,275
7500,609
7502,729
7504,749
7506,203
7508,347
7510,155
7512,131
7514,211
7516,298
7518,723
7520,799
7522,360
7524,445
7526,739
7528,731
7530,20
7532,10
7534,240
7536,216
7538,440
7540,151
7542,710
7544,321
7546,519
7548,268
7550,748
7552,486
7554,182
7556,518
7558,783
7560,397
7562,629
7564,765
7566,742
7568,515
7570,108
7572,70
7574,214
7576,722
7578,384
7580,491
7582,755
7584,654
7586,469
7588,501
7590,417
7592,391
7594,397
7596,250
7598,771
7600,768
7602,36
7604,482
7606,381
7608,496
7610,205
7612,676
7614,485
7616,325
7618,441
7620,424
7622,37
7624,484
7626,470
7628,286
7630,262
7632,686
7634,354
7636,407
7638,735
7640,475
7642,670
7644,705
7646,67
7648,370
7650,25
7652,121
7654,170
7656,417
7658,59
7660,773
7662,188
7664,675
7666,71
7668,230
7670,131
7672,771
7674,311
7676,678
7678,632
7680,37
7682,222
7684,5
7686,4
7688,782
7690,445
7692,636
7694,238
7696,492
7698,731
7700,634
7702,398
7704,233
7706,444
7708,451
7710,748
7712,237
7714,547
7716,655
7718,642
7720,355
7722,554
7724,70
7726,519
7728,54
7730,150
7732,533
7734,506
7736,559
7738,285
7740,685
7742,288
7744,382
7746,362
7748,799
7750,694
7752,689
7754,509
7756,485
7758,487
7760,409
7762,625
7764,7
7766,73
7768,259
7770,245
7772,199
7774,123
7776,375
7778,465
7780,500
7782,584
7784,752
7786,767
7788,161
7790,303
7792,446
7794,23
7796,645
7798,588
7800,476
7802,199
7804,417
7806,445
7808,155
7810,579
7812,349
7814,800
7816,424
7818,431
7820,401
7822,225
7824,172
7826,554
7828,484
7830,770
7832,656
7834,340
7836,526
7838,523
7840,394
7842,306
7844,260
7846,56
7848,442
7850,734
7852,189
7854,16
7856,529
7858,414
7860,758
7862,50
7864,474
7866,205
7868,541
7870,271
7872,745
7874,761
7876,666
7878,199
7880,5
7882,513
7884,548
7886,392
7888,176
7890,711
7892,43
7894,188
7896,409
7898,285
7900,657
7902,68
7904,49
7906,88
7908,122
7910,628
7912,425
7914,51
7916,610
7918,491
7920,19
7922,65
7924,215
7926,607
7928,576
7930,206
7932,524
7934,781
7936,489
7938,51
7940,106
7942,254
7944,34
7946,103
7948,177
7950,575
7952,689
7954,495
7956,600
7958,668
7960,611
7962,293
7964,410
7966,438
7968,99
7970,103
7972,625
7974,179
7976,749
7978,494
7980,394
7982,752
7984,584
7986,171
7988,735
7990,464
7992,205
7994,512
7996,674
7998,715
8000,430
