620
0,17,1
1,33,795
2,49,753
3,65,600
4,81,758
5,97,327
6,113,316
7,130,115
8,146,323
9,162,399
10,178,55
11,194,95
12,210,254
13,226,258
14,242,785
15,259,45
16,275,106
17,291,447
18,307,297
19,323,329
20,339,213
21,355,583
22,371,331
23,388,628
24,404,681
25,420,227
26,436,714
27,452,514
28,468,264
29,484,775
30,500,653
31,517,713
32,533,657
33,549,592
34,565,373
35,581,103
36,597,55
37,613,163
38,630,693
39,646,258
40,662,114
41,678,747
42,694,161
43,710,710
44,726,28
45,742,238
46,759,233
47,775,475
48,791,587
49,807,299
50,823,651
51,839,414
52,855,274
53,871,289
54,888,504
55,904,247
56,920,292
57,936,341
58,952,155
59,968,268
60,984,241
61,1000,228
62,1017,612
63,1033,745
64,1049,244
65,1065,751
66,1081,669
67,1097,655
68,1113,625
69,1130,711
70,1146,774
71,1162,779
72,1178,321
73,1194,686
74,1210,4
75,1226,516
76,1242,222
77,1259,396
78,1275,375
79,1291,799
80,1307,529
81,1323,644
82,1339,618
83,1355,662
84,1371,674
85,1388,56
86,1404,644
87,1420,91
88,1436,526
89,1452,680
90,1468,243
91,1484,627
92,1501,275
93,1517,191
94,1533,360
95,1549,683
96,1565,244
97,1581,742
98,1597,11
99,1613,263
100,1630,579
101,1646,636
102,1662,379
103,1678,490
104,1694,678
105,1710,523
106,1726,389
107,1742,722
108,1759,178
109,1775,442
110,1791,196
111,1807,35
112,1823,82
113,1839,382
114,1855,219
115,1871,440
116,1888,589
117,1904,499
118,1920,342
119,1936,65
120,1952,240
121,1968,347
122,1984,768
123,2001,372
124,2017,607
125,2033,390
126,2049,613
127,2065,396
128,2081,41
129,2097,734
130,2113,93
131,2130,76
132,2146,482
133,2162,346
134,2178,348
135,2194,110
136,2210,247
137,2226,206
138,2242,24
139,2259,108
140,2275,674
141,2291,180
142,2307,736
143,2323,237
144,2339,263
145,2355,13
146,2371,262
147,2388,723
148,2404,124
149,2420,90
150,2436,591
151,2452,648
152,2468,9
153,2484,214
154,2501,709
155,2517,735
156,2533,13
157,2549,392
158,2565,351
159,2581,684
160,2597,104
161,2613,248
162,2630,512
163,2646,558
164,2662,756
165,2678,674
166,2694,555
167,2710,456
168,2726,248
169,2742,436
170,2759,148
171,2775,43
172,2791,173
173,2807,642
174,2823,354
175,2839,740
176,2855,633
177,2871,395
178,2888,235
179,2904,356
180,2920,213
181,2936,342
182,2952,298
183,2968,393
184,2984,254
185,3000,133
186,3017,580
187,3033,124
188,3049,157
189,3065,27
190,3081,175
191,3097,24
192,3113,556
193,3130,215
194,3146,765
195,3162,256
196,3178,73
197,3194,160
198,3210,520
199,3226,38
200,3242,682
201,3259,766
202,3275,580
203,3291,99
204,3307,75
205,3323,619
206,3339,586
207,3355,599
208,3371,372
209,3388,98
210,3404,389
211,3420,531
212,3436,323
213,3452,792
214,3468,200
215,3484,19
216,3500,364
217,3517,339
218,3533,160
219,3549,235
220,3565,538
221,3581,27
222,3597,276
223,3613,314
224,3630,753
225,3646,437
226,3662,33
227,3678,370
228,3694,367
229,3710,532
230,3726,222
231,3742,56
232,3759,359
233,3775,314
234,3791,747
235,3807,278
236,3823,567
237,3839,592
238,3855,216
239,3871,440
240,3888,357
241,3904,166
242,3920,30
243,3936,650
244,3952,350
245,3968,582
246,3984,573
247,4000,303
248,4017,425
249,4033,661
250,4049,438
251,4065,378
252,4081,44
253,4097,456
254,4113,195
255,4130,17
256,4146,661
257,4162,439
258,4178,367
259,4194,723
260,4210,24
261,4226,391
262,4242,315
263,4259,792
264,4275,322
265,4291,271
266,4307,132
267,4323,227
268,4339,676
269,4355,466
270,4371,734
271,4388,501
272,4404,634
273,4420,271
274,4436,6
275,4452,798
276,4468,324
277,4484,242
278,4500,749
279,4517,180
280,4533,742
281,4549,724
282,4565,146
283,4581,792
284,4597,301
285,4613,142
286,4630,386
287,4646,308
288,4662,28
289,4678,527
290,4694,484
291,4710,730
292,4726,91
293,4742,291
294,4759,138
295,4775,604
296,4791,272
297,4807,202
298,4823,503
299,4839,259
300,4855,116
301,4871,698
302,4888,1
303,4904,476
304,4920,499
305,4936,669
306,4952,594
307,4968,412
308,4984,308
309,5000,468
310,5017,427
311,5033,633
312,5049,771
313,5065,361
314,5081,500
315,5097,570
316,5113,427
317,5130,308
318,5146,782
319,5162,213
320,5178,163
321,5194,648
322,5210,145
323,5226,568
324,5242,273
325,5259,19
326,5275,728
327,5291,725
328,5307,797
329,5323,157
330,5339,358
331,5355,173
332,5371,543
333,5388,435
334,5404,512
335,5420,362
336,5436,369
337,5452,360
338,5468,392
339,5484,351
340,5500,497
341,5517,310
342,5533,388
343,5549,790
344,5565,638
345,5581,218
346,5597,540
347,5613,570
348,5630,778
349,5646,405
350,5662,358
351,5678,760
352,5694,311
353,5710,244
354,5726,754
355,5742,145
356,5759,732
357,5775,80
358,5791,37
359,5807,653
360,5823,195
361,5839,579
362,5855,762
363,5871,671
364,5888,602
365,5904,642
366,5920,260
367,5936,703
368,5952,660
369,5968,243
370,5984,203
371,6000,366
372,6017,723
373,6033,350
374,6049,208
375,6065,618
376,6081,470
377,6097,160
378,6113,665
379,6130,145
380,6146,501
381,6162,545
382,6178,90
383,6194,519
384,6210,628
385,6226,710
386,6242,537
387,6259,670
388,6275,93
389,6291,180
390,6307,343
391,6323,145
392,6339,301
393,6355,8
394,6371,181
395,6388,182
396,6404,780
397,6420,234
398,6436,597
399,6452,633
400,6468,61
401,6484,74
402,6500,725
403,6517,765
404,6533,153
405,6549,487
406,6565,170
407,6581,616
408,6597,715
409,6613,280
410,6630,770
411,6646,453
412,6662,85
413,6678,132
414,6694,523
415,6710,149
416,6726,557
417,6742,51
418,6759,336
419,6775,21
420,6791,40
421,6807,305
422,6823,662
423,6839,616
424,6855,513
425,6871,191
426,6888,728
427,6904,677
428,6920,458
429,6936,411
430,6952,701
431,6968,122
432,6984,414
433,7000,420
434,7017,441
435,7033,289
436,7049,388
437,7065,314
438,7081,177
439,7097,112
440,7113,276
441,7130,505
442,7146,190
443,7162,783
444,7178,114
445,7194,691
446,7210,332
447,7226,742
448,7242,606
449,7259,540
450,7275,796
451,7291,318
452,7307,519
453,7323,405
454,7339,564
455,7355,332
456,7371,15
457,7388,186
458,7404,194
459,7420,90
460,7436,757
461,7452,386
462,7468,237
463,7484,18
464,7500,585
465,7517,24
466,7533,104
467,7549,578
468,7565,769
469,7581,507
470,7597,467
471,7613,555
472,7630,430
473,7646,402
474,7662,234
475,7678,671
476,7694,212
477,7710,108
478,7726,687
479,7742,766
480,7759,318
481,7775,572
482,7791,551
483,7807,488
484,7823,739
485,7839,272
486,7855,184
487,7871,199
488,7888,209
489,7904,273
490,7920,289
491,7936,139
492,7952,394
493,7968,521
494,7984,618
495,8000,696
496,8017,142
497,8033,550
498,8049,227
499,8065,441
500,8081,273
501,8097,401
502,8113,126
503,8130,212
504,8146,154
505,8162,787
506,8178,525
507,8194,621
508,8210,599
509,8226,653
510,8242,214
511,8259,411
512,8275,455
513,8291,325
514,8307,217
515,8323,239
516,8339,370
517,8355,430
518,8371,437
519,8388,168
520,8404,133
521,8420,456
522,8436,682
523,8452,745
524,8468,530
525,8484,55
526,8500,75
527,8517,99
528,8533,31
529,8549,353
530,8565,375
531,8581,725
532,8597,416
533,8613,574
534,8630,602
535,8646,262
536,8662,457
537,8678,732
538,8694,335
539,8710,625
540,8726,641
541,8742,417
542,8759,560
543,8775,535
544,8791,566
545,8807,416
546,8823,175
547,8839,225
548,8855,149
549,8871,11
550,8888,230
551,8904,618
552,8920,92
553,8936,774
554,8952,436
555,8968,251
556,8984,221
557,9000,639
558,9017,112
559,9033,783
560,9049,251
561,9065,424
562,9081,243
563,9097,585
564,9113,353
565,9130,31
566,9146,615
567,9162,688
568,9178,97
569,9194,370
570,9210,130
571,9226,481
572,9242,797
573,9259,146
574,9275,156
575,9291,204
576,9307,769
577,9323,755
578,9339,162
579,9355,20
580,9371,277
581,9388,435
582,9404,276
583,9420,761
584,9436,684
585,9452,207
586,9468,450
587,9484,639
588,9500,69
589,9517,468
590,9533,176
591,9549,363
592,9565,129
593,9581,157
594,9597,157
595,9613,356
596,9630,181
597,9646,784
598,9662,73
599,9678,375
600,9694,314
601,9710,703
602,9726,99
603,9742,313
604,9759,775
605,9775,666
606,9791,178
607,9807,41
608,9823,521
609,9839,404
610,9855,660
611,9871,284
612,9888,617
613,9904,501
614,9920,706
615,9936,429
616,9952,421
617,9968,582
618,9984,494
619,10000,156
