10000
1,38
2,425
3,17
4,764
5,609
6,735
7,186
8,373
9,68
10,401
11,618
12,475
13,564
14,149
15,345
16,280
17,766
18,552
19,160
20,267
21,152
22,237
23,676
24,567
25,633
26,570
27,140
28,678
29,250
30,644
31,170
32,607
33,53
34,521
35,643
36,524
37,385
38,233
39,729
40,663
41,199
42,454
43,744
44,390
45,31
46,519
47,724
48,324
49,82
50,175
51,363
52,789
53,515
54,625
55,405
56,700
57,148
58,182
59,613
60,247
61,441
62,506
63,698
64,170
65,192
66,188
67,685
68,394
69,106
70,531
71,330
72,20
73,404
74,651
75,697
76,503
77,209
78,152
79,424
80,558
81,113
82,114
83,163
84,166
85,341
86,176
87,301
88,465
89,247
90,580
91,322
92,159
93,549
94,550
95,434
96,344
97,467
98,536
99,353
100,567
101,653
102,174
103,696
104,432
105,601
106,243
107,130
108,232
109,227
110,669
111,632
112,251
113,134
114,100
115,759
116,188
117,716
118,197
119,710
120,151
121,177
122,309
123,722
124,359
125,187
126,470
127,483
128,119
129,481
130,645
131,88
132,572
133,210
134,640
135,201
136,216
137,294
138,159
139,619
140,355
141,545
142,13
143,620
144,6
145,62
146,17
147,218
148,191
149,745
150,473
151,748
152,150
153,351
154,102
155,348
156,692
157,746
158,556
159,660
160,723
161,182
162,183
163,487
164,350
165,752
166,481
167,735
168,617
169,381
170,678
171,229
172,740
173,91
174,44
175,44
176,214
177,122
178,623
179,296
180,240
181,542
182,305
183,41
184,65
185,657
186,252
187,289
188,730
189,624
190,184
191,686
192,573
193,33
194,624
195,24
196,733
197,327
198,62
199,351
200,618
201,368
202,96
203,289
204,672
205,792
206,725
207,641
208,506
209,699
210,461
211,665
212,506
213,412
214,559
215,680
216,406
217,568
218,571
219,260
220,603
221,264
222,506
223,789
224,30
225,561
226,262
227,174
228,125
229,744
230,103
231,513
232,737
233,575
234,787
235,366
236,184
237,316
238,118
239,128
240,212
241,6
242,179
243,534
244,46
245,238
246,297
247,564
248,502
249,253
250,563
251,472
252,429
253,189
254,141
255,97
256,753
257,526
258,629
259,333
260,179
261,257
262,424
263,744
264,636
265,547
266,274
267,636
268,783
269,201
270,175
271,698
272,609
273,738
274,646
275,467
276,579
277,665
278,28
279,551
280,600
281,288
282,588
283,510
284,738
285,37
286,668
287,43
288,453
289,76
290,309
291,144
292,479
293,47
294,481
295,672
296,123
297,65
298,95
299,459
300,782
301,594
302,726
303,116
304,178
305,137
306,468
307,415
308,69
309,486
310,343
311,602
312,169
313,763
314,27
315,800
316,705
317,197
318,318
319,752
320,644
321,109
322,159
323,417
324,612
325,514
326,111
327,678
328,357
329,359
330,467
331,348
332,427
333,782
334,73
335,623
336,458
337,248
338,105
339,329
340,101
341,626
342,760
343,130
344,408
345,596
346,450
347,285
348,580
349,441
350,664
351,50
352,202
353,234
354,719
355,252
356,55
357,156
358,473
359,346
360,450
361,712
362,754
363,143
364,26
365,734
366,583
367,426
368,98
369,782
370,585
371,190
372,661
373,328
374,364
375,151
376,545
377,241
378,183
379,699
380,313
381,365
382,712
383,653
384,315
385,129
386,635
387,764
388,650
389,258
390,388
391,308
392,672
393,75
394,136
395,588
396,678
397,428
398,75
399,600
400,314
401,175
402,22
403,227
404,716
405,738
406,248
407,26
408,742
409,597
410,273
411,634
412,784
413,17
414,793
415,769
416,39
417,302
418,72
419,204
420,481
421,174
422,82
423,292
424,256
425,475
426,68
427,295
428,403
429,194
430,215
431,186
432,141
433,48
434,736
435,542
436,590
437,692
438,554
439,13
440,402
441,522
442,255
443,220
444,435
445,737
446,255
447,96
448,50
449,654
450,329
451,481
452,757
453,14
454,325
455,573
456,199
457,226
458,556
459,126
460,71
461,441
462,706
463,286
464,685
465,269
466,562
467,132
468,545
469,697
470,118
471,13
472,671
473,139
474,517
475,390
476,95
477,591
478,155
479,415
480,201
481,32
482,459
483,284
484,89
485,331
486,175
487,415
488,670
489,138
490,616
491,557
492,728
493,799
494,80
495,363
496,781
497,609
498,372
499,111
500,361
501,719
502,306
503,116
504,739
505,348
506,71
507,760
508,11
509,407
510,547
511,794
512,470
513,799
514,482
515,408
516,169
517,402
518,521
519,723
520,210
521,330
522,542
523,59
524,328
525,253
526,689
527,337
528,44
529,208
530,590
531,733
532,710
533,568
534,261
535,554
536,749
537,138
538,113
539,97
540,275
541,408
542,379
543,182
544,522
545,785
546,4
547,474
548,448
549,715
550,617
551,489
552,738
553,437
554,375
555,65
556,261
557,674
558,296
559,486
560,524
561,429
562,309
563,218
564,743
565,484
566,338
567,242
568,98
569,493
570,594
571,191
572,656
573,248
574,777
575,206
576,257
577,653
578,234
579,652
580,216
581,56
582,432
583,640
584,755
585,21
586,168
587,542
588,80
589,157
590,666
591,736
592,559
593,723
594,605
595,167
596,660
597,319
598,153
599,330
600,741
601,506
602,184
603,333
604,628
605,50
606,545
607,171
608,566
609,256
610,595
611,384
612,82
613,792
614,786
615,86
616,745
617,783
618,452
619,569
620,435
621,159
622,361
623,170
624,31
625,287
626,55
627,793
628,495
629,524
630,16
631,748
632,295
633,87
634,441
635,782
636,394
637,34
638,648
639,256
640,282
641,800
642,347
643,507
644,448
645,755
646,493
647,766
648,785
649,169
650,501
651,704
652,596
653,29
654,527
655,714
656,217
657,724
658,55
659,337
660,693
661,138
662,182
663,158
664,544
665,473
666,574
667,40
668,524
669,363
670,110
671,113
672,541
673,800
674,400
675,775
676,197
677,532
678,105
679,97
680,742
681,385
682,1
683,762
684,185
685,545
686,487
687,643
688,645
689,105
690,733
691,297
692,489
693,564
694,282
695,97
696,141
697,140
698,413
699,324
700,176
701,366
702,103
703,63
704,527
705,247
706,531
707,782
708,360
709,545
710,247
711,424
712,681
713,4
714,117
715,182
716,304
717,451
718,732
719,275
720,148
721,25
722,269
723,444
724,487
725,764
726,572
727,525
728,314
729,512
730,372
731,440
732,329
733,384
734,235
735,96
736,634
737,158
738,800
739,284
740,8
741,738
742,166
743,262
744,670
745,179
746,754
747,204
748,64
749,390
750,514
751,669
752,516
753,69
754,9
755,450
756,637
757,637
758,173
759,376
760,369
761,671
762,17
763,56
764,8
765,596
766,649
767,666
768,213
769,748
770,768
771,522
772,318
773,464
774,465
775,150
776,777
777,649
778,432
779,640
780,517
781,640
782,436
783,124
784,751
785,468
786,181
787,107
788,18
789,609
790,310
791,703
792,593
793,268
794,33
795,170
796,720
797,62
798,306
799,488
800,330
801,579
802,511
803,147
804,63
805,166
806,451
807,692
808,485
809,752
810,343
811,47
812,778
813,649
814,443
815,474
816,322
817,158
818,613
819,552
820,13
821,614
822,555
823,27
824,560
825,230
826,391
827,591
828,676
829,753
830,284
831,142
832,320
833,729
834,239
835,138
836,82
837,67
838,472
839,10
840,684
841,635
842,625
843,98
844,762
845,370
846,416
847,790
848,218
849,646
850,50
851,90
852,491
853,84
854,69
855,283
856,32
857,476
858,311
859,1
860,422
861,588
862,63
863,262
864,140
865,347
866,109
867,129
868,767
869,651
870,462
871,192
872,285
873,265
874,24
875,557
876,104
877,197
878,160
879,73
880,201
881,465
882,468
883,613
884,182
885,527
886,641
887,169
888,66
889,222
890,31
891,239
892,670
893,269
894,420
895,741
896,520
897,414
898,245
899,529
900,534
901,152
902,277
903,333
904,217
905,235
906,563
907,53
908,498
909,299
910,396
911,153
912,261
913,235
914,392
915,627
916,461
917,322
918,332
919,694
920,315
921,93
922,376
923,364
924,324
925,716
926,121
927,123
928,123
929,505
930,153
931,45
932,108
933,235
934,243
935,190
936,433
937,379
938,406
939,246
940,218
941,155
942,755
943,789
944,669
945,724
946,412
947,472
948,522
949,95
950,116
951,524
952,535
953,434
954,116
955,534
956,310
957,701
958,10
959,5
960,94
961,548
962,736
963,606
964,598
965,685
966,292
967,27
968,316
969,181
970,527
971,607
972,49
973,692
974,368
975,565
976,634
977,309
978,101
979,546
980,760
981,308
982,320
983,331
984,686
985,619
986,743
987,475
988,406
989,288
990,100
991,31
992,16
993,383
994,114
995,485
996,180
997,689
998,107
999,661
1000,82
1001,181
1002,373
1003,588
1004,617
1005,214
1006,256
1007,386
1008,350
1009,635
1010,727
1011,528
1012,749
1013,646
1014,467
1015,140
1016,437
1017,160
1018,230
1019,557
1020,269
1021,460
1022,68
1023,293
1024,462
1025,324
1026,35
1027,421
1028,572
1029,324
1030,259
1031,512
1032,779
1033,394
1034,134
1035,393
1036,720
1037,147
1038,324
1039,779
1040,60
1041,475
1042,174
1043,398
1044,621
1045,398
1046,116
1047,78
1048,472
1049,22
1050,598
1051,662
1052,667
1053,562
1054,744
1055,726
1056,152
1057,318
1058,498
1059,341
1060,114
1061,639
1062,357
1063,50
1064,500
1065,509
1066,8
1067,352
1068,651
1069,562
1070,548
1071,187
1072,98
1073,190
1074,57
1075,61
1076,244
1077,645
1078,704
1079,520
1080,790
1081,127
1082,488
1083,61
1084,103
1085,732
1086,202
1087,708
1088,504
1089,106
1090,162
1091,286
1092,647
1093,743
1094,577
1095,42
1096,379
1097,309
1098,466
1099,495
1100,131
1101,721
1102,772
1103,671
1104,355
1105,791
1106,238
1107,773
1108,203
1109,246
1110,388
1111,36
1112,12
1113,267
1114,720
1115,686
1116,448
1117,536
1118,452
1119,455
1120,791
1121,382
1122,170
1123,731
1124,193
1125,690
1126,216
1127,800
1128,397
1129,274
1130,321
1131,323
1132,438
1133,605
1134,697
1135,204
1136,724
1137,796
1138,741
1139,359
1140,577
1141,20
1142,286
1143,742
1144,483
1145,415
1146,465
1147,200
1148,769
1149,205
1150,733
1151,221
1152,691
1153,156
1154,158
1155,706
1156,233
1157,561
1158,424
1159,29
1160,190
1161,797
1162,593
1163,379
1164,336
1165,253
1166,70
1167,370
1168,157
1169,493
1170,672
1171,637
1172,719
1173,734
1174,517
1175,245
1176,777
1177,434
1178,8
1179,471
1180,156
1181,469
1182,600
1183,495
1184,644
1185,709
1186,80
1187,123
1188,387
1189,553
1190,751
1191,473
1192,48
1193,789
1194,574
1195,26
1196,199
1197,96
1198,681
1199,660
1200,719
1201,800
1202,532
1203,642
1204,33
1205,484
1206,446
1207,589
1208,401
1209,788
1210,516
1211,247
1212,755
1213,194
1214,20
1215,798
1216,4
1217,158
1218,615
1219,696
1220,489
1221,462
1222,684
1223,167
1224,519
1225,493
1226,498
1227,213
1228,748
1229,692
1230,546
1231,175
1232,643
1233,723
1234,735
1235,447
1236,555
1237,287
1238,721
1239,608
1240,697
1241,250
1242,4
1243,24
1244,591
1245,613
1246,463
1247,279
1248,195
1249,214
1250,589
1251,663
1252,471
1253,170
1254,593
1255,479
1256,617
1257,492
1258,402
1259,54
1260,375
1261,260
1262,309
1263,316
1264,381
1265,617
1266,325
1267,386
1268,132
1269,260
1270,717
1271,470
1272,351
1273,215
1274,702
1275,725
1276,204
1277,166
1278,590
1279,119
1280,61
1281,343
1282,193
1283,110
1284,440
1285,325
1286,470
1287,763
1288,221
1289,119
1290,800
1291,796
1292,670
1293,418
1294,223
1295,487
1296,61
1297,48
1298,690
1299,479
1300,200
1301,7
1302,177
1303,23
1304,688
1305,410
1306,621
1307,165
1308,670
1309,733
1310,148
1311,521
1312,227
1313,124
1314,393
1315,96
1316,155
1317,35
1318,470
1319,400
1320,285
1321,70
1322,343
1323,392
1324,156
1325,115
1326,549
1327,392
1328,338
1329,651
1330,682
1331,51
1332,162
1333,8
1334,254
1335,546
1336,787
1337,399
1338,518
1339,130
1340,237
1341,466
1342,58
1343,312
1344,444
1345,214
1346,153
1347,368
1348,308
1349,344
1350,53
1351,253
1352,33
1353,411
1354,85
1355,278
1356,212
1357,169
1358,545
1359,131
1360,252
1361,391
1362,729
1363,757
1364,769
1365,796
1366,751
1367,298
1368,774
1369,502
1370,666
1371,47
1372,750
1373,432
1374,310
1375,740
1376,350
1377,301
1378,248
1379,494
1380,4
1381,725
1382,525
1383,311
1384,773
1385,388
1386,757
1387,341
1388,6
1389,1
1390,55
1391,498
1392,76
1393,22
1394,755
1395,204
1396,498
1397,750
1398,763
1399,659
1400,535
1401,497
1402,215
1403,456
1404,682
1405,239
1406,452
1407,671
1408,421
1409,471
1410,78
1411,376
1412,37
1413,557
1414,581
1415,736
1416,292
1417,40
1418,225
1419,493
1420,422
1421,168
1422,503
1423,281
1424,377
1425,151
1426,695
1427,174
1428,130
1429,476
1430,320
1431,484
1432,214
1433,136
1434,765
1435,285
1436,358
1437,279
1438,283
1439,786
1440,724
1441,365
1442,292
1443,180
1444,769
1445,19
1446,45
1447,713
1448,268
1449,408
1450,760
1451,44
1452,188
1453,303
1454,485
1455,156
1456,461
1457,93
1458,413
1459,644
1460,329
1461,193
1462,624
1463,249
1464,118
1465,649
1466,526
1467,719
1468,193
1469,157
1470,743
1471,781
1472,673
1473,137
1474,798
1475,454
1476,212
1477,368
1478,610
1479,693
1480,265
1481,743
1482,504
1483,474
1484,207
1485,445
1486,358
1487,387
1488,238
1489,133
1490,614
1491,415
1492,225
1493,520
1494,497
1495,797
1496,24
1497,61
1498,688
1499,478
1500,712
1501,531
1502,204
1503,764
1504,582
1505,20
1506,578
1507,52
1508,305
1509,429
1510,383
1511,49
1512,746
1513,719
1514,338
1515,409
1516,86
1517,177
1518,633
1519,323
1520,665
1521,789
1522,766
1523,327
1524,185
1525,256
1526,216
1527,687
1528,279
1529,699
1530,789
1531,83
1532,383
1533,344
1534,564
1535,450
1536,218
1537,82
1538,114
1539,660
1540,592
1541,475
1542,625
1543,514
1544,671
1545,442
1546,546
1547,388
1548,462
1549,362
1550,567
1551,496
1552,408
1553,668
1554,412
1555,287
1556,799
1557,774
1558,757
1559,141
1560,707
1561,101
1562,676
1563,736
1564,46
1565,661
1566,736
1567,162
1568,757
1569,183
1570,791
1571,312
1572,102
1573,719
1574,689
1575,236
1576,101
1577,661
1578,83
1579,639
1580,734
1581,275
1582,152
1583,119
1584,691
1585,130
1586,690
1587,491
1588,456
1589,195
1590,39
1591,395
1592,510
1593,527
1594,277
1595,186
1596,341
1597,702
1598,739
1599,426
1600,536
1601,146
1602,526
1603,718
1604,229
1605,793
1606,367
1607,23
1608,606
1609,775
1610,38
1611,652
1612,190
1613,540
1614,709
1615,381
1616,752
1617,343
1618,447
1619,443
1620,322
1621,583
1622,562
1623,39
1624,775
1625,269
1626,363
1627,6
1628,137
1629,480
1630,393
1631,171
1632,609
1633,103
1634,776
1635,385
1636,608
1637,236
1638,27
1639,188
1640,265
1641,247
1642,108
1643,550
1644,139
1645,668
1646,77
1647,750
1648,698
1649,148
1650,554
1651,582
1652,723
1653,124
1654,448
1655,373
1656,774
1657,364
1658,318
1659,263
1660,762
1661,433
1662,607
1663,726
1664,96
1665,268
1666,158
1667,739
1668,797
1669,778
1670,156
1671,1
1672,71
1673,213
1674,55
1675,264
1676,633
1677,784
1678,7
1679,265
1680,556
1681,320
1682,427
1683,103
1684,118
1685,715
1686,684
1687,549
1688,71
1689,300
1690,103
1691,793
1692,29
1693,463
1694,70
1695,415
1696,545
1697,89
1698,264
1699,448
1700,552
1701,28
1702,304
1703,537
1704,137
1705,492
1706,579
1707,503
1708,606
1709,373
1710,152
1711,637
1712,327
1713,20
1714,340
1715,578
1716,683
1717,547
1718,566
1719,123
1720,28
1721,327
1722,23
1723,272
1724,70
1725,767
1726,146
1727,559
1728,78
1729,10
1730,479
1731,346
1732,312
1733,556
1734,620
1735,517
1736,95
1737,794
1738,383
1739,727
1740,592
1741,406
1742,257
1743,744
1744,245
1745,667
1746,742
1747,183
1748,486
1749,489
1750,534
1751,198
1752,702
1753,771
1754,693
1755,289
1756,158
1757,476
1758,361
1759,471
1760,550
1761,234
1762,196
1763,553
1764,271
1765,778
1766,397
1767,363
1768,505
1769,535
1770,638
1771,523
1772,63
1773,79
1774,155
1775,134
1776,425
1777,386
1778,174
1779,115
1780,268
1781,276
1782,419
1783,776
1784,356
1785,738
1786,8
1787,18
1788,143
1789,486
1790,499
1791,655
1792,499
1793,480
1794,432
1795,202
1796,463
1797,443
1798,14
1799,44
1800,457
1801,442
1802,49
1803,372
1804,553
1805,150
1806,751
1807,315
1808,718
1809,679
1810,585
1811,19
1812,24
1813,494
1814,282
1815,703
1816,756
1817,229
1818,702
1819,694
1820,77
1821,97
1822,488
1823,600
1824,306
1825,743
1826,46
1827,556
1828,236
1829,718
1830,675
1831,320
1832,175
1833,367
1834,526
1835,228
1836,188
1837,70
1838,421
1839,659
1840,768
1841,478
1842,48
1843,10
1844,577
1845,762
1846,656
1847,215
1848,684
1849,49
1850,522
1851,682
1852,41
1853,247
1854,497
1855,784
1856,340
1857,657
1858,156
1859,334
1860,334
1861,473
1862,351
1863,193
1864,618
1865,494
1866,243
1867,684
1868,414
1869,121
1870,399
1871,98
1872,264
1873,6
1874,76
1875,493
1876,561
1877,520
1878,587
1879,492
1880,31
1881,316
1882,191
1883,348
1884,180
1885,546
1886,425
1887,66
1888,121
1889,653
1890,751
1891,35
1892,374
1893,766
1894,323
1895,154
1896,90
1897,353
1898,511
1899,352
1900,129
1901,549
1902,770
1903,618
1904,192
1905,42
1906,343
1907,588
1908,796
1909,15
1910,675
1911,200
1912,111
1913,771
1914,372
1915,738
1916,126
1917,511
1918,390
1919,487
1920,67
1921,118
1922,714
1923,58
1924,528
1925,725
1926,723
1927,31
1928,639
1929,425
1930,41
1931,628
1932,409
1933,103
1934,660
1935,563
1936,292
1937,574
1938,792
1939,753
1940,73
1941,681
1942,717
1943,239
1944,159
1945,491
1946,441
1947,46
1948,230
1949,204
1950,624
1951,265
1952,253
1953,561
1954,432
1955,623
1956,197
1957,39
1958,272
1959,235
1960,262
1961,758
1962,611
1963,271
1964,637
1965,367
1966,230
1967,127
1968,710
1969,467
1970,759
1971,6
1972,726
1973,132
1974,747
1975,693
1976,436
1977,195
1978,646
1979,688
1980,591
1981,264
1982,763
1983,596
1984,161
1985,164
1986,616
1987,301
1988,93
1989,41
1990,227
1991,10
1992,510
1993,572
1994,133
1995,571
1996,432
1997,693
1998,463
1999,654
2000,653
2001,515
2002,686
2003,547
2004,16
2005,139
2006,679
2007,378
2008,732
2009,758
2010,478
2011,573
2012,281
2013,544
2014,138
2015,648
2016,235
2017,550
2018,518
2019,327
2020,521
2021,190
2022,518
2023,679
2024,691
2025,473
2026,320
2027,327
2028,181
2029,542
2030,761
2031,138
2032,443
2033,308
2034,37
2035,579
2036,106
2037,421
2038,145
2039,586
2040,674
2041,318
2042,437
2043,578
2044,781
2045,546
2046,668
2047,763
2048,438
2049,140
2050,345
2051,330
2052,649
2053,359
2054,91
2055,291
2056,274
2057,61
2058,149
2059,613
2060,163
2061,416
2062,733
2063,117
2064,570
2065,87
2066,215
2067,137
2068,645
2069,628
2070,140
2071,236
2072,226
2073,390
2074,798
2075,221
2076,4
2077,53
2078,348
2079,248
2080,600
2081,513
2082,676
2083,653
2084,397
2085,121
2086,650
2087,472
2088,693
2089,539
2090,732
2091,156
2092,683
2093,592
2094,585
2095,770
2096,145
2097,409
2098,481
2099,703
2100,341
2101,127
2102,62
2103,21
2104,392
2105,171
2106,574
2107,730
2108,125
2109,771
2110,546
2111,182
2112,177
2113,165
2114,480
2115,76
2116,109
2117,633
2118,199
2119,668
2120,152
2121,328
2122,779
2123,506
2124,794
2125,59
2126,115
2127,218
2128,356
2129,403
2130,467
2131,234
2132,343
2133,385
2134,554
2135,355
2136,125
2137,654
2138,689
2139,319
2140,412
2141,156
2142,688
2143,3
2144,604
2145,474
2146,131
2147,138
2148,435
2149,319
2150,378
2151,598
2152,626
2153,472
2154,267
2155,208
2156,434
2157,453
2158,303
2159,422
2160,122
2161,232
2162,491
2163,383
2164,621
2165,355
2166,144
2167,320
2168,625
2169,138
2170,138
2171,61
2172,653
2173,657
2174,354
2175,715
2176,646
2177,655
2178,624
2179,58
2180,8
2181,359
2182,414
2183,495
2184,668
2185,651
2186,304
2187,379
2188,350
2189,590
2190,301
2191,477
2192,745
2193,553
2194,480
2195,318
2196,543
2197,65
2198,88
2199,15
2200,249
2201,336
2202,360
2203,357
2204,785
2205,744
2206,768
2207,281
2208,755
2209,122
2210,593
2211,665
2212,525
2213,772
2214,52
2215,761
2216,412
2217,189
2218,797
2219,75
2220,627
2221,6
2222,228
2223,511
2224,364
2225,577
2226,680
2227,353
2228,454
2229,397
2230,609
2231,704
2232,7
2233,687
2234,197
2235,12
2236,725
2237,548
2238,87
2239,419
2240,424
2241,248
2242,727
2243,510
2244,25
2245,702
2246,304
2247,209
2248,375
2249,67
2250,717
2251,668
2252,220
2253,286
2254,155
2255,185
2256,612
2257,331
2258,175
2259,163
2260,256
2261,677
2262,542
2263,363
2264,475
2265,65
2266,665
2267,308
2268,396
2269,495
2270,99
2271,6
2272,536
2273,725
2274,385
2275,196
2276,766
2277,501
2278,389
2279,113
2280,463
2281,330
2282,167
2283,17
2284,677
2285,203
2286,104
2287,588
2288,667
2289,714
2290,403
2291,409
2292,585
2293,456
2294,373
2295,626
2296,493
2297,292
2298,321
2299,474
2300,757
2301,140
2302,306
2303,668
2304,326
2305,127
2306,12
2307,500
2308,509
2309,18
2310,470
2311,456
2312,776
2313,102
2314,247
2315,439
2316,476
2317,655
2318,234
2319,735
2320,305
2321,561
2322,74
2323,563
2324,193
2325,700
2326,681
2327,336
2328,68
2329,242
2330,426
2331,559
2332,234
2333,404
2334,222
2335,583
2336,128
2337,666
2338,560
2339,694
2340,790
2341,280
2342,602
2343,376
2344,208
2345,189
2346,724
2347,85
2348,746
2349,194
2350,435
2351,666
2352,757
2353,300
2354,682
2355,126
2356,723
2357,371
2358,779
2359,489
2360,284
2361,557
2362,715
2363,507
2364,144
2365,406
2366,261
2367,478
2368,332
2369,352
2370,699
2371,266
2372,205
2373,580
2374,666
2375,416
2376,54
2377,296
2378,291
2379,509
2380,3
2381,367
2382,118
2383,743
2384,160
2385,217
2386,227
2387,56
2388,492
2389,414
2390,756
2391,584
2392,199
2393,557
2394,160
2395,229
2396,729
2397,103
2398,429
2399,224
2400,538
2401,557
2402,635
2403,46
2404,685
2405,563
2406,518
2407,169
2408,615
2409,432
2410,241
2411,45
2412,272
2413,47
2414,607
2415,346
2416,416
2417,510
2418,729
2419,386
2420,466
2421,742
2422,517
2423,773
2424,353
2425,146
2426,340
2427,673
2428,583
2429,720
2430,17
2431,436
2432,508
2433,175
2434,530
2435,329
2436,377
2437,106
2438,326
2439,127
2440,396
2441,124
2442,329
2443,176
2444,620
2445,371
2446,533
2447,774
2448,637
2449,755
2450,742
2451,451
2452,42
2453,621
2454,628
2455,201
2456,73
2457,324
2458,204
2459,299
2460,281
2461,589
2462,689
2463,269
2464,522
2465,375
2466,711
2467,793
2468,323
2469,210
2470,311
2471,531
2472,318
2473,226
2474,441
2475,108
2476,487
2477,275
2478,218
2479,340
2480,408
2481,360
2482,74
2483,106
2484,225
2485,56
2486,152
2487,362
2488,572
2489,700
2490,639
2491,553
2492,605
2493,783
2494,178
2495,219
2496,332
2497,772
2498,495
2499,626
2500,137
2501,79
2502,691
2503,413
2504,116
2505,128
2506,57
2507,343
2508,9
2509,227
2510,675
2511,69
2512,36
2513,31
2514,701
2515,352
2516,609
2517,573
2518,296
2519,643
2520,257
2521,398
2522,438
2523,336
2524,180
2525,550
2526,572
2527,316
2528,713
2529,579
2530,398
2531,449
2532,284
2533,10
2534,220
2535,49
2536,544
2537,765
2538,323
2539,49
2540,551
2541,564
2542,394
2543,798
2544,204
2545,229
2546,686
2547,158
2548,553
2549,610
2550,247
2551,469
2552,631
2553,770
2554,462
2555,279
2556,493
2557,149
2558,13
2559,126
2560,421
2561,769
2562,557
2563,433
2564,563
2565,475
2566,531
2567,404
2568,180
2569,633
2570,710
2571,239
2572,635
2573,26
2574,336
2575,468
2576,226
2577,632
2578,292
2579,682
2580,561
2581,695
2582,419
2583,56
2584,399
2585,305
2586,12
2587,16
2588,733
2589,686
2590,578
2591,543
2592,542
2593,37
2594,142
2595,230
2596,380
2597,608
2598,277
2599,380
2600,430
2601,791
2602,686
2603,736
2604,70
2605,93
2606,324
2607,430
2608,503
2609,591
2610,302
2611,97
2612,663
2613,38
2614,290
2615,555
2616,169
2617,137
2618,591
2619,454
2620,9
2621,148
2622,381
2623,195
2624,251
2625,559
2626,176
2627,689
2628,31
2629,88
2630,672
2631,665
2632,332
2633,479
2634,783
2635,551
2636,277
2637,718
2638,431
2639,735
2640,372
2641,596
2642,532
2643,609
2644,591
2645,510
2646,445
2647,402
2648,159
2649,162
2650,271
2651,650
2652,589
2653,38
2654,257
2655,33
2656,764
2657,352
2658,149
2659,180
2660,581
2661,428
2662,32
2663,579
2664,359
2665,122
2666,657
2667,52
2668,23
2669,264
2670,177
2671,435
2672,163
2673,733
2674,150
2675,484
2676,160
2677,434
2678,18
2679,664
2680,497
2681,139
2682,263
2683,480
2684,121
2685,211
2686,257
2687,135
2688,690
2689,235
2690,435
2691,719
2692,738
2693,54
2694,519
2695,722
2696,22
2697,545
2698,561
2699,142
2700,146
2701,437
2702,318
2703,483
2704,254
2705,143
2706,591
2707,669
2708,644
2709,566
2710,732
2711,185
2712,129
2713,208
2714,479
2715,312
2716,66
2717,309
2718,337
2719,701
2720,387
2721,588
2722,109
2723,691
2724,338
2725,798
2726,680
2727,221
2728,476
2729,777
2730,609
2731,24
2732,487
2733,223
2734,34
2735,424
2736,322
2737,684
2738,674
2739,415
2740,760
2741,681
2742,742
2743,538
2744,721
2745,795
2746,100
2747,81
2748,726
2749,596
2750,453
2751,49
2752,115
2753,713
2754,563
2755,567
2756,22
2757,177
2758,186
2759,581
2760,123
2761,70
2762,243
2763,781
2764,217
2765,423
2766,727
2767,100
2768,399
2769,392
2770,718
2771,297
2772,42
2773,360
2774,675
2775,770
2776,363
2777,324
2778,744
2779,159
2780,471
2781,594
2782,48
2783,16
2784,790
2785,793
2786,523
2787,33
2788,313
2789,679
2790,780
2791,128
2792,17
2793,99
2794,296
2795,344
2796,765
2797,386
2798,407
2799,743
2800,525
2801,738
2802,459
2803,641
2804,21
2805,771
2806,272
2807,349
2808,271
2809,330
2810,229
2811,30
2812,774
2813,315
2814,147
2815,354
2816,140
2817,54
2818,64
2819,110
2820,96
2821,51
2822,212
2823,660
2824,666
2825,182
2826,464
2827,666
2828,149
2829,550
2830,286
2831,675
2832,601
2833,493
2834,366
2835,144
2836,7
2837,260
2838,29
2839,715
2840,496
2841,362
2842,144
2843,359
2844,231
2845,101
2846,47
2847,529
2848,256
2849,724
2850,27
2851,676
2852,97
2853,183
2854,786
2855,693
2856,636
2857,683
2858,168
2859,695
2860,305
2861,367
2862,367
2863,2
2864,446
2865,182
2866,757
2867,296
2868,263
2869,532
2870,641
2871,622
2872,622
2873,302
2874,9
2875,471
2876,798
2877,654
2878,607
2879,116
2880,145
2881,192
2882,37
2883,591
2884,165
2885,191
2886,496
2887,109
2888,157
2889,223
2890,423
2891,748
2892,214
2893,450
2894,40
2895,719
2896,47
2897,349
2898,316
2899,407
2900,588
2901,236
2902,239
2903,492
2904,674
2905,467
2906,450
2907,17
2908,613
2909,77
2910,543
2911,197
2912,488
2913,172
2914,716
2915,418
2916,742
2917,106
2918,371
2919,205
2920,124
2921,296
2922,304
2923,680
2924,431
2925,98
2926,469
2927,597
2928,16
2929,16
2930,410
2931,22
2932,695
2933,753
2934,634
2935,558
2936,620
2937,324
2938,156
2939,49
2940,632
2941,702
2942,116
2943,163
2944,593
2945,58
2946,505
2947,543
2948,554
2949,753
2950,15
2951,737
2952,505
2953,472
2954,9
2955,659
2956,616
2957,639
2958,784
2959,93
2960,644
2961,142
2962,4
2963,752
2964,788
2965,179
2966,158
2967,14
2968,76
2969,601
2970,254
2971,295
2972,252
2973,133
2974,224
2975,307
2976,344
2977,89
2978,672
2979,304
2980,81
2981,645
2982,549
2983,374
2984,540
2985,209
2986,131
2987,539
2988,462
2989,159
2990,75
2991,637
2992,349
2993,83
2994,378
2995,292
2996,741
2997,311
2998,306
2999,362
3000,610
3001,792
3002,69
3003,628
3004,342
3005,76
3006,95
3007,622
3008,762
3009,706
3010,138
3011,510
3012,437
3013,260
3014,551
3015,538
3016,748
3017,68
3018,321
3019,233
3020,23
3021,440
3022,381
3023,734
3024,741
3025,655
3026,444
3027,242
3028,281
3029,231
3030,577
3031,158
3032,244
3033,73
3034,293
3035,343
3036,74
3037,172
3038,778
3039,602
3040,753
3041,512
3042,85
3043,560
3044,53
3045,130
3046,201
3047,658
3048,332
3049,717
3050,555
3051,282
3052,244
3053,497
3054,282
3055,265
3056,664
3057,190
3058,261
3059,536
3060,163
3061,493
3062,715
3063,365
3064,158
3065,8
3066,751
3067,24
3068,347
3069,42
3070,32
3071,35
3072,467
3073,35
3074,779
3075,574
3076,353
3077,726
3078,18
3079,14
3080,378
3081,543
3082,199
3083,234
3084,488
3085,709
3086,691
3087,177
3088,57
3089,401
3090,753
3091,458
3092,348
3093,306
3094,750
3095,292
3096,398
3097,260
3098,770
3099,422
3100,223
3101,709
3102,221
3103,5
3104,46
3105,86
3106,181
3107,509
3108,433
3109,144
3110,604
3111,586
3112,64
3113,663
3114,478
3115,410
3116,268
3117,758
3118,445
3119,789
3120,9
3121,438
3122,425
3123,668
3124,786
3125,522
3126,441
3127,152
3128,576
3129,104
3130,541
3131,723
3132,747
3133,644
3134,403
3135,87
3136,184
3137,319
3138,768
3139,284
3140,741
3141,786
3142,184
3143,501
3144,261
3145,536
3146,743
3147,682
3148,374
3149,161
3150,95
3151,282
3152,605
3153,748
3154,278
3155,626
3156,793
3157,417
3158,515
3159,599
3160,773
3161,133
3162,287
3163,225
3164,185
3165,797
3166,621
3167,545
3168,477
3169,392
3170,546
3171,103
3172,552
3173,251
3174,350
3175,482
3176,140
3177,169
3178,532
3179,241
3180,202
3181,607
3182,302
3183,604
3184,590
3185,740
3186,128
3187,209
3188,227
3189,282
3190,112
3191,85
3192,248
3193,170
3194,431
3195,209
3196,645
3197,231
3198,798
3199,732
3200,378
3201,527
3202,268
3203,175
3204,455
3205,16
3206,798
3207,93
3208,371
3209,129
3210,244
3211,773
3212,81
3213,492
3214,421
3215,759
3216,415
3217,639
3218,720
3219,741
3220,72
3221,201
3222,23
3223,401
3224,336
3225,581
3226,361
3227,410
3228,513
3229,757
3230,624
3231,84
3232,352
3233,670
3234,451
3235,642
3236,224
3237,720
3238,674
3239,591
3240,131
3241,154
3242,398
3243,232
3244,608
3245,55
3246,499
3247,714
3248,695
3249,352
3250,445
3251,611
3252,14
3253,644
3254,534
3255,429
3256,355
3257,578
3258,596
3259,491
3260,675
3261,573
3262,450
3263,118
3264,26
3265,650
3266,189
3267,96
3268,99
3269,57
3270,113
3271,770
3272,706
3273,363
3274,305
3275,409
3276,569
3277,309
3278,265
3279,691
3280,61
3281,123
3282,257
3283,695
3284,219
3285,44
3286,263
3287,486
3288,111
3289,738
3290,356
3291,117
3292,551
3293,95
3294,778
3295,235
3296,550
3297,544
3298,175
3299,704
3300,669
3301,450
3302,380
3303,207
3304,496
3305,264
3306,131
3307,310
3308,675
3309,583
3310,718
3311,664
3312,417
3313,596
3314,790
3315,383
3316,114
3317,590
3318,7
3319,476
3320,199
3321,105
3322,121
3323,24
3324,723
3325,796
3326,353
3327,110
3328,743
3329,428
3330,314
3331,734
3332,544
3333,145
3334,214
3335,318
3336,619
3337,368
3338,767
3339,122
3340,284
3341,250
3342,322
3343,61
3344,387
3345,675
3346,472
3347,198
3348,567
3349,605
3350,381
3351,632
3352,110
3353,707
3354,405
3355,96
3356,162
3357,236
3358,56
3359,696
3360,651
3361,348
3362,736
3363,69
3364,642
3365,492
3366,365
3367,794
3368,313
3369,795
3370,690
3371,591
3372,737
3373,668
3374,196
3375,57
3376,179
3377,384
3378,245
3379,619
3380,660
3381,738
3382,459
3383,70
3384,531
3385,260
3386,718
3387,36
3388,58
3389,102
3390,593
3391,617
3392,503
3393,471
3394,622
3395,340
3396,659
3397,633
3398,341
3399,259
3400,541
3401,87
3402,234
3403,195
3404,82
3405,112
3406,706
3407,477
3408,229
3409,727
3410,478
3411,305
3412,277
3413,742
3414,615
3415,332
3416,252
3417,284
3418,335
3419,236
3420,650
3421,40
3422,387
3423,769
3424,660
3425,652
3426,409
3427,440
3428,555
3429,382
3430,143
3431,311
3432,596
3433,618
3434,456
3435,511
3436,5
3437,108
3438,656
3439,87
3440,62
3441,546
3442,484
3443,117
3444,473
3445,467
3446,766
3447,336
3448,470
3449,9
3450,59
3451,454
3452,652
3453,494
3454,70
3455,316
3456,171
3457,188
3458,217
3459,254
3460,629
3461,117
3462,613
3463,172
3464,505
3465,601
3466,600
3467,593
3468,156
3469,774
3470,679
3471,296
3472,542
3473,785
3474,639
3475,141
3476,61
3477,237
3478,411
3479,320
3480,491
3481,87
3482,192
3483,283
3484,85
3485,135
3486,775
3487,87
3488,330
3489,184
3490,55
3491,574
3492,202
3493,58
3494,771
3495,339
3496,429
3497,704
3498,564
3499,344
3500,684
3501,346
3502,429
3503,255
3504,727
3505,149
3506,695
3507,109
3508,386
3509,642
3510,477
3511,396
3512,35
3513,100
3514,297
3515,627
3516,105
3517,702
3518,224
3519,576
3520,424
3521,508
3522,248
3523,29
3524,489
3525,558
3526,157
3527,23
3528,273
3529,454
3530,368
3531,85
3532,160
3533,523
3534,772
3535,151
3536,524
3537,562
3538,699
3539,26
3540,707
3541,119
3542,553
3543,93
3544,139
3545,273
3546,768
3547,570
3548,631
3549,34
3550,225
3551,138
3552,92
3553,156
3554,445
3555,202
3556,485
3557,187
3558,574
3559,407
3560,283
3561,450
3562,621
3563,333
3564,107
3565,795
3566,578
3567,705
3568,342
3569,29
3570,509
3571,185
3572,174
3573,740
3574,341
3575,505
3576,265
3577,184
3578,592
3579,52
3580,574
3581,508
3582,758
3583,587
3584,275
3585,209
3586,439
3587,557
3588,240
3589,413
3590,27
3591,84
3592,258
3593,775
3594,784
3595,168
3596,132
3597,182
3598,112
3599,472
3600,144
3601,96
3602,307
3603,599
3604,7
3605,594
3606,487
3607,239
3608,395
3609,73
3610,122
3611,340
3612,667
3613,69
3614,671
3615,192
3616,373
3617,593
3618,384
3619,757
3620,339
3621,93
3622,469
3623,313
3624,547
3625,402
3626,38
3627,611
3628,452
3629,765
3630,625
3631,537
3632,305
3633,712
3634,522
3635,616
3636,274
3637,774
3638,430
3639,366
3640,146
3641,749
3642,36
3643,699
3644,94
3645,271
3646,168
3647,479
3648,399
3649,241
3650,410
3651,792
3652,781
3653,553
3654,535
3655,61
3656,54
3657,9
3658,753
3659,193
3660,622
3661,228
3662,148
3663,614
3664,262
3665,83
3666,339
3667,345
3668,74
3669,563
3670,443
3671,763
3672,465
3673,508
3674,510
3675,70
3676,516
3677,109
3678,300
3679,423
3680,129
3681,651
3682,439
3683,498
3684,57
3685,479
3686,492
3687,54
3688,47
3689,183
3690,151
3691,329
3692,70
3693,585
3694,677
3695,142
3696,571
3697,339
3698,422
3699,680
3700,312
3701,17
3702,668
3703,664
3704,737
3705,235
3706,578
3707,537
3708,705
3709,452
3710,261
3711,452
3712,60
3713,49
3714,203
3715,80
3716,30
3717,594
3718,172
3719,620
3720,156
3721,638
3722,572
3723,491
3724,417
3725,323
3726,374
3727,383
3728,358
3729,592
3730,225
3731,318
3732,279
3733,353
3734,366
3735,207
3736,88
3737,721
3738,105
3739,601
3740,167
3741,686
3742,475
3743,238
3744,162
3745,547
3746,260
3747,34
3748,613
3749,553
3750,321
3751,545
3752,180
3753,416
3754,744
3755,780
3756,13
3757,331
3758,349
3759,322
3760,576
3761,594
3762,313
3763,188
3764,29
3765,530
3766,550
3767,583
3768,491
3769,166
3770,348
3771,656
3772,577
3773,339
3774,287
3775,699
3776,433
3777,303
3778,9
3779,475
3780,250
3781,18
3782,134
3783,111
3784,488
3785,705
3786,48
3787,698
3788,662
3789,437
3790,456
3791,759
3792,255
3793,599
3794,75
3795,67
3796,563
3797,439
3798,435
3799,381
3800,466
3801,697
3802,726
3803,656
3804,202
3805,123
3806,659
3807,597
3808,52
3809,283
3810,709
3811,652
3812,591
3813,753
3814,602
3815,350
3816,227
3817,646
3818,580
3819,522
3820,154
3821,147
3822,87
3823,614
3824,161
3825,624
3826,442
3827,208
3828,204
3829,283
3830,471
3831,136
3832,186
3833,671
3834,583
3835,395
3836,534
3837,769
3838,658
3839,532
3840,732
3841,19
3842,691
3843,276
3844,174
3845,100
3846,49
3847,90
3848,525
3849,543
3850,626
3851,476
3852,190
3853,374
3854,756
3855,620
3856,245
3857,708
3858,402
3859,760
3860,774
3861,169
3862,792
3863,682
3864,382
3865,791
3866,360
3867,770
3868,317
3869,458
3870,547
3871,743
3872,676
3873,770
3874,380
3875,239
3876,305
3877,672
3878,275
3879,403
3880,690
3881,473
3882,321
3883,105
3884,115
3885,577
3886,98
3887,21
3888,499
3889,570
3890,119
3891,591
3892,379
3893,685
3894,650
3895,90
3896,645
3897,11
3898,554
3899,465
3900,179
3901,460
3902,278
3903,704
3904,731
3905,83
3906,308
3907,340
3908,732
3909,232
3910,98
3911,451
3912,222
3913,696
3914,318
3915,244
3916,443
3917,95
3918,455
3919,670
3920,412
3921,275
3922,247
3923,311
3924,783
3925,492
3926,465
3927,424
3928,330
3929,452
3930,90
3931,13
3932,255
3933,567
3934,582
3935,524
3936,339
3937,153
3938,131
3939,406
3940,329
3941,182
3942,296
3943,736
3944,209
3945,668
3946,655
3947,397
3948,191
3949,481
3950,71
3951,128
3952,220
3953,287
3954,647
3955,694
3956,587
3957,504
3958,56
3959,286
3960,462
3961,504
3962,486
3963,476
3964,421
3965,330
3966,263
3967,139
3968,93
3969,382
3970,244
3971,15
3972,372
3973,648
3974,745
3975,144
3976,136
3977,648
3978,620
3979,300
3980,2
3981,42
3982,482
3983,161
3984,762
3985,135
3986,105
3987,502
3988,613
3989,278
3990,293
3991,362
3992,237
3993,147
3994,618
3995,715
3996,721
3997,491
3998,86
3999,318
4000,492
4001,539
4002,402
4003,19
4004,19
4005,563
4006,164
4007,399
4008,488
4009,307
4010,419
4011,106
4012,677
4013,568
4014,506
4015,237
4016,334
4017,470
4018,246
4019,108
4020,675
4021,194
4022,131
4023,371
4024,129
4025,50
4026,487
4027,461
4028,397
4029,622
4030,472
4031,652
4032,93
4033,123
4034,129
4035,263
4036,788
4037,352
4038,56
4039,305
4040,753
4041,742
4042,642
4043,746
4044,305
4045,669
4046,36
4047,22
4048,542
4049,526
4050,52
4051,513
4052,564
4053,646
4054,254
4055,214
4056,390
4057,88
4058,389
4059,392
4060,316
4061,159
4062,184
4063,159
4064,266
4065,318
4066,143
4067,716
4068,37
4069,21
4070,48
4071,593
4072,25
4073,286
4074,329
4075,508
4076,389
4077,514
4078,33
4079,482
4080,357
4081,582
4082,176
4083,179
4084,426
4085,622
4086,516
4087,519
4088,559
4089,453
4090,273
4091,800
4092,1
4093,434
4094,25
4095,477
4096,544
4097,559
4098,766
4099,384
4100,643
4101,637
4102,631
4103,175
4104,211
4105,113
4106,35
4107,610
4108,177
4109,361
4110,312
4111,378
4112,767
4113,616
4114,264
4115,41
4116,538
4117,491
4118,785
4119,189
4120,761
4121,557
4122,118
4123,470
4124,456
4125,516
4126,326
4127,463
4128,586
4129,88
4130,542
4131,440
4132,80
4133,418
4134,507
4135,586
4136,632
4137,455
4138,299
4139,570
4140,792
4141,95
4142,742
4143,163
4144,36
4145,775
4146,464
4147,737
4148,490
4149,190
4150,378
4151,554
4152,13
4153,550
4154,491
4155,546
4156,2
4157,439
4158,236
4159,591
4160,721
4161,517
4162,655
4163,341
4164,498
4165,616
4166,523
4167,233
4168,26
4169,207
4170,309
4171,179
4172,756
4173,562
4174,227
4175,482
4176,349
4177,425
4178,749
4179,27
4180,161
4181,5
4182,109
4183,112
4184,329
4185,627
4186,116
4187,611
4188,699
4189,645
4190,416
4191,350
4192,306
4193,585
4194,743
4195,557
4196,603
4197,399
4198,619
4199,44
4200,359
4201,738
4202,769
4203,76
4204,525
4205,304
4206,707
4207,66
4208,274
4209,619
4210,428
4211,19
4212,103
4213,761
4214,529
4215,681
4216,622
4217,536
4218,44
4219,551
4220,579
4221,12
4222,329
4223,640
4224,284
4225,720
4226,518
4227,686
4228,532
4229,742
4230,166
4231,515
4232,418
4233,305
4234,564
4235,117
4236,13
4237,496
4238,142
4239,233
4240,214
4241,351
4242,267
4243,186
4244,514
4245,203
4246,364
4247,146
4248,409
4249,93
4250,12
4251,236
4252,471
4253,494
4254,534
4255,772
4256,329
4257,602
4258,778
4259,185
4260,540
4261,509
4262,106
4263,556
4264,25
4265,659
4266,30
4267,351
4268,324
4269,480
4270,110
4271,786
4272,57
4273,222
4274,2
4275,194
4276,419
4277,785
4278,760
4279,605
4280,514
4281,686
4282,617
4283,188
4284,636
4285,754
4286,372
4287,462
4288,209
4289,115
4290,627
4291,84
4292,670
4293,738
4294,498
4295,541
4296,434
4297,255
4298,415
4299,591
4300,80
4301,699
4302,791
4303,108
4304,236
4305,696
4306,58
4307,523
4308,251
4309,50
4310,121
4311,721
4312,775
4313,591
4314,79
4315,54
4316,790
4317,401
4318,663
4319,435
4320,532
4321,517
4322,488
4323,118
4324,637
4325,327
4326,656
4327,754
4328,138
4329,467
4330,349
4331,187
4332,750
4333,235
4334,166
4335,260
4336,576
4337,561
4338,262
4339,88
4340,627
4341,422
4342,357
4343,261
4344,341
4345,80
4346,5
4347,480
4348,335
4349,420
4350,195
4351,15
4352,507
4353,194
4354,524
4355,40
4356,705
4357,718
4358,290
4359,40
4360,473
4361,791
4362,511
4363,398
4364,177
4365,139
4366,602
4367,280
4368,154
4369,390
4370,364
4371,465
4372,530
4373,784
4374,516
4375,55
4376,584
4377,329
4378,159
4379,382
4380,389
4381,616
4382,414
4383,528
4384,692
4385,220
4386,49
4387,351
4388,369
4389,385
4390,51
4391,245
4392,221
4393,662
4394,493
4395,567
4396,711
4397,573
4398,449
4399,82
4400,551
4401,602
4402,749
4403,710
4404,482
4405,269
4406,233
4407,535
4408,198
4409,132
4410,630
4411,21
4412,414
4413,440
4414,718
4415,98
4416,353
4417,522
4418,349
4419,20
4420,429
4421,714
4422,667
4423,474
4424,14
4425,660
4426,668
4427,91
4428,733
4429,540
4430,225
4431,550
4432,503
4433,518
4434,157
4435,384
4436,332
4437,641
4438,168
4439,485
4440,104
4441,8
4442,191
4443,273
4444,646
4445,31
4446,348
4447,644
4448,612
4449,233
4450,497
4451,6
4452,473
4453,95
4454,689
4455,329
4456,539
4457,720
4458,256
4459,593
4460,789
4461,222
4462,216
4463,637
4464,360
4465,27
4466,797
4467,376
4468,427
4469,84
4470,248
4471,790
4472,555
4473,112
4474,474
4475,504
4476,719
4477,647
4478,477
4479,679
4480,607
4481,660
4482,566
4483,581
4484,552
4485,200
4486,32
4487,165
4488,139
4489,145
4490,389
4491,299
4492,313
4493,312
4494,657
4495,265
4496,336
4497,641
4498,63
4499,722
4500,595
4501,784
4502,509
4503,383
4504,37
4505,747
4506,731
4507,641
4508,103
4509,501
4510,105
4511,307
4512,243
4513,438
4514,252
4515,454
4516,663
4517,474
4518,514
4519,730
4520,620
4521,215
4522,180
4523,606
4524,163
4525,753
4526,533
4527,220
4528,564
4529,358
4530,54
4531,233
4532,120
4533,713
4534,537
4535,392
4536,777
4537,671
4538,2
4539,245
4540,324
4541,399
4542,146
4543,20
4544,744
4545,493
4546,84
4547,92
4548,427
4549,17
4550,198
4551,618
4552,456
4553,594
4554,188
4555,57
4556,543
4557,470
4558,563
4559,649
4560,549
4561,724
4562,486
4563,315
4564,327
4565,19
4566,709
4567,490
4568,43
4569,410
4570,280
4571,184
4572,198
4573,770
4574,526
4575,498
4576,612
4577,402
4578,446
4579,443
4580,566
4581,470
4582,735
4583,316
4584,186
4585,747
4586,485
4587,515
4588,737
4589,508
4590,799
4591,562
4592,426
4593,486
4594,611
4595,188
4596,156
4597,409
4598,435
4599,237
4600,51
4601,166
4602,282
4603,507
4604,58
4605,507
4606,665
4607,202
4608,575
4609,552
4610,787
4611,261
4612,582
4613,300
4614,504
4615,48
4616,27
4617,743
4618,520
4619,730
4620,635
4621,165
4622,8
4623,724
4624,8
4625,661
4626,534
4627,318
4628,743
4629,731
4630,598
4631,635
4632,467
4633,329
4634,609
4635,113
4636,583
4637,797
4638,180
4639,376
4640,746
4641,502
4642,645
4643,24
4644,639
4645,485
4646,755
4647,228
4648,71
4649,668
4650,790
4651,519
4652,62
4653,527
4654,71
4655,358
4656,443
4657,190
4658,326
4659,429
4660,596
4661,765
4662,599
4663,270
4664,711
4665,586
4666,316
4667,627
4668,228
4669,359
4670,564
4671,645
4672,374
4673,741
4674,55
4675,460
4676,437
4677,799
4678,747
4679,503
4680,693
4681,238
4682,702
4683,335
4684,711
4685,204
4686,173
4687,437
4688,470
4689,600
4690,143
4691,132
4692,580
4693,402
4694,394
4695,463
4696,63
4697,31
4698,81
4699,72
4700,51
4701,479
4702,688
4703,409
4704,197
4705,649
4706,174
4707,470
4708,696
4709,300
4710,294
4711,603
4712,752
4713,204
4714,642
4715,237
4716,264
4717,67
4718,792
4719,789
4720,68
4721,466
4722,545
4723,549
4724,289
4725,633
4726,337
4727,216
4728,363
4729,677
4730,765
4731,340
4732,746
4733,645
4734,485
4735,443
4736,200
4737,659
4738,91
4739,49
4740,32
4741,410
4742,103
4743,589
4744,796
4745,765
4746,240
4747,668
4748,329
4749,179
4750,690
4751,585
4752,313
4753,466
4754,606
4755,529
4756,230
4757,735
4758,423
4759,160
4760,119
4761,762
4762,582
4763,466
4764,667
4765,780
4766,48
4767,694
4768,766
4769,614
4770,246
4771,209
4772,36
4773,203
4774,717
4775,499
4776,69
4777,180
4778,36
4779,226
4780,165
4781,133
4782,509
4783,648
4784,233
4785,649
4786,234
4787,276
4788,198
4789,453
4790,529
4791,302
4792,8
4793,265
4794,467
4795,502
4796,457
4797,481
4798,513
4799,679
4800,28
4801,730
4802,446
4803,702
4804,153
4805,692
4806,55
4807,197
4808,109
4809,773
4810,150
4811,33
4812,210
4813,387
4814,158
4815,339
4816,259
4817,288
4818,290
4819,372
4820,258
4821,786
4822,53
4823,374
4824,583
4825,212
4826,40
4827,786
4828,682
4829,51
4830,360
4831,83
4832,229
4833,353
4834,480
4835,342
4836,763
4837,511
4838,754
4839,221
4840,555
4841,748
4842,744
4843,312
4844,212
4845,599
4846,407
4847,265
4848,279
4849,343
4850,498
4851,196
4852,324
4853,174
4854,156
4855,381
4856,172
4857,585
4858,172
4859,618
4860,455
4861,135
4862,697
4863,355
4864,668
4865,123
4866,141
4867,730
4868,57
4869,601
4870,113
4871,427
4872,754
4873,597
4874,290
4875,358
4876,757
4877,561
4878,675
4879,369
4880,295
4881,523
4882,768
4883,548
4884,734
4885,482
4886,608
4887,546
4888,187
4889,38
4890,153
4891,332
4892,268
4893,757
4894,353
4895,109
4896,462
4897,330
4898,234
4899,573
4900,717
4901,295
4902,230
4903,444
4904,757
4905,111
4906,438
4907,311
4908,199
4909,536
4910,226
4911,632
4912,476
4913,541
4914,309
4915,74
4916,634
4917,384
4918,23
4919,661
4920,224
4921,602
4922,658
4923,367
4924,218
4925,553
4926,773
4927,318
4928,693
4929,280
4930,598
4931,609
4932,795
4933,6
4934,745
4935,312
4936,133
4937,387
4938,679
4939,729
4940,587
4941,191
4942,357
4943,369
4944,607
4945,781
4946,144
4947,685
4948,552
4949,149
4950,304
4951,432
4952,571
4953,595
4954,514
4955,542
4956,38
4957,205
4958,706
4959,113
4960,367
4961,246
4962,722
4963,731
4964,792
4965,108
4966,586
4967,540
4968,164
4969,443
4970,416
4971,758
4972,195
4973,134
4974,391
4975,128
4976,550
4977,753
4978,230
4979,385
4980,381
4981,229
4982,83
4983,27
4984,108
4985,536
4986,63
4987,325
4988,126
4989,480
4990,696
4991,781
4992,563
4993,439
4994,560
4995,504
4996,538
4997,22
4998,700
4999,745
5000,653
5001,427
5002,425
5003,508
5004,650
5005,449
5006,268
5007,585
5008,94
5009,153
5010,772
5011,685
5012,757
5013,38
5014,363
5015,25
5016,12
5017,453
5018,733
5019,112
5020,372
5021,463
5022,575
5023,364
5024,793
5025,160
5026,747
5027,696
5028,268
5029,705
5030,607
5031,104
5032,127
5033,224
5034,527
5035,427
5036,665
5037,230
5038,136
5039,44
5040,609
5041,127
5042,540
5043,634
5044,636
5045,143
5046,762
5047,765
5048,463
5049,591
5050,3
5051,291
5052,790
5053,791
5054,356
5055,452
5056,351
5057,363
5058,617
5059,192
5060,303
5061,130
5062,731
5063,401
5064,245
5065,668
5066,649
5067,66
5068,360
5069,518
5070,143
5071,135
5072,502
5073,729
5074,186
5075,640
5076,673
5077,646
5078,749
5079,288
5080,744
5081,727
5082,168
5083,524
5084,742
5085,690
5086,520
5087,388
5088,668
5089,15
5090,419
5091,325
5092,130
5093,174
5094,146
5095,475
5096,792
5097,155
5098,495
5099,260
5100,199
5101,232
5102,428
5103,508
5104,468
5105,180
5106,160
5107,87
5108,404
5109,571
5110,289
5111,490
5112,349
5113,477
5114,505
5115,11
5116,774
5117,11
5118,112
5119,456
5120,667
5121,658
5122,532
5123,590
5124,77
5125,103
5126,119
5127,465
5128,495
5129,247
5130,210
5131,697
5132,114
5133,310
5134,512
5135,136
5136,146
5137,731
5138,426
5139,765
5140,423
5141,646
5142,683
5143,669
5144,284
5145,604
5146,43
5147,370
5148,638
5149,660
5150,628
5151,490
5152,316
5153,766
5154,84
5155,175
5156,796
5157,656
5158,648
5159,664
5160,418
5161,289
5162,445
5163,90
5164,436
5165,40
5166,491
5167,410
5168,571
5169,320
5170,377
5171,89
5172,758
5173,694
5174,13
5175,70
5176,574
5177,534
5178,526
5179,705
5180,723
5181,241
5182,510
5183,262
5184,383
5185,706
5186,566
5187,477
5188,541
5189,331
5190,405
5191,557
5192,368
5193,213
5194,229
5195,553
5196,622
5197,798
5198,25
5199,433
5200,432
5201,433
5202,557
5203,520
5204,257
5205,410
5206,776
5207,635
5208,362
5209,60
5210,780
5211,80
5212,489
5213,285
5214,236
5215,84
5216,788
5217,700
5218,49
5219,630
5220,644
5221,672
5222,77
5223,478
5224,304
5225,353
5226,628
5227,169
5228,586
5229,380
5230,734
5231,526
5232,520
5233,567
5234,569
5235,792
5236,158
5237,354
5238,134
5239,350
5240,618
5241,459
5242,79
5243,191
5244,287
5245,287
5246,412
5247,6
5248,759
5249,584
5250,401
5251,422
5252,798
5253,549
5254,308
5255,253
5256,331
5257,653
5258,617
5259,166
5260,627
5261,338
5262,781
5263,317
5264,387
5265,88
5266,400
5267,132
5268,677
5269,732
5270,349
5271,392
5272,639
5273,195
5274,116
5275,241
5276,195
5277,742
5278,61
5279,12
5280,784
5281,566
5282,304
5283,223
5284,133
5285,249
5286,639
5287,448
5288,115
5289,77
5290,344
5291,287
5292,759
5293,718
5294,74
5295,245
5296,797
5297,287
5298,330
5299,283
5300,179
5301,381
5302,226
5303,477
5304,357
5305,433
5306,761
5307,9
5308,643
5309,779
5310,719
5311,419
5312,766
5313,591
5314,468
5315,306
5316,95
5317,158
5318,251
5319,616
5320,78
5321,218
5322,598
5323,768
5324,236
5325,592
5326,48
5327,55
5328,780
5329,250
5330,255
5331,526
5332,161
5333,755
5334,358
5335,9
5336,437
5337,349
5338,35
5339,726
5340,45
5341,797
5342,321
5343,73
5344,778
5345,696
5346,251
5347,366
5348,328
5349,444
5350,506
5351,147
5352,407
5353,313
5354,71
5355,503
5356,487
5357,395
5358,462
5359,694
5360,489
5361,109
5362,797
5363,104
5364,33
5365,512
5366,562
5367,225
5368,188
5369,640
5370,674
5371,547
5372,625
5373,500
5374,97
5375,349
5376,415
5377,774
5378,70
5379,49
5380,350
5381,149
5382,489
5383,115
5384,257
5385,446
5386,32
5387,224
5388,239
5389,458
5390,389
5391,12
5392,250
5393,505
5394,625
5395,44
5396,89
5397,697
5398,724
5399,147
5400,462
5401,33
5402,92
5403,621
5404,47
5405,330
5406,460
5407,546
5408,747
5409,532
5410,25
5411,470
5412,630
5413,468
5414,747
5415,523
5416,352
5417,164
5418,386
5419,268
5420,451
5421,545
5422,206
5423,659
5424,618
5425,651
5426,370
5427,380
5428,697
5429,525
5430,239
5431,724
5432,357
5433,797
5434,552
5435,167
5436,45
5437,708
5438,301
5439,687
5440,77
5441,451
5442,308
5443,336
5444,674
5445,235
5446,33
5447,154
5448,194
5449,487
5450,745
5451,152
5452,639
5453,388
5454,589
5455,580
5456,229
5457,590
5458,342
5459,774
5460,67
5461,573
5462,53
5463,383
5464,527
5465,52
5466,332
5467,545
5468,50
5469,662
5470,476
5471,515
5472,290
5473,550
5474,224
5475,272
5476,496
5477,411
5478,246
5479,618
5480,262
5481,511
5482,91
5483,747
5484,207
5485,423
5486,100
5487,515
5488,257
5489,452
5490,44
5491,543
5492,238
5493,557
5494,103
5495,378
5496,280
5497,478
5498,288
5499,729
5500,620
5501,665
5502,302
5503,292
5504,611
5505,139
5506,605
5507,139
5508,702
5509,767
5510,372
5511,197
5512,418
5513,629
5514,648
5515,248
5516,774
5517,322
5518,180
5519,498
5520,266
5521,721
5522,291
5523,475
5524,452
5525,522
5526,161
5527,733
5528,483
5529,429
5530,223
5531,178
5532,670
5533,75
5534,643
5535,197
5536,356
5537,187
5538,28
5539,561
5540,365
5541,770
5542,229
5543,696
5544,113
5545,332
5546,742
5547,749
5548,706
5549,131
5550,743
5551,550
5552,664
5553,288
5554,727
5555,58
5556,335
5557,629
5558,74
5559,394
5560,270
5561,238
5562,255
5563,313
5564,498
5565,360
5566,9
5567,719
5568,289
5569,276
5570,30
5571,644
5572,710
5573,667
5574,403
5575,90
5576,386
5577,224
5578,669
5579,614
5580,242
5581,4
5582,764
5583,781
5584,556
5585,317
5586,738
5587,499
5588,77
5589,334
5590,203
5591,776
5592,338
5593,732
5594,777
5595,585
5596,216
5597,543
5598,439
5599,62
5600,171
5601,564
5602,128
5603,702
5604,185
5605,371
5606,793
5607,569
5608,472
5609,231
5610,766
5611,650
5612,424
5613,139
5614,671
5615,86
5616,601
5617,301
5618,570
5619,748
5620,8
5621,177
5622,470
5623,709
5624,61
5625,338
5626,232
5627,350
5628,779
5629,32
5630,798
5631,538
5632,519
5633,746
5634,228
5635,376
5636,147
5637,147
5638,151
5639,788
5640,206
5641,410
5642,471
5643,80
5644,627
5645,113
5646,139
5647,643
5648,463
5649,726
5650,249
5651,118
5652,378
5653,569
5654,394
5655,385
5656,384
5657,397
5658,273
5659,142
5660,413
5661,55
5662,667
5663,764
5664,557
5665,12
5666,50
5667,160
5668,336
5669,695
5670,624
5671,317
5672,224
5673,363
5674,795
5675,716
5676,286
5677,15
5678,76
5679,609
5680,463
5681,326
5682,291
5683,315
5684,539
5685,772
5686,136
5687,710
5688,535
5689,271
5690,732
5691,743
5692,44
5693,497
5694,433
5695,63
5696,372
5697,407
5698,339
5699,721
5700,156
5701,238
5702,497
5703,282
5704,768
5705,440
5706,582
5707,130
5708,25
5709,185
5710,22
5711,622
5712,241
5713,748
5714,223
5715,450
5716,717
5717,488
5718,137
5719,446
5720,523
5721,656
5722,387
5723,60
5724,129
5725,136
5726,783
5727,659
5728,65
5729,795
5730,282
5731,26
5732,155
5733,603
5734,730
5735,220
5736,692
5737,757
5738,182
5739,230
5740,588
5741,346
5742,534
5743,92
5744,799
5745,212
5746,497
5747,271
5748,799
5749,44
5750,163
5751,763
5752,646
5753,687
5754,325
5755,593
5756,79
5757,275
5758,793
5759,476
5760,708
5761,614
5762,725
5763,258
5764,501
5765,712
5766,503
5767,720
5768,662
5769,402
5770,516
5771,28
5772,367
5773,541
5774,180
5775,106
5776,366
5777,165
5778,610
5779,381
5780,106
5781,776
5782,145
5783,385
5784,391
5785,56
5786,313
5787,311
5788,297
5789,579
5790,221
5791,536
5792,694
5793,639
5794,393
5795,544
5796,463
5797,661
5798,158
5799,677
5800,165
5801,45
5802,736
5803,617
5804,328
5805,666
5806,730
5807,119
5808,41
5809,149
5810,614
5811,261
5812,575
5813,12
5814,419
5815,536
5816,743
5817,517
5818,161
5819,523
5820,399
5821,710
5822,397
5823,555
5824,297
5825,742
5826,298
5827,275
5828,490
5829,410
5830,336
5831,333
5832,307
5833,749
5834,101
5835,741
5836,344
5837,207
5838,548
5839,457
5840,56
5841,57
5842,439
5843,493
5844,536
5845,664
5846,568
5847,493
5848,284
5849,393
5850,489
5851,352
5852,45
5853,563
5854,515
5855,340
5856,18
5857,252
5858,365
5859,231
5860,489
5861,265
5862,525
5863,533
5864,422
5865,581
5866,38
5867,569
5868,523
5869,577
5870,182
5871,212
5872,225
5873,194
5874,205
5875,384
5876,691
5877,206
5878,67
5879,525
5880,299
5881,497
5882,497
5883,206
5884,772
5885,699
5886,527
5887,592
5888,746
5889,115
5890,240
5891,702
5892,702
5893,765
5894,194
5895,563
5896,473
5897,220
5898,6
5899,66
5900,335
5901,446
5902,157
5903,138
5904,599
5905,737
5906,743
5907,588
5908,696
5909,661
5910,719
5911,251
5912,480
5913,629
5914,725
5915,650
5916,16
5917,584
5918,230
5919,695
5920,110
5921,454
5922,314
5923,609
5924,392
5925,365
5926,140
5927,206
5928,459
5929,771
5930,769
5931,769
5932,341
5933,80
5934,566
5935,153
5936,720
5937,594
5938,305
5939,325
5940,735
5941,389
5942,499
5943,379
5944,431
5945,297
5946,424
5947,684
5948,548
5949,217
5950,159
5951,724
5952,228
5953,730
5954,533
5955,30
5956,712
5957,526
5958,28
5959,385
5960,12
5961,168
5962,658
5963,555
5964,127
5965,275
5966,61
5967,234
5968,675
5969,468
5970,285
5971,411
5972,104
5973,470
5974,395
5975,657
5976,568
5977,420
5978,722
5979,209
5980,96
5981,375
5982,279
5983,433
5984,469
5985,99
5986,217
5987,522
5988,591
5989,593
5990,131
5991,10
5992,610
5993,195
5994,39
5995,618
5996,424
5997,693
5998,643
5999,714
6000,750
6001,513
6002,736
6003,73
6004,785
6005,89
6006,252
6007,423
6008,29
6009,442
6010,789
6011,302
6012,381
6013,639
6014,478
6015,58
6016,799
6017,378
6018,479
6019,40
6020,12
6021,85
6022,72
6023,231
6024,775
6025,84
6026,377
6027,638
6028,644
6029,797
6030,658
6031,382
6032,484
6033,594
6034,81
6035,379
6036,29
6037,121
6038,407
6039,147
6040,372
6041,442
6042,603
6043,490
6044,338
6045,35
6046,455
6047,514
6048,543
6049,400
6050,435
6051,66
6052,287
6053,382
6054,167
6055,80
6056,278
6057,735
6058,306
6059,556
6060,609
6061,183
6062,781
6063,377
6064,321
6065,753
6066,637
6067,652
6068,732
6069,517
6070,339
6071,785
6072,682
6073,240
6074,718
6075,223
6076,752
6077,267
6078,613
6079,591
6080,531
6081,176
6082,28
6083,127
6084,542
6085,204
6086,564
6087,320
6088,543
6089,320
6090,693
6091,148
6092,73
6093,721
6094,616
6095,290
6096,268
6097,262
6098,725
6099,702
6100,416
6101,291
6102,701
6103,122
6104,73
6105,314
6106,633
6107,544
6108,285
6109,352
6110,752
6111,755
6112,656
6113,454
6114,639
6115,516
6116,790
6117,100
6118,586
6119,296
6120,453
6121,497
6122,305
6123,392
6124,59
6125,85
6126,282
6127,60
6128,344
6129,86
6130,589
6131,42
6132,406
6133,99
6134,771
6135,523
6136,397
6137,504
6138,549
6139,362
6140,501
6141,256
6142,557
6143,741
6144,30
6145,84
6146,304
6147,422
6148,412
6149,734
6150,672
6151,578
6152,351
6153,17
6154,475
6155,249
6156,383
6157,691
6158,603
6159,470
6160,438
6161,744
6162,514
6163,512
6164,11
6165,232
6166,86
6167,75
6168,339
6169,525
6170,148
6171,128
6172,700
6173,729
6174,292
6175,555
6176,532
6177,770
6178,335
6179,244
6180,40
6181,567
6182,518
6183,212
6184,643
6185,537
6186,370
6187,27
6188,584
6189,430
6190,305
6191,646
6192,362
6193,371
6194,740
6195,304
6196,501
6197,394
6198,286
6199,744
6200,129
6201,677
6202,748
6203,104
6204,144
6205,137
6206,90
6207,67
6208,166
6209,37
6210,128
6211,122
6212,427
6213,145
6214,620
6215,566
6216,608
6217,629
6218,455
6219,159
6220,255
6221,407
6222,604
6223,555
6224,101
6225,171
6226,777
6227,183
6228,487
6229,493
6230,756
6231,713
6232,43
6233,357
6234,478
6235,438
6236,487
6237,305
6238,248
6239,416
6240,217
6241,389
6242,189
6243,251
6244,736
6245,183
6246,13
6247,576
6248,595
6249,388
6250,562
6251,175
6252,369
6253,71
6254,396
6255,502
6256,274
6257,485
6258,527
6259,309
6260,300
6261,23
6262,67
6263,535
6264,706
6265,763
6266,40
6267,634
6268,403
6269,543
6270,111
6271,799
6272,598
6273,267
6274,543
6275,612
6276,211
6277,649
6278,613
6279,201
6280,430
6281,647
6282,554
6283,274
6284,8
6285,554
6286,451
6287,29
6288,380
6289,247
6290,794
6291,460
6292,169
6293,49
6294,17
6295,681
6296,397
6297,612
6298,674
6299,28
6300,16
6301,688
6302,371
6303,274
6304,210
6305,412
6306,153
6307,87
6308,60
6309,53
6310,560
6311,59
6312,421
6313,782
6314,393
6315,696
6316,495
6317,205
6318,606
6319,209
6320,459
6321,646
6322,6
6323,458
6324,201
6325,594
6326,273
6327,85
6328,552
6329,44
6330,729
6331,58
6332,728
6333,334
6334,754
6335,556
6336,694
6337,26
6338,539
6339,589
6340,733
6341,527
6342,560
6343,487
6344,160
6345,725
6346,406
6347,496
6348,120
6349,724
6350,349
6351,549
6352,542
6353,184
6354,725
6355,784
6356,558
6357,621
6358,412
6359,493
6360,269
6361,736
6362,428
6363,338
6364,450
6365,671
6366,314
6367,217
6368,784
6369,328
6370,789
6371,179
6372,202
6373,313
6374,20
6375,777
6376,726
6377,775
6378,150
6379,515
6380,268
6381,700
6382,420
6383,83
6384,304
6385,337
6386,371
6387,210
6388,238
6389,624
6390,563
6391,611
6392,612
6393,609
6394,430
6395,531
6396,226
6397,120
6398,322
6399,279
6400,462
6401,316
6402,780
6403,792
6404,435
6405,49
6406,600
6407,235
6408,693
6409,5
6410,681
6411,154
6412,553
6413,543
6414,596
6415,274
6416,522
6417,218
6418,533
6419,14
6420,55
6421,606
6422,647
6423,51
6424,313
6425,742
6426,604
6427,19
6428,669
6429,565
6430,158
6431,417
6432,512
6433,730
6434,592
6435,156
6436,483
6437,453
6438,344
6439,219
6440,328
6441,476
6442,619
6443,748
6444,542
6445,420
6446,84
6447,105
6448,726
6449,232
6450,486
6451,408
6452,212
6453,669
6454,619
6455,281
6456,478
6457,479
6458,587
6459,181
6460,183
6461,191
6462,605
6463,152
6464,671
6465,209
6466,125
6467,719
6468,152
6469,206
6470,29
6471,792
6472,402
6473,442
6474,415
6475,333
6476,84
6477,793
6478,512
6479,184
6480,251
6481,341
6482,509
6483,355
6484,489
6485,198
6486,110
6487,171
6488,691
6489,740
6490,559
6491,458
6492,595
6493,118
6494,136
6495,250
6496,390
6497,451
6498,518
6499,370
6500,684
6501,442
6502,102
6503,768
6504,387
6505,566
6506,415
6507,627
6508,643
6509,749
6510,323
6511,639
6512,297
6513,121
6514,603
6515,799
6516,612
6517,445
6518,671
6519,542
6520,115
6521,331
6522,602
6523,233
6524,187
6525,36
6526,208
6527,324
6528,578
6529,375
6530,160
6531,160
6532,38
6533,629
6534,223
6535,361
6536,64
6537,727
6538,731
6539,596
6540,422
6541,540
6542,564
6543,13
6544,577
6545,624
6546,201
6547,80
6548,40
6549,115
6550,207
6551,112
6552,400
6553,456
6554,271
6555,99
6556,517
6557,442
6558,355
6559,623
6560,766
6561,80
6562,510
6563,227
6564,366
6565,257
6566,606
6567,30
6568,527
6569,230
6570,501
6571,629
6572,96
6573,317
6574,476
6575,764
6576,173
6577,36
6578,492
6579,764
6580,339
6581,753
6582,425
6583,443
6584,783
6585,625
6586,758
6587,136
6588,658
6589,273
6590,677
6591,40
6592,452
6593,206
6594,113
6595,717
6596,495
6597,719
6598,361
6599,330
6600,583
6601,616
6602,564
6603,510
6604,739
6605,661
6606,489
6607,565
6608,191
6609,739
6610,532
6611,659
6612,565
6613,325
6614,74
6615,695
6616,596
6617,364
6618,60
6619,776
6620,417
6621,341
6622,530
6623,699
6624,663
6625,692
6626,17
6627,508
6628,601
6629,201
6630,36
6631,357
6632,563
6633,675
6634,717
6635,794
6636,351
6637,124
6638,610
6639,596
6640,214
6641,572
6642,763
6643,43
6644,37
6645,607
6646,385
6647,562
6648,365
6649,326
6650,345
6651,686
6652,570
6653,570
6654,621
6655,763
6656,100
6657,540
6658,589
6659,131
6660,693
6661,766
6662,356
6663,397
6664,718
6665,451
6666,389
6667,373
6668,192
6669,161
6670,619
6671,446
6672,554
6673,288
6674,331
6675,281
6676,521
6677,368
6678,314
6679,233
6680,718
6681,402
6682,318
6683,430
6684,91
6685,630
6686,498
6687,222
6688,301
6689,171
6690,128
6691,95
6692,89
6693,436
6694,367
6695,773
6696,627
6697,659
6698,303
6699,655
6700,104
6701,665
6702,454
6703,410
6704,711
6705,17
6706,195
6707,254
6708,609
6709,756
6710,780
6711,528
6712,689
6713,430
6714,586
6715,752
6716,777
6717,773
6718,240
6719,498
6720,590
6721,789
6722,87
6723,207
6724,298
6725,680
6726,574
6727,93
6728,402
6729,689
6730,343
6731,334
6732,448
6733,506
6734,9
6735,785
6736,420
6737,726
6738,54
6739,178
6740,693
6741,484
6742,313
6743,53
6744,218
6745,305
6746,429
6747,240
6748,80
6749,465
6750,751
6751,239
6752,429
6753,738
6754,87
6755,696
6756,93
6757,500
6758,687
6759,97
6760,490
6761,18
6762,24
6763,763
6764,226
6765,659
6766,720
6767,571
6768,111
6769,276
6770,255
6771,27
6772,150
6773,11
6774,487
6775,547
6776,457
6777,291
6778,361
6779,402
6780,136
6781,428
6782,249
6783,119
6784,378
6785,62
6786,332
6787,336
6788,396
6789,313
6790,761
6791,307
6792,75
6793,622
6794,752
6795,324
6796,212
6797,345
6798,159
6799,363
6800,760
6801,86
6802,714
6803,555
6804,316
6805,335
6806,370
6807,424
6808,277
6809,727
6810,99
6811,542
6812,192
6813,68
6814,558
6815,633
6816,43
6817,469
6818,227
6819,370
6820,555
6821,438
6822,133
6823,70
6824,488
6825,784
6826,297
6827,208
6828,684
6829,566
6830,426
6831,654
6832,744
6833,792
6834,29
6835,521
6836,469
6837,369
6838,758
6839,529
6840,167
6841,343
6842,730
6843,26
6844,436
6845,711
6846,1
6847,95
6848,233
6849,688
6850,394
6851,627
6852,419
6853,583
6854,569
6855,12
6856,3
6857,306
6858,254
6859,778
6860,148
6861,635
6862,740
6863,332
6864,93
6865,505
6866,399
6867,510
6868,403
6869,134
6870,621
6871,479
6872,740
6873,366
6874,676
6875,761
6876,425
6877,246
6878,89
6879,37
6880,514
6881,29
6882,89
6883,651
6884,225
6885,326
6886,4
6887,480
6888,48
6889,317
6890,114
6891,548
6892,670
6893,518
6894,627
6895,173
6896,145
6897,475
6898,741
6899,554
6900,12
6901,138
6902,143
6903,12
6904,637
6905,29
6906,661
6907,262
6908,117
6909,748
6910,414
6911,409
6912,162
6913,545
6914,416
6915,222
6916,668
6917,603
6918,81
6919,191
6920,405
6921,85
6922,326
6923,157
6924,606
6925,165
6926,118
6927,146
6928,201
6929,548
6930,403
6931,359
6932,667
6933,166
6934,763
6935,539
6936,232
6937,287
6938,78
6939,130
6940,296
6941,323
6942,141
6943,569
6944,115
6945,591
6946,548
6947,77
6948,787
6949,593
6950,296
6951,684
6952,214
6953,426
6954,768
6955,134
6956,325
6957,645
6958,134
6959,103
6960,778
6961,427
6962,684
6963,525
6964,392
6965,661
6966,617
6967,485
6968,734
6969,521
6970,754
6971,320
6972,2
6973,340
6974,498
6975,490
6976,331
6977,583
6978,539
6979,432
6980,40
6981,402
6982,335
6983,561
6984,779
6985,116
6986,208
6987,480
6988,146
6989,683
6990,682
6991,683
6992,663
6993,334
6994,148
6995,767
6996,447
6997,314
6998,579
6999,443
7000,292
7001,251
7002,518
7003,18
7004,563
7005,64
7006,266
7007,551
7008,540
7009,161
7010,343
7011,509
7012,583
7013,748
7014,221
7015,339
7016,569
7017,497
7018,776
7019,432
7020,62
7021,595
7022,42
7023,405
7024,567
7025,265
7026,542
7027,741
7028,107
7029,245
7030,103
7031,516
7032,696
7033,248
7034,566
7035,310
7036,218
7037,293
7038,275
7039,736
7040,397
7041,348
7042,627
7043,653
7044,151
7045,450
7046,649
7047,296
7048,25
7049,692
7050,628
7051,43
7052,467
7053,20
7054,564
7055,169
7056,577
7057,259
7058,110
7059,265
7060,436
7061,388
7062,464
7063,269
7064,688
7065,638
7066,228
7067,656
7068,151
7069,794
7070,90
7071,34
7072,637
7073,308
7074,593
7075,660
7076,335
7077,506
7078,333
7079,120
7080,161
7081,213
7082,409
7083,349
7084,692
7085,662
7086,255
7087,752
7088,214
7089,47
7090,713
7091,541
7092,272
7093,80
7094,200
7095,474
7096,657
7097,21
7098,735
7099,363
7100,318
7101,338
7102,508
7103,36
7104,428
7105,710
7106,789
7107,696
7108,663
7109,387
7110,745
7111,355
7112,571
7113,171
7114,326
7115,547
7116,126
7117,415
7118,570
7119,507
7120,284
7121,523
7122,744
7123,780
7124,401
7125,443
7126,351
7127,260
7128,351
7129,372
7130,384
7131,257
7132,277
7133,132
7134,643
7135,729
7136,526
7137,83
7138,530
7139,20
7140,75
7141,112
7142,656
7143,51
7144,29
7145,686
7146,610
7147,161
7148,350
7149,510
7150,9
7151,456
7152,130
7153,596
7154,240
7155,622
7156,739
7157,570
7158,304
7159,58
7160,774
7161,157
7162,307
7163,558
7164,215
7165,258
7166,24
7167,498
7168,229
7169,183
7170,310
7171,709
7172,208
7173,143
7174,478
7175,207
7176,498
7177,98
7178,583
7179,621
7180,265
7181,40
7182,701
7183,797
7184,691
7185,655
7186,607
7187,360
7188,110
7189,310
7190,232
7191,750
7192,695
7193,443
7194,33
7195,549
7196,577
7197,307
7198,81
7199,323
7200,128
7201,348
7202,421
7203,378
7204,68
7205,664
7206,406
7207,224
7208,128
7209,776
7210,325
7211,633
7212,219
7213,300
7214,1
7215,790
7216,553
7217,627
7218,530
7219,563
7220,225
7221,53
7222,536
7223,617
7224,549
7225,6
7226,460
7227,49
7228,297
7229,213
7230,241
7231,175
7232,267
7233,58
7234,569
7235,305
7236,514
7237,268
7238,357
7239,151
7240,66
7241,729
7242,140
7243,551
7244,739
7245,524
7246,678
7247,464
7248,202
7249,637
7250,89
7251,297
7252,261
7253,716
7254,687
7255,486
7256,143
7257,240
7258,615
7259,290
7260,26
7261,490
7262,614
7263,413
7264,89
7265,98
7266,492
7267,152
7268,135
7269,443
7270,115
7271,731
7272,254
7273,618
7274,224
7275,549
7276,657
7277,214
7278,508
7279,112
7280,80
7281,270
7282,280
7283,349
7284,437
7285,729
7286,667
7287,278
7288,558
7289,672
7290,227
7291,185
7292,759
7293,266
7294,90
7295,185
7296,198
7297,717
7298,772
7299,86
7300,128
7301,653
7302,471
7303,450
7304,237
7305,561
7306,528
7307,598
7308,239
7309,81
7310,468
7311,785
7312,438
7313,430
7314,328
7315,251
7316,199
7317,416
7318,209
7319,557
7320,653
7321,267
7322,88
7323,3
7324,268
7325,317
7326,227
7327,23
7328,305
7329,789
7330,655
7331,707
7332,580
7333,31
7334,561
7335,783
7336,166
7337,348
7338,29
7339,633
7340,517
7341,777
7342,320
7343,195
7344,590
7345,597
7346,5
7347,299
7348,593
7349,185
7350,640
7351,274
7352,172
7353,542
7354,225
7355,441
7356,125
7357,704
7358,543
7359,641
7360,589
7361,370
7362,67
7363,766
7364,143
7365,57
7366,214
7367,446
7368,400
7369,650
7370,191
7371,130
7372,414
7373,232
7374,10
7375,8
7376,765
7377,296
7378,545
7379,579
7380,448
7381,510
7382,524
7383,317
7384,642
7385,74
7386,658
7387,295
7388,138
7389,209
7390,409
7391,334
7392,46
7393,262
7394,230
7395,688
7396,715
7397,244
7398,87
7399,239
7400,515
7401,428
7402,637
7403,276
7404,477
7405,786
7406,456
7407,546
7408,165
7409,746
7410,162
7411,188
7412,752
7413,518
7414,299
7415,60
7416,83
7417,410
7418,776
7419,736
7420,173
7421,768
7422,336
7423,575
7424,644
7425,170
7426,479
7427,698
7428,321
7429,429
7430,412
7431,94
7432,101
7433,144
7434,611
7435,744
7436,402
7437,530
7438,538
7439,482
7440,15
7441,328
7442,164
7443,657
7444,433
7445,772
7446,722
7447,508
7448,709
7449,179
7450,497
7451,181
7452,589
7453,106
7454,274
7455,610
7456,481
7457,266
7458,75
7459,739
7460,586
7461,51
7462,731
7463,327
7464,569
7465,369
7466,646
7467,662
7468,765
7469,35
7470,695
7471,738
7472,420
7473,643
7474,72
7475,774
7476,337
7477,661
7478,710
7479,448
7480,32
7481,601
7482,37
7483,566
7484,462
7485,575
7486,495
7487,260
7488,732
7489,544
7490,228
7491,598
7492,20
7493,39
7494,645
7495,680
7496,758
7497,599
7498,432
7499,590
7500,150
7501,489
7502,309
7503,581
7504,617
7505,771
7506,136
7507,407
7508,206
7509,778
7510,180
7511,791
7512,566
7513,795
7514,674
7515,215
7516,16
7517,586
7518,291
7519,517
7520,7
7521,386
7522,706
7523,229
7524,294
7525,100
7526,748
7527,373
7528,734
7529,658
7530,79
7531,689
7532,479
7533,436
7534,101
7535,326
7536,227
7537,533
7538,50
7539,523
7540,658
7541,710
7542,691
7543,325
7544,531
7545,495
7546,118
7547,521
7548,52
7549,645
7550,61
7551,340
7552,105
7553,716
7554,658
7555,273
7556,719
7557,198
7558,573
7559,749
7560,197
7561,713
7562,787
7563,698
7564,540
7565,704
7566,722
7567,227
7568,715
7569,749
7570,268
7571,217
7572,568
7573,223
7574,685
7575,462
7576,757
7577,553
7578,75
7579,10
7580,779
7581,790
7582,405
7583,55
7584,768
7585,766
7586,425
7587,382
7588,125
7589,646
7590,734
7591,125
7592,283
7593,682
7594,110
7595,100
7596,118
7597,747
7598,744
7599,380
7600,638
7601,500
7602,325
7603,331
7604,241
7605,645
7606,531
7607,583
7608,588
7609,455
7610,413
7611,618
7612,38
7613,623
7614,614
7615,150
7616,232
7617,631
7618,359
7619,141
7620,540
7621,784
7622,463
7623,33
7624,770
7625,645
7626,224
7627,101
7628,318
7629,777
7630,451
7631,18
7632,700
7633,189
7634,545
7635,75
7636,799
7637,53
7638,562
7639,788
7640,386
7641,29
7642,731
7643,563
7644,534
7645,349
7646,562
7647,277
7648,784
7649,34
7650,642
7651,192
7652,671
7653,272
7654,156
7655,475
7656,679
7657,653
7658,390
7659,201
7660,102
7661,98
7662,230
7663,208
7664,209
7665,797
7666,767
7667,254
7668,551
7669,659
7670,120
7671,40
7672,234
7673,552
7674,523
7675,219
7676,465
7677,407
7678,399
7679,44
7680,115
7681,483
7682,496
7683,358
7684,778
7685,568
7686,111
7687,168
7688,681
7689,740
7690,25
7691,564
7692,212
7693,445
7694,763
7695,350
7696,129
7697,147
7698,55
7699,285
7700,379
7701,390
7702,796
7703,120
7704,440
7705,466
7706,345
7707,184
7708,350
7709,508
7710,437
7711,18
7712,475
7713,430
7714,5
7715,360
7716,558
7717,217
7718,271
7719,189
7720,100
7721,332
7722,367
7723,593
7724,102
7725,715
7726,220
7727,476
7728,731
7729,563
7730,615
7731,228
7732,515
7733,679
7734,271
7735,166
7736,644
7737,84
7738,781
7739,359
7740,459
7741,471
7742,450
7743,519
7744,422
7745,236
7746,528
7747,746
7748,420
7749,737
7750,168
7751,627
7752,514
7753,259
7754,739
7755,103
7756,664
7757,703
7758,448
7759,545
7760,253
7761,731
7762,715
7763,598
7764,716
7765,49
7766,760
7767,228
7768,716
7769,103
7770,10
7771,16
7772,40
7773,453
7774,757
7775,619
7776,384
7777,126
7778,519
7779,10
7780,568
7781,701
7782,657
7783,627
7784,765
7785,159
7786,618
7787,691
7788,760
7789,241
7790,563
7791,741
7792,149
7793,557
7794,596
7795,797
7796,650
7797,696
7798,48
7799,210
7800,267
7801,311
7802,375
7803,472
7804,751
7805,592
7806,318
7807,540
7808,407
7809,752
7810,339
7811,715
7812,276
7813,423
7814,266
7815,241
7816,155
7817,98
7818,301
7819,114
7820,349
7821,128
7822,341
7823,373
7824,144
7825,629
7826,596
7827,132
7828,468
7829,75
7830,338
7831,622
7832,747
7833,98
7834,742
7835,763
7836,684
7837,33
7838,624
7839,251
7840,508
7841,754
7842,77
7843,616
7844,568
7845,445
7846,531
7847,72
7848,258
7849,771
7850,170
7851,454
7852,616
7853,69
7854,612
7855,170
7856,689
7857,276
7858,256
7859,638
7860,787
7861,285
7862,487
7863,323
7864,550
7865,769
7866,277
7867,715
7868,601
7869,172
7870,190
7871,666
7872,435
7873,117
7874,761
7875,786
7876,699
7877,223
7878,342
7879,326
7880,518
7881,718
7882,160
7883,498
7884,304
7885,6
7886,648
7887,780
7888,14
7889,631
7890,48
7891,502
7892,469
7893,56
7894,450
7895,75
7896,721
7897,52
7898,1
7899,216
7900,755
7901,85
7902,445
7903,242
7904,414
7905,532
7906,179
7907,331
7908,430
7909,206
7910,81
7911,53
7912,455
7913,131
7914,225
7915,305
7916,237
7917,59
7918,557
7919,667
7920,183
7921,686
7922,81
7923,485
7924,196
7925,533
7926,323
7927,684
7928,458
7929,406
7930,565
7931,292
7932,324
7933,167
7934,622
7935,574
7936,510
7937,361
7938,96
7939,121
7940,113
7941,128
7942,365
7943,604
7944,469
7945,65
7946,203
7947,384
7948,53
7949,655
7950,671
7951,610
7952,547
7953,756
7954,625
7955,143
7956,655
7957,59
7958,379
7959,552
7960,15
7961,735
7962,213
7963,375
7964,240
7965,363
7966,52
7967,198
7968,173
7969,188
7970,63
7971,307
7972,162
7973,690
7974,186
7975,470
7976,445
7977,252
7978,685
7979,262
7980,733
7981,469
7982,343
7983,398
7984,196
7985,540
7986,423
7987,653
7988,111
7989,363
7990,516
7991,623
7992,606
7993,297
7994,149
7995,580
7996,614
7997,208
7998,656
7999,584
8000,398
8001,587
8002,245
8003,446
8004,738
8005,646
8006,56
8007,734
8008,155
8009,302
8010,80
8011,457
8012,129
8013,152
8014,133
8015,532
8016,617
8017,577
8018,9
8019,634
8020,190
8021,145
8022,694
8023,732
8024,512
8025,412
8026,502
8027,175
8028,770
8029,658
8030,32
8031,334
8032,477
8033,81
8034,425
8035,623
8036,26
8037,486
8038,544
8039,319
8040,660
8041,323
8042,680
8043,656
8044,692
8045,675
8046,202
8047,117
8048,547
8049,710
8050,425
8051,167
8052,655
8053,59
8054,776
8055,150
8056,180
8057,776
8058,496
8059,255
8060,270
8061,528
8062,751
8063,783
8064,552
8065,497
8066,32
8067,373
8068,713
8069,726
8070,220
8071,232
8072,322
8073,125
8074,528
8075,480
8076,602
8077,257
8078,502
8079,565
8080,621
8081,344
8082,536
8083,223
8084,787
8085,701
8086,574
8087,734
8088,330
8089,766
8090,411
8091,213
8092,145
8093,327
8094,645
8095,593
8096,371
8097,533
8098,747
8099,207
8100,669
8101,388
8102,195
8103,17
8104,596
8105,233
8106,687
8107,462
8108,297
8109,303
8110,371
8111,688
8112,236
8113,508
8114,147
8115,681
8116,163
8117,792
8118,85
8119,676
8120,260
8121,157
8122,555
8123,15
8124,321
8125,689
8126,104
8127,154
8128,638
8129,714
8130,527
8131,130
8132,623
8133,488
8134,64
8135,798
8136,46
8137,696
8138,700
8139,18
8140,402
8141,337
8142,719
8143,1
8144,196
8145,512
8146,120
8147,154
8148,436
8149,363
8150,737
8151,444
8152,347
8153,25
8154,426
8155,270
8156,453
8157,215
8158,758
8159,577
8160,573
8161,551
8162,619
8163,767
8164,45
8165,520
8166,447
8167,530
8168,540
8169,96
8170,663
8171,421
8172,656
8173,344
8174,24
8175,614
8176,771
8177,411
8178,291
8179,9
8180,112
8181,143
8182,425
8183,139
8184,752
8185,662
8186,481
8187,105
8188,149
8189,702
8190,378
8191,496
8192,459
8193,706
8194,775
8195,682
8196,422
8197,741
8198,128
8199,642
8200,58
8201,362
8202,285
8203,770
8204,645
8205,94
8206,120
8207,533
8208,748
8209,462
8210,782
8211,591
8212,729
8213,341
8214,760
8215,235
8216,324
8217,484
8218,102
8219,37
8220,201
8221,582
8222,762
8223,264
8224,402
8225,549
8226,270
8227,307
8228,740
8229,658
8230,600
8231,92
8232,94
8233,577
8234,561
8235,566
8236,725
8237,288
8238,191
8239,759
8240,689
8241,787
8242,323
8243,46
8244,440
8245,431
8246,103
8247,132
8248,506
8249,743
8250,562
8251,244
8252,16
8253,556
8254,626
8255,751
8256,80
8257,717
8258,716
8259,458
8260,361
8261,112
8262,405
8263,6
8264,462
8265,587
8266,35
8267,84
8268,757
8269,686
8270,561
8271,579
8272,779
8273,431
8274,367
8275,541
8276,586
8277,740
8278,410
8279,98
8280,633
8281,34
8282,191
8283,642
8284,40
8285,628
8286,700
8287,742
8288,301
8289,277
8290,284
8291,261
8292,500
8293,562
8294,74
8295,535
8296,700
8297,14
8298,64
8299,146
8300,632
8301,45
8302,286
8303,273
8304,485
8305,622
8306,603
8307,293
8308,477
8309,233
8310,673
8311,223
8312,644
8313,209
8314,142
8315,350
8316,390
8317,541
8318,214
8319,132
8320,754
8321,485
8322,114
8323,75
8324,309
8325,172
8326,70
8327,293
8328,71
8329,668
8330,690
8331,492
8332,202
8333,255
8334,544
8335,4
8336,8
8337,233
8338,277
8339,183
8340,374
8341,94
8342,163
8343,362
8344,779
8345,485
8346,761
8347,572
8348,484
8349,415
8350,794
8351,127
8352,364
8353,745
8354,534
8355,613
8356,351
8357,295
8358,530
8359,12
8360,168
8361,349
8362,703
8363,752
8364,206
8365,271
8366,231
8367,520
8368,334
8369,240
8370,505
8371,186
8372,664
8373,315
8374,266
8375,284
8376,686
8377,552
8378,549
8379,462
8380,467
8381,776
8382,150
8383,441
8384,246
8385,371
8386,679
8387,665
8388,681
8389,159
8390,403
8391,787
8392,520
8393,467
8394,306
8395,25
8396,203
8397,651
8398,544
8399,50
8400,296
8401,385
8402,392
8403,789
8404,441
8405,482
8406,131
8407,22
8408,325
8409,689
8410,128
8411,401
8412,442
8413,397
8414,368
8415,692
8416,458
8417,547
8418,702
8419,622
8420,727
8421,550
8422,797
8423,123
8424,795
8425,246
8426,784
8427,643
8428,697
8429,290
8430,182
8431,200
8432,218
8433,33
8434,546
8435,617
8436,283
8437,754
8438,508
8439,415
8440,272
8441,469
8442,14
8443,668
8444,698
8445,730
8446,403
8447,402
8448,157
8449,85
8450,195
8451,597
8452,164
8453,501
8454,514
8455,183
8456,1
8457,735
8458,373
8459,148
8460,669
8461,557
8462,331
8463,56
8464,175
8465,33
8466,396
8467,652
8468,434
8469,658
8470,590
8471,663
8472,621
8473,70
8474,175
8475,312
8476,540
8477,141
8478,771
8479,792
8480,351
8481,187
8482,3
8483,349
8484,797
8485,574
8486,598
8487,238
8488,696
8489,220
8490,717
8491,266
8492,104
8493,26
8494,255
8495,75
8496,48
8497,782
8498,507
8499,660
8500,779
8501,463
8502,653
8503,67
8504,90
8505,187
8506,603
8507,227
8508,515
8509,348
8510,437
8511,380
8512,454
8513,605
8514,243
8515,204
8516,638
8517,747
8518,269
8519,511
8520,583
8521,233
8522,746
8523,77
8524,320
8525,615
8526,293
8527,587
8528,571
8529,477
8530,300
8531,609
8532,226
8533,374
8534,100
8535,785
8536,124
8537,543
8538,479
8539,24
8540,44
8541,253
8542,308
8543,384
8544,637
8545,3
8546,116
8547,580
8548,185
8549,96
8550,272
8551,625
8552,325
8553,562
8554,335
8555,588
8556,499
8557,319
8558,246
8559,493
8560,593
8561,785
8562,763
8563,696
8564,285
8565,713
8566,502
8567,370
8568,399
8569,193
8570,738
8571,700
8572,51
8573,379
8574,526
8575,710
8576,387
8577,511
8578,326
8579,108
8580,103
8581,685
8582,13
8583,656
8584,338
8585,61
8586,170
8587,708
8588,13
8589,548
8590,369
8591,158
8592,126
8593,695
8594,171
8595,767
8596,43
8597,707
8598,36
8599,528
8600,127
8601,443
8602,437
8603,315
8604,189
8605,304
8606,357
8607,159
8608,457
8609,493
8610,100
8611,354
8612,699
8613,449
8614,503
8615,772
8616,203
8617,63
8618,221
8619,617
8620,153
8621,58
8622,163
8623,515
8624,402
8625,181
8626,403
8627,739
8628,149
8629,667
8630,130
8631,56
8632,356
8633,753
8634,523
8635,266
8636,271
8637,297
8638,685
8639,18
8640,222
8641,301
8642,796
8643,344
8644,5
8645,675
8646,297
8647,289
8648,665
8649,783
8650,800
8651,542
8652,462
8653,289
8654,566
8655,758
8656,127
8657,66
8658,655
8659,427
8660,587
8661,381
8662,305
8663,798
8664,80
8665,451
8666,593
8667,552
8668,301
8669,754
8670,301
8671,662
8672,30
8673,240
8674,128
8675,84
8676,54
8677,94
8678,440
8679,114
8680,240
8681,338
8682,635
8683,527
8684,60
8685,500
8686,744
8687,240
8688,733
8689,475
8690,158
8691,361
8692,259
8693,94
8694,413
8695,185
8696,538
8697,640
8698,668
8699,55
8700,696
8701,229
8702,395
8703,749
8704,560
8705,323
8706,177
8707,285
8708,560
8709,364
8710,3
8711,592
8712,18
8713,349
8714,731
8715,408
8716,772
8717,303
8718,686
8719,574
8720,631
8721,301
8722,298
8723,412
8724,761
8725,95
8726,680
8727,789
8728,120
8729,713
8730,756
8731,208
8732,323
8733,77
8734,450
8735,620
8736,772
8737,236
8738,407
8739,685
8740,798
8741,551
8742,628
8743,357
8744,663
8745,555
8746,439
8747,784
8748,61
8749,799
8750,789
8751,727
8752,70
8753,62
8754,527
8755,214
8756,765
8757,502
8758,349
8759,68
8760,669
8761,659
8762,617
8763,69
8764,323
8765,479
8766,727
8767,293
8768,65
8769,295
8770,488
8771,170
8772,81
8773,620
8774,67
8775,177
8776,426
8777,23
8778,121
8779,190
8780,155
8781,313
8782,54
8783,319
8784,586
8785,163
8786,80
8787,588
8788,195
8789,447
8790,518
8791,313
8792,390
8793,374
8794,532
8795,394
8796,141
8797,687
8798,164
8799,64
8800,627
8801,208
8802,103
8803,298
8804,38
8805,317
8806,327
8807,603
8808,538
8809,155
8810,17
8811,470
8812,573
8813,730
8814,78
8815,722
8816,658
8817,154
8818,697
8819,360
8820,607
8821,660
8822,785
8823,396
8824,547
8825,771
8826,668
8827,708
8828,156
8829,251
8830,63
8831,505
8832,389
8833,434
8834,573
8835,222
8836,697
8837,653
8838,7
8839,616
8840,423
8841,704
8842,114
8843,351
8844,460
8845,427
8846,441
8847,755
8848,361
8849,592
8850,732
8851,590
8852,169
8853,656
8854,88
8855,519
8856,371
8857,293
8858,645
8859,580
8860,508
8861,461
8862,783
8863,259
8864,584
8865,543
8866,268
8867,614
8868,761
8869,794
8870,443
8871,476
8872,297
8873,779
8874,208
8875,410
8876,309
8877,212
8878,702
8879,585
8880,620
8881,302
8882,674
8883,191
8884,38
8885,121
8886,144
8887,761
8888,163
8889,419
8890,103
8891,295
8892,128
8893,378
8894,230
8895,437
8896,696
8897,177
8898,625
8899,583
8900,486
8901,740
8902,45
8903,767
8904,772
8905,58
8906,171
8907,256
8908,696
8909,657
8910,188
8911,219
8912,266
8913,233
8914,62
8915,550
8916,541
8917,493
8918,295
8919,624
8920,599
8921,176
8922,266
8923,124
8924,767
8925,268
8926,548
8927,420
8928,13
8929,211
8930,363
8931,402
8932,763
8933,215
8934,46
8935,46
8936,262
8937,195
8938,422
8939,695
8940,406
8941,435
8942,385
8943,610
8944,487
8945,324
8946,203
8947,757
8948,751
8949,352
8950,547
8951,383
8952,633
8953,451
8954,111
8955,601
8956,26
8957,443
8958,615
8959,255
8960,186
8961,111
8962,305
8963,429
8964,794
8965,150
8966,34
8967,694
8968,587
8969,35
8970,188
8971,504
8972,360
8973,453
8974,331
8975,147
8976,682
8977,559
8978,686
8979,219
8980,669
8981,601
8982,8
8983,233
8984,398
8985,498
8986,733
8987,592
8988,581
8989,289
8990,727
8991,49
8992,779
8993,294
8994,386
8995,230
8996,774
8997,367
8998,101
8999,556
9000,772
9001,620
9002,774
9003,606
9004,549
9005,186
9006,208
9007,157
9008,119
9009,630
9010,98
9011,691
9012,402
9013,255
9014,337
9015,435
9016,317
9017,249
9018,311
9019,370
9020,417
9021,707
9022,297
9023,372
9024,624
9025,692
9026,76
9027,302
9028,764
9029,669
9030,781
9031,796
9032,660
9033,1
9034,226
9035,443
9036,358
9037,618
9038,330
9039,199
9040,583
9041,597
9042,144
9043,492
9044,340
9045,422
9046,580
9047,66
9048,400
9049,427
9050,478
9051,86
9052,53
9053,344
9054,540
9055,450
9056,174
9057,307
9058,593
9059,793
9060,579
9061,518
9062,792
9063,342
9064,705
9065,247
9066,201
9067,144
9068,698
9069,171
9070,337
9071,768
9072,434
9073,145
9074,362
9075,132
9076,737
9077,493
9078,210
9079,767
9080,550
9081,450
9082,81
9083,43
9084,372
9085,32
9086,169
9087,567
9088,60
9089,175
9090,120
9091,431
9092,657
9093,527
9094,575
9095,132
9096,387
9097,257
9098,232
9099,503
9100,732
9101,443
9102,187
9103,586
9104,60
9105,450
9106,235
9107,133
9108,689
9109,121
9110,776
9111,286
9112,269
9113,549
9114,354
9115,367
9116,653
9117,219
9118,85
9119,659
9120,640
9121,125
9122,425
9123,438
9124,747
9125,140
9126,442
9127,364
9128,6
9129,768
9130,193
9131,748
9132,408
9133,142
9134,546
9135,502
9136,331
9137,634
9138,714
9139,653
9140,514
9141,614
9142,534
9143,631
9144,160
9145,72
9146,680
9147,84
9148,793
9149,207
9150,266
9151,713
9152,158
9153,537
9154,70
9155,660
9156,381
9157,320
9158,510
9159,342
9160,292
9161,767
9162,568
9163,517
9164,785
9165,424
9166,178
9167,391
9168,450
9169,27
9170,332
9171,504
9172,330
9173,113
9174,498
9175,416
9176,432
9177,797
9178,158
9179,385
9180,544
9181,788
9182,62
9183,566
9184,293
9185,306
9186,634
9187,686
9188,356
9189,35
9190,47
9191,127
9192,607
9193,501
9194,515
9195,427
9196,561
9197,22
9198,742
9199,250
9200,13
9201,628
9202,317
9203,382
9204,432
9205,181
9206,276
9207,208
9208,401
9209,40
9210,172
9211,106
9212,535
9213,675
9214,284
9215,701
9216,717
9217,601
9218,328
9219,371
9220,413
9221,139
9222,210
9223,778
9224,551
9225,685
9226,133
9227,449
9228,5
9229,189
9230,575
9231,698
9232,457
9233,164
9234,314
9235,684
9236,276
9237,586
9238,511
9239,74
9240,597
9241,770
9242,756
9243,197
9244,306
9245,340
9246,697
9247,44
9248,248
9249,22
9250,608
9251,560
9252,314
9253,260
9254,591
9255,8
9256,161
9257,315
9258,532
9259,80
9260,284
9261,229
9262,691
9263,470
9264,318
9265,550
9266,698
9267,332
9268,53
9269,689
9270,726
9271,531
9272,269
9273,312
9274,357
9275,395
9276,534
9277,451
9278,110
9279,365
9280,602
9281,364
9282,196
9283,10
9284,325
9285,688
9286,754
9287,24
9288,319
9289,276
9290,91
9291,315
9292,592
9293,429
9294,568
9295,517
9296,280
9297,551
9298,290
9299,597
9300,70
9301,226
9302,564
9303,491
9304,683
9305,63
9306,608
9307,97
9308,661
9309,503
9310,670
9311,471
9312,748
9313,575
9314,492
9315,510
9316,289
9317,454
9318,379
9319,380
9320,156
9321,753
9322,535
9323,221
9324,279
9325,400
9326,542
9327,303
9328,435
9329,639
9330,675
9331,321
9332,328
9333,296
9334,426
9335,211
9336,635
9337,199
9338,89
9339,233
9340,728
9341,56
9342,348
9343,207
9344,262
9345,518
9346,796
9347,209
9348,511
9349,418
9350,401
9351,623
9352,253
9353,442
9354,393
9355,110
9356,382
9357,12
9358,396
9359,703
9360,134
9361,56
9362,319
9363,138
9364,303
9365,544
9366,719
9367,438
9368,144
9369,188
9370,295
9371,539
9372,198
9373,170
9374,37
9375,654
9376,482
9377,129
9378,119
9379,735
9380,430
9381,156
9382,356
9383,738
9384,448
9385,759
9386,667
9387,110
9388,547
9389,522
9390,553
9391,703
9392,439
9393,473
9394,84
9395,500
9396,522
9397,547
9398,490
9399,160
9400,365
9401,297
9402,603
9403,227
9404,187
9405,237
9406,438
9407,524
9408,260
9409,379
9410,2
9411,117
9412,707
9413,644
9414,717
9415,202
9416,239
9417,649
9418,301
9419,536
9420,169
9421,318
9422,267
9423,691
9424,380
9425,250
9426,143
9427,696
9428,344
9429,599
9430,274
9431,151
9432,490
9433,104
9434,640
9435,462
9436,296
9437,622
9438,756
9439,759
9440,717
9441,432
9442,330
9443,311
9444,695
9445,740
9446,639
9447,423
9448,185
9449,401
9450,644
9451,69
9452,511
9453,448
9454,15
9455,362
9456,608
9457,98
9458,300
9459,477
9460,739
9461,296
9462,331
9463,319
9464,449
9465,407
9466,444
9467,631
9468,435
9469,692
9470,788
9471,529
9472,596
9473,608
9474,155
9475,520
9476,124
9477,275
9478,697
9479,196
9480,315
9481,52
9482,519
9483,521
9484,638
9485,759
9486,87
9487,12
9488,48
9489,134
9490,505
9491,279
9492,64
9493,523
9494,689
9495,456
9496,619
9497,536
9498,37
9499,416
9500,455
9501,255
9502,15
9503,630
9504,618
9505,742
9506,303
9507,316
9508,174
9509,133
9510,233
9511,147
9512,328
9513,400
9514,286
9515,615
9516,743
9517,229
9518,178
9519,434
9520,753
9521,348
9522,767
9523,44
9524,446
9525,35
9526,587
9527,382
9528,122
9529,662
9530,787
9531,471
9532,775
9533,395
9534,93
9535,679
9536,33
9537,341
9538,597
9539,567
9540,762
9541,138
9542,492
9543,177
9544,799
9545,216
9546,511
9547,349
9548,79
9549,705
9550,781
9551,621
9552,159
9553,460
9554,477
9555,642
9556,758
9557,248
9558,512
9559,295
9560,135
9561,305
9562,575
9563,87
9564,13
9565,505
9566,349
9567,517
9568,576
9569,550
9570,473
9571,553
9572,414
9573,341
9574,765
9575,317
9576,580
9577,50
9578,34
9579,779
9580,686
9581,436
9582,775
9583,458
9584,339
9585,777
9586,318
9587,698
9588,200
9589,617
9590,444
9591,519
9592,190
9593,250
9594,364
9595,672
9596,14
9597,323
9598,665
9599,200
9600,220
9601,709
9602,592
9603,95
9604,347
9605,102
9606,331
9607,172
9608,8
9609,645
9610,632
9611,782
9612,121
9613,610
9614,20
9615,424
9616,655
9617,60
9618,386
9619,8
9620,475
9621,628
9622,699
9623,650
9624,279
9625,650
9626,561
9627,620
9628,679
9629,570
9630,575
9631,202
9632,731
9633,710
9634,662
9635,275
9636,746
9637,576
9638,601
9639,165
9640,307
9641,745
9642,685
9643,436
9644,386
9645,86
9646,546
9647,687
9648,214
9649,777
9650,103
9651,769
9652,171
9653,380
9654,564
9655,505
9656,757
9657,142
9658,788
9659,783
9660,591
9661,581
9662,154
9663,210
9664,219
9665,365
9666,651
9667,358
9668,446
9669,201
9670,253
9671,593
9672,791
9673,706
9674,246
9675,588
9676,255
9677,733
9678,747
9679,402
9680,520
9681,169
9682,737
9683,195
9684,539
9685,569
9686,345
9687,467
9688,49
9689,754
9690,646
9691,546
9692,250
9693,141
9694,310
9695,522
9696,297
9697,557
9698,603
9699,514
9700,8
9701,780
9702,179
9703,67
9704,269
9705,706
9706,707
9707,227
9708,607
9709,164
9710,168
9711,410
9712,331
9713,706
9714,114
9715,145
9716,269
9717,274
9718,405
9719,439
9720,549
9721,215
9722,682
9723,498
9724,697
9725,724
9726,76
9727,446
9728,630
9729,610
9730,658
9731,744
9732,199
9733,166
9734,623
9735,563
9736,248
9737,754
9738,660
9739,461
9740,354
9741,670
9742,501
9743,534
9744,308
9745,750
9746,339
9747,141
9748,75
9749,546
9750,407
9751,583
9752,328
9753,469
9754,353
9755,506
9756,743
9757,521
9758,499
9759,95
9760,91
9761,638
9762,463
9763,800
9764,670
9765,349
9766,126
9767,669
9768,338
9769,102
9770,771
9771,684
9772,566
9773,755
9774,374
9775,278
9776,674
9777,614
9778,508
9779,195
9780,268
9781,186
9782,352
9783,676
9784,237
9785,378
9786,196
9787,387
9788,3
9789,83
9790,735
9791,788
9792,514
9793,117
9794,393
9795,307
9796,438
9797,542
9798,263
9799,235
9800,257
9801,55
9802,41
9803,552
9804,4
9805,473
9806,741
9807,524
9808,665
9809,20
9810,29
9811,629
9812,137
9813,537
9814,227
9815,450
9816,10
9817,641
9818,195
9819,778
9820,517
9821,151
9822,737
9823,44
9824,251
9825,634
9826,567
9827,690
9828,161
9829,61
9830,189
9831,416
9832,431
9833,579
9834,274
9835,555
9836,449
9837,561
9838,79
9839,630
9840,585
9841,565
9842,534
9843,497
9844,730
9845,63
9846,638
9847,147
9848,166
9849,96
9850,743
9851,215
9852,585
9853,493
9854,151
9855,383
9856,722
9857,56
9858,61
9859,90
9860,619
9861,616
9862,175
9863,724
9864,400
9865,315
9866,344
9867,390
9868,228
9869,177
9870,173
9871,526
9872,58
9873,375
9874,799
9875,211
9876,628
9877,341
9878,460
9879,460
9880,120
9881,236
9882,609
9883,398
9884,795
9885,539
9886,600
9887,723
9888,368
9889,484
9890,328
9891,493
9892,592
9893,795
9894,557
9895,273
9896,625
9897,783
9898,262
9899,732
9900,745
9901,431
9902,110
9903,615
9904,485
9905,167
9906,657
9907,360
9908,730
9909,238
9910,270
9911,285
9912,477
9913,315
9914,711
9915,472
9916,649
9917,215
9918,184
9919,774
9920,13
9921,419
9922,13
9923,648
9924,540
9925,346
9926,68
9927,28
9928,486
9929,401
9930,639
9931,409
9932,408
9933,125
9934,73
9935,268
9936,495
9937,711
9938,319
9939,735
9940,428
9941,706
9942,396
9943,269
9944,744
9945,663
9946,74
9947,290
9948,196
9949,181
9950,163
9951,42
9952,407
9953,715
9954,368
9955,392
9956,81
9957,665
9958,787
9959,452
9960,492
9961,685
9962,758
9963,172
9964,761
9965,484
9966,526
9967,521
9968,401
9969,490
9970,684
9971,350
9972,385
9973,156
9974,754
9975,153
9976,431
9977,589
9978,1
9979,695
9980,255
9981,662
9982,657
9983,220
9984,787
9985,345
9986,472
9987,375
9988,471
9989,680
9990,478
9991,153
9992,678
9993,669
9994,34
9995,270
9996,11
9997,494
9998,13
9999,576
10000,453
