1000
10,325
20,77
30,660
40,396
50,303
60,27
70,301
80,301
90,267
100,161
110,276
120,772
130,587
140,382
150,136
160,604
170,550
180,218
190,35
200,30
210,793
220,19
230,321
240,606
250,182
260,427
270,448
280,66
290,22
300,104
310,531
320,753
330,452
340,721
350,678
360,506
370,172
380,689
390,688
400,133
410,213
420,592
430,157
440,326
450,459
460,204
470,162
480,173
490,8
500,115
510,358
520,595
530,533
540,719
550,134
560,605
570,611
580,164
590,382
600,283
610,310
620,223
630,469
640,581
650,215
660,711
670,209
680,547
690,5
700,538
710,260
720,407
730,250
740,357
750,74
760,247
770,89
780,500
790,192
800,392
810,442
820,422
830,608
840,82
850,255
860,233
870,278
880,669
890,720
900,308
910,606
920,123
930,709
940,141
950,328
960,482
970,561
980,684
990,679
1000,523
1010,480
1020,58
1030,290
1040,410
1050,195
1060,4
1070,431
1080,173
1090,461
1100,173
1110,226
1120,4
1130,253
1140,488
1150,228
1160,294
1170,672
1180,753
1190,686
1200,327
1210,681
1220,710
1230,393
1240,137
1250,665
1260,318
1270,399
1280,257
1290,700
1300,101
1310,506
1320,164
1330,157
1340,57
1350,482
1360,447
1370,241
1380,103
1390,39
1400,303
1410,405
1420,157
1430,472
1440,211
1450,240
1460,507
1470,195
1480,242
1490,622
1500,232
1510,574
1520,19
1530,199
1540,99
1550,586
1560,137
1570,739
1580,308
1590,653
1600,79
1610,420
1620,537
1630,630
1640,334
1650,412
1660,584
1670,330
1680,74
1690,519
1700,597
1710,492
1720,455
1730,386
1740,794
1750,740
1760,551
1770,410
1780,111
1790,642
1800,46
1810,507
1820,195
1830,700
1840,224
1850,571
1860,318
1870,74
1880,759
1890,96
1900,228
1910,244
1920,474
1930,202
1940,378
1950,636
1960,642
1970,180
1980,49
1990,666
2000,527
2010,61
2020,346
2030,341
2040,120
2050,91
2060,193
2070,50
2080,586
2090,193
2100,364
2110,288
2120,252
2130,329
2140,168
2150,209
2160,794
2170,553
2180,377
2190,466
2200,417
2210,593
2220,27
2230,406
2240,107
2250,731
2260,117
2270,681
2280,442
2290,490
2300,144
2310,611
2320,157
2330,762
2340,68
2350,674
2360,324
2370,219
2380,10
2390,430
2400,179
2410,456
2420,359
2430,60
2440,529
2450,329
2460,288
2470,83
2480,486
2490,422
2500,290
2510,569
2520,459
2530,666
2540,556
2550,359
2560,162
2570,208
2580,643
2590,419
2600,48
2610,406
2620,562
2630,323
2640,460
2650,345
2660,686
2670,486
2680,78
2690,467
2700,210
2710,514
2720,780
2730,116
2740,409
2750,519
2760,182
2770,226
2780,131
2790,397
2800,694
2810,639
2820,325
2830,664
2840,126
2850,623
2860,39
2870,605
2880,123
2890,667
2900,143
2910,527
2920,534
2930,362
2940,313
2950,753
2960,312
2970,723
2980,271
2990,259
3000,242
3010,121
3020,439
3030,548
3040,504
3050,152
3060,645
3070,289
3080,459
3090,257
3100,127
3110,164
3120,582
3130,710
3140,444
3150,577
3160,511
3170,124
3180,337
3190,30
3200,160
3210,87
3220,791
3230,429
3240,546
3250,104
3260,50
3270,392
3280,798
3290,566
3300,790
3310,136
3320,378
3330,443
3340,796
3350,386
3360,618
3370,619
3380,608
3390,279
3400,654
3410,10
3420,778
3430,591
3440,414
3450,655
3460,752
3470,362
3480,710
3490,679
3500,626
3510,409
3520,506
3530,704
3540,444
3550,227
3560,504
3570,27
3580,584
3590,224
3600,642
3610,58
3620,646
3630,700
3640,609
3650,59
3660,397
3670,93
3680,219
3690,263
3700,646
3710,111
3720,19
3730,669
3740,484
3750,525
3760,287
3770,267
3780,539
3790,371
3800,584
3810,329
3820,58
3830,699
3840,240
3850,723
3860,537
3870,422
3880,617
3890,309
3900,5
3910,74
3920,647
3930,264
3940,227
3950,742
3960,472
3970,147
3980,152
3990,747
4000,715
4010,330
4020,304
4030,347
4040,666
4050,247
4060,756
4070,108
4080,662
4090,174
4100,723
4110,733
4120,515
4130,536
4140,639
4150,345
4160,274
4170,637
4180,578
4190,238
4200,680
4210,258
4220,600
4230,760
4240,318
4250,295
4260,445
4270,47
4280,383
4290,227
4300,126
4310,637
4320,113
4330,583
4340,125
4350,110
4360,279
4370,226
4380,436
4390,624
4400,700
4410,708
4420,100
4430,229
4440,562
4450,473
4460,690
4470,382
4480,127
4490,135
4500,40
4510,157
4520,90
4530,242
4540,775
4550,47
4560,301
4570,267
4580,686
4590,760
4600,85
4610,547
4620,315
4630,466
4640,295
4650,316
4660,440
4670,514
4680,217
4690,396
4700,523
4710,554
4720,788
4730,163
4740,582
4750,167
4760,620
4770,312
4780,523
4790,732
4800,516
4810,15
4820,460
4830,633
4840,447
4850,632
4860,772
4870,793
4880,211
4890,468
4900,152
4910,170
4920,511
4930,674
4940,14
4950,750
4960,104
4970,364
4980,362
4990,291
5000,223
5010,292
5020,385
5030,621
5040,476
5050,459
5060,646
5070,458
5080,774
5090,710
5100,308
5110,106
5120,530
5130,302
5140,529
5150,227
5160,363
5170,137
5180,592
5190,102
5200,664
5210,718
5220,206
5230,482
5240,240
5250,678
5260,585
5270,221
5280,622
5290,516
5300,184
5310,410
5320,533
5330,35
5340,583
5350,247
5360,606
5370,209
5380,177
5390,691
5400,258
5410,100
5420,540
5430,105
5440,616
5450,157
5460,190
5470,328
5480,72
5490,746
5500,510
5510,275
5520,711
5530,736
5540,515
5550,389
5560,150
5570,126
5580,427
5590,26
5600,257
5610,334
5620,771
5630,111
5640,177
5650,567
5660,287
5670,601
5680,46
5690,777
5700,710
5710,614
5720,613
5730,177
5740,316
5750,721
5760,161
5770,392
5780,128
5790,480
5800,631
5810,65
5820,197
5830,759
5840,271
5850,699
5860,197
5870,457
5880,282
5890,465
5900,548
5910,127
5920,422
5930,159
5940,757
5950,325
5960,292
5970,89
5980,499
5990,647
6000,622
6010,546
6020,282
6030,1
6040,242
6050,390
6060,596
6070,40
6080,75
6090,582
6100,672
6110,309
6120,132
6130,653
6140,441
6150,701
6160,358
6170,410
6180,765
6190,692
6200,92
6210,414
6220,729
6230,706
6240,215
6250,730
6260,334
6270,102
6280,427
6290,303
6300,273
6310,600
6320,247
6330,578
6340,468
6350,335
6360,367
6370,623
6380,477
6390,537
6400,768
6410,381
6420,80
6430,45
6440,506
6450,362
6460,264
6470,96
6480,318
6490,258
6500,468
6510,720
6520,508
6530,350
6540,700
6550,559
6560,107
6570,592
6580,454
6590,437
6600,649
6610,49
6620,328
6630,774
6640,657
6650,79
6660,30
6670,280
6680,788
6690,93
6700,62
6710,382
6720,338
6730,234
6740,243
6750,454
6760,134
6770,477
6780,643
6790,339
6800,61
6810,780
6820,42
6830,164
6840,590
6850,497
6860,706
6870,504
6880,219
6890,116
6900,617
6910,295
6920,651
6930,339
6940,478
6950,632
6960,142
6970,61
6980,760
6990,158
7000,639
7010,429
7020,331
7030,139
7040,150
7050,686
7060,572
7070,557
7080,250
7090,452
7100,427
7110,175
7120,88
7130,29
7140,649
7150,16
7160,785
7170,116
7180,676
7190,577
7200,405
7210,105
7220,72
7230,36
7240,659
7250,1
7260,441
7270,439
7280,74
7290,7
7300,728
7310,227
7320,144
7330,169
7340,6
7350,67
7360,219
7370,304
7380,98
7390,360
7400,347
7410,46
7420,461
7430,650
7440,128
7450,734
7460,424
7470,214
7480,785
7490,88
7500,396
7510,633
7520,535
7530,614
7540,3
7550,244
7560,140
7570,315
7580,65
7590,711
7600,447
7610,334
7620,521
7630,752
7640,176
7650,639
7660,626
7670,19
7680,392
7690,181
7700,562
7710,580
7720,190
7730,69
7740,702
7750,663
7760,369
7770,65
7780,19
7790,620
7800,781
7810,110
7820,674
7830,352
7840,177
7850,756
7860,333
7870,750
7880,705
7890,251
7900,546
7910,267
7920,400
7930,252
7940,91
7950,683
7960,411
7970,49
7980,612
7990,346
8000,127
8010,658
8020,114
8030,168
8040,419
8050,111
8060,740
8070,716
8080,489
8090,392
8100,348
8110,594
8120,526
8130,77
8140,711
8150,230
8160,80
8170,323
8180,711
8190,656
8200,424
8210,707
8220,248
8230,77
8240,557
8250,636
8260,600
8270,534
8280,91
8290,578
8300,740
8310,597
8320,82
8330,629
8340,2
8350,437
8360,154
8370,487
8380,515
8390,462
8400,487
8410,255
8420,530
8430,370
8440,186
8450,73
8460,474
8470,390
8480,651
8490,795
8500,110
8510,167
8520,322
8530,149
8540,320
8550,119
8560,754
8570,680
8580,61
8590,653
8600,572
8610,463
8620,207
8630,15
8640,689
8650,261
8660,273
8670,587
8680,407
8690,374
8700,442
8710,462
8720,119
8730,722
8740,35
8750,231
8760,601
8770,559
8780,62
8790,377
8800,645
8810,151
8820,623
8830,210
8840,698
8850,46
8860,120
8870,422
8880,371
8890,367
8900,387
8910,502
8920,90
8930,685
8940,105
8950,647
8960,141
8970,703
8980,463
8990,630
9000,486
9010,144
9020,125
9030,130
9040,126
9050,755
9060,230
9070,687
9080,540
9090,360
9100,73
9110,760
9120,40
9130,689
9140,253
9150,664
9160,20
9170,113
9180,28
9190,723
9200,469
9210,729
9220,234
9230,532
9240,712
9250,661
9260,687
9270,236
9280,574
9290,2
9300,492
9310,518
9320,202
9330,712
9340,478
9350,686
9360,467
9370,771
9380,518
9390,447
9400,557
9410,457
9420,582
9430,132
9440,723
9450,233
9460,311
9470,385
9480,445
9490,145
9500,474
9510,314
9520,515
9530,309
9540,41
9550,257
9560,296
9570,530
9580,436
9590,525
9600,46
9610,414
9620,161
9630,268
9640,678
9650,665
9660,449
9670,307
9680,353
9690,8
9700,291
9710,199
9720,653
9730,769
9740,302
9750,313
9760,170
9770,349
9780,211
9790,631
9800,712
9810,457
9820,350
9830,494
9840,121
9850,630
9860,84
9870,532
9880,647
9890,442
9900,139
9910,560
9920,722
9930,718
9940,444
9950,283
9960,552
9970,5
9980,331
9990,678
10000,77
