5000
2,216
4,689
6,451
8,581
10,785
12,581
14,93
16,361
18,132
20,6
22,797
24,389
26,197
28,284
30,347
32,729
34,204
36,493
38,584
40,356
42,200
44,335
46,111
48,442
50,198
52,372
54,637
56,434
58,27
60,643
62,706
64,281
66,57
68,456
70,102
72,229
74,77
76,650
78,760
80,738
82,122
84,60
86,624
88,599
90,384
92,255
94,480
96,710
98,127
100,517
102,244
104,363
106,322
108,19
110,230
112,487
114,126
116,696
118,430
120,368
122,2
124,749
126,517
128,204
130,323
132,315
134,255
136,153
138,24
140,330
142,315
144,273
146,167
148,630
150,739
152,640
154,455
156,324
158,431
160,158
162,478
164,304
166,173
168,116
170,98
172,605
174,436
176,9
178,574
180,433
182,632
184,522
186,513
188,528
190,271
192,320
194,155
196,133
198,508
200,499
202,262
204,520
206,252
208,534
210,724
212,263
214,59
216,646
218,240
220,598
222,576
224,143
226,694
228,295
230,8
232,197
234,357
236,473
238,63
240,425
242,161
244,696
246,599
248,598
250,38
252,573
254,425
256,353
258,299
260,241
262,718
264,390
266,8
268,230
270,205
272,424
274,150
276,220
278,118
280,460
282,624
284,766
286,275
288,340
290,168
292,555
294,729
296,496
298,224
300,531
302,632
304,686
306,482
308,195
310,110
312,473
314,353
316,406
318,390
320,553
322,458
324,800
326,616
328,440
330,140
332,61
334,293
336,30
338,705
340,85
342,534
344,10
346,681
348,642
350,62
352,723
354,102
356,630
358,771
360,35
362,500
364,195
366,694
368,24
370,613
372,143
374,138
376,269
378,162
380,313
382,422
384,692
386,50
388,559
390,421
392,685
394,677
396,293
398,458
400,667
402,357
404,777
406,276
408,679
410,598
412,92
414,38
416,264
418,766
420,411
422,342
424,195
426,40
428,779
430,469
432,99
434,613
436,567
438,614
440,623
442,120
444,178
446,513
448,66
450,757
452,616
454,59
456,303
458,55
460,770
462,9
464,325
466,782
468,560
470,727
472,476
474,10
476,775
478,61
480,631
482,545
484,391
486,340
488,129
490,332
492,280
494,289
496,148
498,431
500,20
502,791
504,762
506,69
508,118
510,285
512,89
514,482
516,374
518,178
520,734
522,208
524,185
526,563
528,523
530,375
532,52
534,156
536,616
538,521
540,77
542,138
544,483
546,799
548,528
550,666
552,395
554,674
556,357
558,40
560,328
562,605
564,289
566,618
568,776
570,462
572,520
574,679
576,691
578,303
580,109
582,164
584,205
586,644
588,363
590,383
592,548
594,248
596,238
598,379
600,282
602,442
604,445
606,217
608,371
610,511
612,102
614,348
616,373
618,758
620,725
622,401
624,473
626,773
628,105
630,697
632,90
634,795
636,674
638,247
640,117
642,425
644,522
646,361
648,455
650,730
652,351
654,125
656,712
658,37
660,674
662,27
664,407
666,110
668,521
670,177
672,634
674,748
676,178
678,248
680,688
682,242
684,131
686,287
688,630
690,769
692,257
694,55
696,137
698,635
700,10
702,443
704,525
706,337
708,106
710,482
712,52
714,565
716,297
718,776
720,190
722,302
724,305
726,16
728,443
730,227
732,80
734,20
736,297
738,507
740,665
742,385
744,234
746,135
748,748
750,93
752,216
754,333
756,95
758,511
760,30
762,45
764,332
766,716
768,181
770,762
772,700
774,631
776,720
778,460
780,741
782,194
784,675
786,336
788,70
790,408
792,133
794,380
796,364
798,264
800,168
802,776
804,774
806,649
808,595
810,372
812,753
814,328
816,563
818,611
820,649
822,39
824,433
826,221
828,254
830,199
832,260
834,212
836,456
838,113
840,261
842,620
844,497
846,255
848,622
850,168
852,112
854,681
856,682
858,176
860,618
862,132
864,538
866,782
868,484
870,118
872,270
874,797
876,716
878,466
880,461
882,262
884,732
886,736
888,440
890,314
892,233
894,403
896,642
898,546
900,591
902,456
904,76
906,219
908,337
910,587
912,98
914,361
916,391
918,194
920,537
922,568
924,422
926,743
928,674
930,51
932,595
934,574
936,295
938,735
940,586
942,379
944,714
946,559
948,451
950,190
952,240
954,61
956,607
958,107
960,707
962,717
964,354
966,626
968,90
970,681
972,480
974,518
976,227
978,424
980,694
982,453
984,149
986,585
988,629
990,509
992,121
994,656
996,593
998,618
1000,463
1002,378
1004,72
1006,383
1008,80
1010,295
1012,124
1014,643
1016,794
1018,214
1020,630
1022,47
1024,339
1026,333
1028,185
1030,441
1032,272
1034,361
1036,674
1038,413
1040,440
1042,612
1044,41
1046,379
1048,556
1050,661
1052,502
1054,317
1056,199
1058,74
1060,709
1062,391
1064,551
1066,761
1068,32
1070,678
1072,223
1074,488
1076,179
1078,761
1080,506
1082,771
1084,104
1086,614
1088,319
1090,205
1092,270
1094,190
1096,759
1098,618
1100,481
1102,18
1104,721
1106,728
1108,302
1110,574
1112,549
1114,563
1116,643
1118,129
1120,98
1122,240
1124,179
1126,85
1128,137
1130,741
1132,55
1134,192
1136,459
1138,480
1140,475
1142,397
1144,96
1146,201
1148,418
1150,538
1152,521
1154,705
1156,108
1158,449
1160,581
1162,100
1164,566
1166,200
1168,56
1170,731
1172,399
1174,586
1176,445
1178,719
1180,534
1182,570
1184,380
1186,1
1188,503
1190,263
1192,230
1194,574
1196,251
1198,416
1200,706
1202,645
1204,605
1206,761
1208,475
1210,475
1212,180
1214,584
1216,716
1218,316
1220,667
1222,497
1224,578
1226,419
1228,178
1230,89
1232,679
1234,738
1236,323
1238,376
1240,464
1242,552
1244,270
1246,718
1248,272
1250,567
1252,107
1254,773
1256,287
1258,97
1260,29
1262,653
1264,628
1266,494
1268,409
1270,783
1272,14
1274,296
1276,655
1278,242
1280,764
1282,790
1284,346
1286,131
1288,129
1290,31
1292,436
1294,18
1296,521
1298,427
1300,541
1302,385
1304,98
1306,201
1308,94
1310,97
1312,766
1314,768
1316,402
1318,667
1320,236
1322,307
1324,290
1326,655
1328,584
1330,175
1332,683
1334,82
1336,18
1338,525
1340,197
1342,220
1344,214
1346,500
1348,733
1350,84
1352,469
1354,316
1356,615
1358,668
1360,258
1362,242
1364,8
1366,201
1368,83
1370,56
1372,131
1374,69
1376,718
1378,509
1380,45
1382,715
1384,301
1386,337
1388,206
1390,264
1392,378
1394,578
1396,92
1398,530
1400,799
1402,213
1404,88
1406,331
1408,501
1410,794
1412,569
1414,244
1416,217
1418,657
1420,232
1422,6
1424,158
1426,397
1428,773
1430,624
1432,576
1434,487
1436,326
1438,624
1440,342
1442,420
1444,599
1446,521
1448,225
1450,236
1452,609
1454,57
1456,603
1458,441
1460,275
1462,21
1464,350
1466,27
1468,170
1470,789
1472,145
1474,548
1476,303
1478,464
1480,693
1482,114
1484,530
1486,25
1488,327
1490,79
1492,795
1494,333
1496,323
1498,166
1500,578
1502,573
1504,112
1506,111
1508,391
1510,645
1512,290
1514,750
1516,372
1518,584
1520,192
1522,53
1524,760
1526,37
1528,415
1530,282
1532,280
1534,500
1536,546
1538,522
1540,457
1542,783
1544,247
1546,112
1548,561
1550,93
1552,360
1554,55
1556,548
1558,752
1560,34
1562,206
1564,273
1566,337
1568,656
1570,629
1572,576
1574,111
1576,140
1578,99
1580,201
1582,209
1584,563
1586,356
1588,472
1590,610
1592,762
1594,768
1596,289
1598,349
1600,785
1602,711
1604,182
1606,243
1608,776
1610,111
1612,676
1614,85
1616,787
1618,669
1620,234
1622,716
1624,355
1626,482
1628,422
1630,142
1632,455
1634,709
1636,195
1638,530
1640,206
1642,555
1644,212
1646,357
1648,369
1650,652
1652,242
1654,296
1656,58
1658,778
1660,332
1662,298
1664,619
1666,303
1668,23
1670,703
1672,48
1674,691
1676,607
1678,529
1680,718
1682,55
1684,394
1686,140
1688,41
1690,163
1692,396
1694,6
1696,141
1698,427
1700,233
1702,12
1704,127
1706,23
1708,123
1710,546
1712,42
1714,504
1716,722
1718,335
1720,141
1722,139
1724,446
1726,673
1728,480
1730,228
1732,75
1734,454
1736,229
1738,426
1740,151
1742,550
1744,496
1746,532
1748,314
1750,684
1752,729
1754,41
1756,458
1758,734
1760,595
1762,258
1764,685
1766,87
1768,574
1770,619
1772,434
1774,39
1776,146
1778,242
1780,489
1782,220
1784,88
1786,439
1788,408
1790,453
1792,70
1794,317
1796,743
1798,42
1800,600
1802,169
1804,60
1806,6
1808,542
1810,16
1812,641
1814,215
1816,709
1818,259
1820,502
1822,308
1824,444
1826,326
1828,209
1830,17
1832,468
1834,649
1836,617
1838,477
1840,719
1842,65
1844,757
1846,665
1848,97
1850,59
1852,563
1854,571
1856,365
1858,651
1860,507
1862,275
1864,81
1866,324
1868,720
1870,233
1872,401
1874,418
1876,587
1878,282
1880,99
1882,640
1884,586
1886,78
1888,157
1890,658
1892,793
1894,115
1896,11
1898,387
1900,696
1902,725
1904,26
1906,148
1908,691
1910,367
1912,749
1914,598
1916,464
1918,193
1920,205
1922,718
1924,275
1926,449
1928,756
1930,730
1932,241
1934,183
1936,391
1938,249
1940,144
1942,175
1944,617
1946,417
1948,69
1950,754
1952,748
1954,42
1956,609
1958,460
1960,701
1962,56
1964,636
1966,711
1968,702
1970,142
1972,113
1974,176
1976,88
1978,704
1980,108
1982,420
1984,297
1986,367
1988,751
1990,757
1992,395
1994,738
1996,739
1998,772
2000,252
2002,228
2004,92
2006,796
2008,750
2010,561
2012,143
2014,198
2016,265
2018,676
2020,679
2022,615
2024,757
2026,406
2028,728
2030,669
2032,103
2034,480
2036,12
2038,260
2040,493
2042,503
2044,569
2046,173
2048,210
2050,161
2052,787
2054,109
2056,375
2058,290
2060,424
2062,612
2064,392
2066,279
2068,608
2070,721
2072,733
2074,711
2076,171
2078,214
2080,97
2082,225
2084,531
2086,341
2088,344
2090,290
2092,570
2094,579
2096,51
2098,683
2100,57
2102,675
2104,547
2106,628
2108,32
2110,286
2112,375
2114,329
2116,751
2118,549
2120,202
2122,397
2124,282
2126,763
2128,137
2130,742
2132,79
2134,473
2136,518
2138,299
2140,620
2142,740
2144,266
2146,74
2148,459
2150,516
2152,593
2154,48
2156,659
2158,612
2160,784
2162,258
2164,306
2166,523
2168,711
2170,646
2172,431
2174,601
2176,279
2178,725
2180,482
2182,667
2184,238
2186,622
2188,564
2190,64
2192,173
2194,572
2196,512
2198,580
2200,346
2202,686
2204,601
2206,641
2208,525
2210,180
2212,786
2214,251
2216,425
2218,282
2220,169
2222,165
2224,703
2226,609
2228,715
2230,527
2232,401
2234,90
2236,683
2238,451
2240,65
2242,175
2244,651
2246,421
2248,618
2250,752
2252,667
2254,282
2256,400
2258,545
2260,340
2262,648
2264,722
2266,284
2268,395
2270,296
2272,58
2274,530
2276,522
2278,603
2280,773
2282,38
2284,543
2286,307
2288,319
2290,734
2292,49
2294,193
2296,53
2298,485
2300,523
2302,162
2304,733
2306,38
2308,322
2310,550
2312,378
2314,284
2316,21
2318,250
2320,378
2322,260
2324,237
2326,227
2328,184
2330,288
2332,199
2334,395
2336,575
2338,392
2340,227
2342,496
2344,205
2346,780
2348,471
2350,22
2352,800
2354,337
2356,593
2358,778
2360,203
2362,379
2364,539
2366,335
2368,529
2370,754
2372,313
2374,592
2376,774
2378,498
2380,777
2382,610
2384,772
2386,147
2388,326
2390,672
2392,480
2394,205
2396,652
2398,128
2400,13
2402,168
2404,266
2406,37
2408,345
2410,175
2412,681
2414,645
2416,320
2418,722
2420,260
2422,456
2424,754
2426,171
2428,7
2430,543
2432,352
2434,204
2436,355
2438,299
2440,6
2442,339
2444,286
2446,753
2448,202
2450,465
2452,788
2454,15
2456,740
2458,783
2460,375
2462,373
2464,29
2466,253
2468,74
2470,28
2472,299
2474,469
2476,122
2478,106
2480,208
2482,306
2484,103
2486,82
2488,453
2490,738
2492,528
2494,622
2496,545
2498,257
2500,450
2502,454
2504,140
2506,498
2508,589
2510,759
2512,290
2514,511
2516,277
2518,30
2520,645
2522,739
2524,107
2526,694
2528,101
2530,81
2532,14
2534,86
2536,75
2538,263
2540,349
2542,175
2544,92
2546,718
2548,25
2550,364
2552,560
2554,669
2556,259
2558,560
2560,295
2562,728
2564,37
2566,688
2568,632
2570,485
2572,501
2574,345
2576,508
2578,423
2580,122
2582,698
2584,603
2586,89
2588,635
2590,526
2592,628
2594,587
2596,236
2598,159
2600,206
2602,98
2604,508
2606,296
2608,448
2610,303
2612,289
2614,24
2616,724
2618,89
2620,354
2622,589
2624,433
2626,732
2628,545
2630,695
2632,48
2634,713
2636,697
2638,396
2640,425
2642,781
2644,746
2646,474
2648,520
2650,474
2652,136
2654,573
2656,620
2658,454
2660,542
2662,643
2664,775
2666,229
2668,521
2670,436
2672,552
2674,628
2676,27
2678,567
2680,652
2682,690
2684,395
2686,678
2688,28
2690,237
2692,159
2694,50
2696,392
2698,776
2700,193
2702,717
2704,557
2706,13
2708,669
2710,754
2712,374
2714,93
2716,505
2718,393
2720,403
2722,572
2724,440
2726,297
2728,634
2730,206
2732,474
2734,120
2736,619
2738,385
2740,752
2742,46
2744,386
2746,359
2748,426
2750,223
2752,386
2754,218
2756,778
2758,625
2760,420
2762,324
2764,237
2766,367
2768,210
2770,1
2772,523
2774,141
2776,188
2778,31
2780,297
2782,192
2784,514
2786,691
2788,208
2790,758
2792,28
2794,253
2796,196
2798,77
2800,159
2802,693
2804,467
2806,631
2808,771
2810,10
2812,794
2814,341
2816,447
2818,610
2820,773
2822,406
2824,373
2826,149
2828,390
2830,605
2832,332
2834,679
2836,60
2838,112
2840,200
2842,385
2844,657
2846,418
2848,797
2850,270
2852,552
2854,63
2856,219
2858,446
2860,650
2862,79
2864,521
2866,206
2868,775
2870,372
2872,132
2874,206
2876,578
2878,756
2880,384
2882,64
2884,752
2886,305
2888,491
2890,256
2892,414
2894,26
2896,158
2898,444
2900,162
2902,483
2904,438
2906,595
2908,257
2910,747
2912,503
2914,340
2916,69
2918,759
2920,109
2922,92
2924,718
2926,184
2928,438
2930,12
2932,590
2934,369
2936,745
2938,396
2940,226
2942,96
2944,602
2946,700
2948,714
2950,783
2952,540
2954,548
2956,753
2958,309
2960,460
2962,754
2964,252
2966,677
2968,492
2970,773
2972,33
2974,79
2976,187
2978,747
2980,104
2982,623
2984,260
2986,509
2988,581
2990,575
2992,581
2994,742
2996,445
2998,133
3000,306
3002,740
3004,394
3006,381
3008,131
3010,259
3012,616
3014,264
3016,334
3018,104
3020,23
3022,155
3024,592
3026,535
3028,704
3030,390
3032,286
3034,34
3036,116
3038,729
3040,606
3042,17
3044,213
3046,377
3048,717
3050,3
3052,509
3054,4
3056,302
3058,669
3060,608
3062,361
3064,410
3066,135
3068,175
3070,516
3072,27
3074,461
3076,328
3078,148
3080,457
3082,653
3084,695
3086,626
3088,541
3090,387
3092,652
3094,455
3096,252
3098,619
3100,171
3102,15
3104,215
3106,200
3108,220
3110,405
3112,633
3114,250
3116,645
3118,32
3120,182
3122,416
3124,184
3126,292
3128,20
3130,52
3132,338
3134,382
3136,570
3138,353
3140,593
3142,431
3144,787
3146,659
3148,579
3150,291
3152,771
3154,580
3156,2
3158,713
3160,102
3162,229
3164,730
3166,452
3168,67
3170,732
3172,80
3174,71
3176,490
3178,70
3180,188
3182,671
3184,780
3186,657
3188,430
3190,83
3192,339
3194,554
3196,363
3198,326
3200,260
3202,269
3204,193
3206,323
3208,15
3210,797
3212,511
3214,166
3216,672
3218,68
3220,42
3222,477
3224,201
3226,554
3228,729
3230,145
3232,108
3234,483
3236,739
3238,431
3240,523
3242,612
3244,782
3246,224
3248,780
3250,22
3252,266
3254,168
3256,287
3258,537
3260,474
3262,56
3264,615
3266,382
3268,502
3270,659
3272,174
3274,32
3276,238
3278,54
3280,409
3282,485
3284,249
3286,795
3288,738
3290,796
3292,40
3294,175
3296,479
3298,14
3300,391
3302,756
3304,141
3306,329
3308,497
3310,130
3312,141
3314,402
3316,783
3318,29
3320,167
3322,548
3324,677
3326,129
3328,769
3330,254
3332,650
3334,119
3336,155
3338,698
3340,100
3342,687
3344,569
3346,753
3348,103
3350,524
3352,300
3354,208
3356,611
3358,198
3360,607
3362,31
3364,541
3366,39
3368,750
3370,556
3372,18
3374,401
3376,238
3378,452
3380,351
3382,362
3384,742
3386,220
3388,793
3390,443
3392,270
3394,196
3396,84
3398,444
3400,635
3402,179
3404,522
3406,467
3408,407
3410,685
3412,297
3414,590
3416,247
3418,12
3420,596
3422,629
3424,109
3426,35
3428,266
3430,323
3432,775
3434,91
3436,227
3438,65
3440,219
3442,493
3444,336
3446,641
3448,110
3450,702
3452,694
3454,530
3456,479
3458,417
3460,523
3462,654
3464,395
3466,383
3468,92
3470,410
3472,296
3474,788
3476,144
3478,455
3480,478
3482,737
3484,693
3486,237
3488,687
3490,384
3492,273
3494,608
3496,487
3498,376
3500,791
3502,208
3504,744
3506,418
3508,604
3510,84
3512,369
3514,81
3516,738
3518,45
3520,562
3522,382
3524,126
3526,259
3528,47
3530,626
3532,249
3534,485
3536,374
3538,668
3540,790
3542,388
3544,212
3546,540
3548,278
3550,338
3552,225
3554,537
3556,758
3558,571
3560,618
3562,470
3564,544
3566,18
3568,739
3570,198
3572,31
3574,425
3576,98
3578,220
3580,4
3582,260
3584,95
3586,762
3588,645
3590,282
3592,354
3594,309
3596,570
3598,153
3600,189
3602,33
3604,623
3606,727
3608,554
3610,141
3612,143
3614,383
3616,688
3618,715
3620,270
3622,482
3624,392
3626,234
3628,474
3630,218
3632,739
3634,581
3636,419
3638,73
3640,624
3642,179
3644,328
3646,155
3648,256
3650,789
3652,390
3654,472
3656,752
3658,195
3660,652
3662,716
3664,151
3666,699
3668,482
3670,546
3672,71
3674,751
3676,627
3678,150
3680,219
3682,552
3684,370
3686,523
3688,540
3690,506
3692,510
3694,319
3696,39
3698,798
3700,200
3702,485
3704,496
3706,248
3708,138
3710,705
3712,428
3714,614
3716,185
3718,719
3720,476
3722,692
3724,598
3726,650
3728,778
3730,790
3732,271
3734,524
3736,165
3738,598
3740,753
3742,539
3744,636
3746,351
3748,87
3750,298
3752,129
3754,280
3756,503
3758,51
3760,441
3762,471
3764,350
3766,727
3768,560
3770,576
3772,486
3774,579
3776,589
3778,655
3780,733
3782,274
3784,679
3786,328
3788,106
3790,751
3792,542
3794,347
3796,565
3798,407
3800,242
3802,457
3804,765
3806,559
3808,731
3810,135
3812,184
3814,158
3816,781
3818,489
3820,614
3822,211
3824,600
3826,108
3828,97
3830,244
3832,428
3834,799
3836,90
3838,25
3840,719
3842,353
3844,170
3846,363
3848,357
3850,31
3852,147
3854,676
3856,317
3858,728
3860,423
3862,680
3864,288
3866,580
3868,59
3870,120
3872,167
3874,502
3876,416
3878,309
3880,696
3882,778
3884,298
3886,502
3888,172
3890,216
3892,31
3894,224
3896,754
3898,667
3900,160
3902,165
3904,390
3906,327
3908,634
3910,605
3912,471
3914,410
3916,55
3918,484
3920,30
3922,211
3924,195
3926,428
3928,443
3930,226
3932,123
3934,627
3936,376
3938,481
3940,187
3942,134
3944,75
3946,488
3948,690
3950,772
3952,165
3954,600
3956,617
3958,368
3960,104
3962,76
3964,643
3966,84
3968,167
3970,729
3972,614
3974,424
3976,269
3978,32
3980,413
3982,777
3984,304
3986,202
3988,537
3990,206
3992,769
3994,585
3996,468
3998,171
4000,56
4002,384
4004,216
4006,108
4008,345
4010,631
4012,791
4014,63
4016,282
4018,668
4020,103
4022,651
4024,31
4026,98
4028,650
4030,524
4032,5
4034,593
4036,320
4038,674
4040,210
4042,299
4044,535
4046,641
4048,310
4050,438
4052,15
4054,303
4056,426
4058,714
4060,365
4062,116
4064,470
4066,57
4068,393
4070,713
4072,378
4074,471
4076,250
4078,642
4080,470
4082,733
4084,628
4086,94
4088,745
4090,203
4092,696
4094,573
4096,249
4098,594
4100,37
4102,647
4104,285
4106,133
4108,152
4110,589
4112,610
4114,787
4116,121
4118,12
4120,244
4122,59
4124,781
4126,696
4128,541
4130,542
4132,239
4134,756
4136,115
4138,704
4140,751
4142,253
4144,270
4146,321
4148,136
4150,525
4152,188
4154,496
4156,333
4158,158
4160,425
4162,401
4164,290
4166,92
4168,141
4170,447
4172,499
4174,102
4176,610
4178,57
4180,80
4182,291
4184,695
4186,388
4188,113
4190,4
4192,152
4194,321
4196,369
4198,684
4200,388
4202,433
4204,400
4206,548
4208,763
4210,672
4212,487
4214,152
4216,506
4218,142
4220,785
4222,335
4224,648
4226,226
4228,598
4230,634
4232,204
4234,32
4236,797
4238,169
4240,202
4242,596
4244,660
4246,234
4248,66
4250,719
4252,523
4254,384
4256,444
4258,579
4260,151
4262,503
4264,547
4266,753
4268,308
4270,538
4272,317
4274,245
4276,561
4278,122
4280,321
4282,794
4284,587
4286,582
4288,9
4290,187
4292,40
4294,188
4296,598
4298,427
4300,542
4302,429
4304,16
4306,299
4308,183
4310,136
4312,33
4314,450
4316,72
4318,620
4320,311
4322,250
4324,362
4326,292
4328,276
4330,522
4332,174
4334,627
4336,136
4338,20
4340,775
4342,93
4344,5
4346,624
4348,214
4350,290
4352,780
4354,651
4356,412
4358,376
4360,275
4362,607
4364,387
4366,514
4368,267
4370,8
4372,337
4374,759
4376,230
4378,284
4380,261
4382,331
4384,300
4386,79
4388,458
4390,118
4392,19
4394,348
4396,477
4398,459
4400,405
4402,204
4404,587
4406,397
4408,749
4410,552
4412,519
4414,453
4416,8
4418,399
4420,788
4422,543
4424,328
4426,655
4428,28
4430,788
4432,600
4434,722
4436,182
4438,398
4440,227
4442,163
4444,156
4446,561
4448,310
4450,466
4452,21
4454,158
4456,4
4458,361
4460,52
4462,154
4464,641
4466,335
4468,213
4470,410
4472,642
4474,273
4476,571
4478,761
4480,515
4482,571
4484,280
4486,773
4488,324
4490,45
4492,290
4494,90
4496,141
4498,194
4500,763
4502,150
4504,97
4506,594
4508,334
4510,568
4512,683
4514,331
4516,433
4518,210
4520,263
4522,597
4524,284
4526,156
4528,241
4530,385
4532,130
4534,314
4536,538
4538,86
4540,486
4542,91
4544,492
4546,24
4548,199
4550,307
4552,417
4554,119
4556,612
4558,75
4560,141
4562,138
4564,319
4566,575
4568,393
4570,177
4572,610
4574,420
4576,312
4578,158
4580,324
4582,210
4584,56
4586,774
4588,688
4590,466
4592,26
4594,464
4596,793
4598,668
4600,530
4602,527
4604,463
4606,397
4608,103
4610,486
4612,14
4614,158
4616,479
4618,366
4620,731
4622,156
4624,428
4626,37
4628,96
4630,170
4632,720
4634,537
4636,376
4638,583
4640,527
4642,456
4644,41
4646,153
4648,694
4650,272
4652,294
4654,93
4656,789
4658,722
4660,139
4662,569
4664,626
4666,592
4668,21
4670,405
4672,274
4674,709
4676,711
4678,329
4680,215
4682,502
4684,167
4686,643
4688,51
4690,738
4692,753
4694,427
4696,104
4698,250
4700,738
4702,112
4704,404
4706,409
4708,702
4710,203
4712,561
4714,712
4716,36
4718,686
4720,449
4722,659
4724,102
4726,25
4728,17
4730,169
4732,634
4734,701
4736,101
4738,422
4740,358
4742,426
4744,291
4746,347
4748,312
4750,488
4752,530
4754,263
4756,572
4758,707
4760,769
4762,175
4764,444
4766,647
4768,253
4770,731
4772,260
4774,214
4776,736
4778,734
4780,531
4782,782
4784,188
4786,220
4788,518
4790,114
4792,551
4794,268
4796,562
4798,222
4800,36
4802,489
4804,258
4806,479
4808,458
4810,707
4812,309
4814,24
4816,503
4818,213
4820,276
4822,502
4824,107
4826,178
4828,28
4830,198
4832,522
4834,321
4836,163
4838,245
4840,418
4842,578
4844,71
4846,647
4848,410
4850,308
4852,443
4854,158
4856,10
4858,248
4860,292
4862,150
4864,496
4866,57
4868,116
4870,356
4872,267
4874,448
4876,342
4878,706
4880,172
4882,365
4884,27
4886,302
4888,455
4890,68
4892,538
4894,741
4896,94
4898,315
4900,212
4902,476
4904,544
4906,459
4908,4
4910,112
4912,80
4914,281
4916,454
4918,683
4920,774
4922,45
4924,170
4926,4
4928,652
4930,314
4932,596
4934,178
4936,798
4938,181
4940,320
4942,255
4944,354
4946,684
4948,646
4950,262
4952,659
4954,718
4956,75
4958,9
4960,379
4962,340
4964,22
4966,525
4968,418
4970,750
4972,720
4974,621
4976,275
4978,459
4980,365
4982,189
4984,302
4986,205
4988,637
4990,327
4992,632
4994,441
4996,480
4998,138
5000,184
5002,537
5004,360
5006,796
5008,123
5010,322
5012,219
5014,669
5016,656
5018,600
5020,128
5022,280
5024,20
5026,570
5028,683
5030,563
5032,129
5034,760
5036,236
5038,267
5040,734
5042,28
5044,337
5046,116
5048,201
5050,507
5052,262
5054,781
5056,716
5058,167
5060,430
5062,517
5064,526
5066,644
5068,675
5070,404
5072,267
5074,25
5076,508
5078,206
5080,641
5082,511
5084,108
5086,572
5088,185
5090,779
5092,220
5094,233
5096,776
5098,110
5100,182
5102,240
5104,599
5106,743
5108,586
5110,410
5112,298
5114,397
5116,380
5118,39
5120,733
5122,124
5124,547
5126,297
5128,624
5130,12
5132,58
5134,40
5136,525
5138,732
5140,761
5142,23
5144,441
5146,503
5148,82
5150,234
5152,465
5154,393
5156,451
5158,165
5160,87
5162,315
5164,784
5166,259
5168,172
5170,432
5172,494
5174,88
5176,114
5178,416
5180,327
5182,673
5184,462
5186,797
5188,534
5190,783
5192,94
5194,608
5196,167
5198,295
5200,241
5202,787
5204,521
5206,798
5208,691
5210,211
5212,512
5214,336
5216,574
5218,347
5220,450
5222,490
5224,248
5226,163
5228,54
5230,624
5232,453
5234,301
5236,318
5238,406
5240,537
5242,626
5244,73
5246,648
5248,227
5250,82
5252,52
5254,616
5256,495
5258,334
5260,410
5262,733
5264,13
5266,534
5268,237
5270,7
5272,198
5274,182
5276,587
5278,460
5280,646
5282,335
5284,608
5286,363
5288,719
5290,92
5292,368
5294,447
5296,495
5298,435
5300,703
5302,227
5304,92
5306,41
5308,659
5310,213
5312,95
5314,638
5316,83
5318,588
5320,245
5322,307
5324,231
5326,231
5328,335
5330,725
5332,478
5334,589
5336,725
5338,205
5340,758
5342,495
5344,131
5346,269
5348,487
5350,70
5352,62
5354,368
5356,58
5358,102
5360,547
5362,307
5364,791
5366,383
5368,218
5370,257
5372,32
5374,191
5376,75
5378,641
5380,488
5382,665
5384,153
5386,341
5388,795
5390,718
5392,448
5394,328
5396,535
5398,613
5400,754
5402,240
5404,676
5406,222
5408,96
5410,329
5412,88
5414,155
5416,359
5418,270
5420,392
5422,663
5424,604
5426,277
5428,528
5430,245
5432,336
5434,479
5436,279
5438,473
5440,513
5442,738
5444,170
5446,392
5448,334
5450,220
5452,471
5454,721
5456,589
5458,123
5460,439
5462,743
5464,664
5466,744
5468,523
5470,714
5472,116
5474,416
5476,506
5478,726
5480,639
5482,660
5484,764
5486,344
5488,756
5490,96
5492,779
5494,89
5496,326
5498,750
5500,662
5502,308
5504,293
5506,1
5508,632
5510,323
5512,535
5514,382
5516,120
5518,303
5520,434
5522,110
5524,765
5526,707
5528,103
5530,3
5532,152
5534,318
5536,181
5538,612
5540,791
5542,180
5544,98
5546,369
5548,473
5550,741
5552,131
5554,16
5556,436
5558,461
5560,795
5562,582
5564,457
5566,393
5568,32
5570,81
5572,138
5574,426
5576,655
5578,396
5580,579
5582,605
5584,153
5586,314
5588,248
5590,761
5592,358
5594,462
5596,18
5598,454
5600,387
5602,226
5604,612
5606,514
5608,723
5610,774
5612,715
5614,476
5616,46
5618,486
5620,127
5622,144
5624,356
5626,182
5628,384
5630,366
5632,678
5634,761
5636,73
5638,305
5640,673
5642,39
5644,348
5646,388
5648,48
5650,187
5652,789
5654,158
5656,532
5658,48
5660,715
5662,403
5664,34
5666,254
5668,709
5670,43
5672,511
5674,174
5676,364
5678,236
5680,156
5682,462
5684,528
5686,726
5688,293
5690,282
5692,244
5694,499
5696,709
5698,514
5700,302
5702,418
5704,766
5706,578
5708,670
5710,776
5712,411
5714,613
5716,666
5718,610
5720,311
5722,506
5724,311
5726,298
5728,126
5730,430
5732,363
5734,719
5736,499
5738,372
5740,756
5742,15
5744,398
5746,705
5748,72
5750,162
5752,639
5754,570
5756,756
5758,386
5760,731
5762,448
5764,332
5766,286
5768,31
5770,648
5772,422
5774,594
5776,763
5778,510
5780,745
5782,360
5784,543
5786,722
5788,683
5790,317
5792,469
5794,481
5796,648
5798,442
5800,778
5802,656
5804,278
5806,555
5808,741
5810,92
5812,60
5814,146
5816,449
5818,715
5820,789
5822,235
5824,273
5826,471
5828,673
5830,119
5832,212
5834,331
5836,798
5838,710
5840,106
5842,36
5844,488
5846,443
5848,6
5850,657
5852,453
5854,74
5856,166
5858,780
5860,696
5862,780
5864,724
5866,770
5868,351
5870,188
5872,333
5874,114
5876,371
5878,74
5880,667
5882,799
5884,401
5886,762
5888,386
5890,436
5892,392
5894,225
5896,19
5898,633
5900,591
5902,581
5904,572
5906,793
5908,568
5910,758
5912,381
5914,671
5916,123
5918,609
5920,717
5922,1
5924,554
5926,488
5928,213
5930,101
5932,415
5934,677
5936,48
5938,783
5940,170
5942,11
5944,6
5946,346
5948,69
5950,82
5952,43
5954,699
5956,483
5958,629
5960,53
5962,765
5964,484
5966,588
5968,66
5970,628
5972,73
5974,327
5976,229
5978,257
5980,206
5982,180
5984,515
5986,170
5988,250
5990,416
5992,249
5994,255
5996,315
5998,458
6000,436
6002,734
6004,423
6006,657
6008,615
6010,748
6012,131
6014,395
6016,732
6018,474
6020,219
6022,91
6024,726
6026,421
6028,332
6030,580
6032,316
6034,641
6036,322
6038,171
6040,358
6042,166
6044,369
6046,658
6048,744
6050,725
6052,643
6054,635
6056,585
6058,636
6060,486
6062,81
6064,667
6066,732
6068,203
6070,317
6072,356
6074,696
6076,415
6078,486
6080,58
6082,382
6084,115
6086,119
6088,387
6090,658
6092,645
6094,218
6096,724
6098,386
6100,69
6102,767
6104,598
6106,736
6108,361
6110,512
6112,277
6114,763
6116,493
6118,147
6120,745
6122,622
6124,738
6126,651
6128,84
6130,171
6132,399
6134,59
6136,471
6138,610
6140,75
6142,410
6144,738
6146,412
6148,289
6150,389
6152,41
6154,174
6156,277
6158,313
6160,408
6162,476
6164,519
6166,521
6168,776
6170,425
6172,353
6174,6
6176,376
6178,699
6180,117
6182,4
6184,448
6186,349
6188,39
6190,70
6192,742
6194,183
6196,433
6198,291
6200,662
6202,65
6204,31
6206,785
6208,600
6210,467
6212,620
6214,758
6216,275
6218,586
6220,711
6222,368
6224,451
6226,586
6228,134
6230,31
6232,283
6234,133
6236,669
6238,186
6240,785
6242,115
6244,448
6246,224
6248,228
6250,86
6252,505
6254,678
6256,567
6258,539
6260,763
6262,720
6264,758
6266,222
6268,798
6270,685
6272,380
6274,324
6276,312
6278,283
6280,780
6282,711
6284,140
6286,321
6288,754
6290,58
6292,47
6294,154
6296,254
6298,538
6300,126
6302,475
6304,30
6306,621
6308,698
6310,107
6312,661
6314,618
6316,382
6318,294
6320,293
6322,753
6324,795
6326,520
6328,188
6330,57
6332,525
6334,530
6336,519
6338,587
6340,49
6342,437
6344,69
6346,643
6348,557
6350,83
6352,275
6354,306
6356,67
6358,274
6360,334
6362,422
6364,165
6366,463
6368,718
6370,102
6372,214
6374,352
6376,184
6378,619
6380,29
6382,261
6384,217
6386,587
6388,197
6390,300
6392,57
6394,787
6396,430
6398,376
6400,562
6402,636
6404,359
6406,524
6408,208
6410,434
6412,638
6414,86
6416,685
6418,215
6420,494
6422,766
6424,454
6426,797
6428,387
6430,298
6432,632
6434,774
6436,545
6438,571
6440,318
6442,636
6444,109
6446,82
6448,343
6450,754
6452,402
6454,269
6456,616
6458,105
6460,32
6462,11
6464,357
6466,787
6468,173
6470,495
6472,531
6474,570
6476,26
6478,416
6480,608
6482,552
6484,127
6486,66
6488,404
6490,439
6492,690
6494,476
6496,31
6498,641
6500,494
6502,212
6504,692
6506,65
6508,769
6510,263
6512,730
6514,622
6516,726
6518,203
6520,537
6522,201
6524,591
6526,41
6528,648
6530,645
6532,385
6534,770
6536,368
6538,253
6540,619
6542,160
6544,476
6546,564
6548,73
6550,732
6552,403
6554,413
6556,403
6558,238
6560,346
6562,345
6564,186
6566,466
6568,667
6570,733
6572,227
6574,556
6576,442
6578,120
6580,274
6582,412
6584,381
6586,798
6588,739
6590,784
6592,676
6594,53
6596,412
6598,644
6600,364
6602,677
6604,52
6606,147
6608,371
6610,384
6612,561
6614,514
6616,276
6618,5
6620,20
6622,155
6624,678
6626,621
6628,521
6630,791
6632,354
6634,272
6636,758
6638,2
6640,692
6642,238
6644,48
6646,504
6648,677
6650,376
6652,316
6654,563
6656,778
6658,251
6660,554
6662,115
6664,4
6666,509
6668,585
6670,287
6672,475
6674,437
6676,349
6678,423
6680,422
6682,48
6684,737
6686,121
6688,98
6690,752
6692,439
6694,426
6696,240
6698,104
6700,478
6702,367
6704,194
6706,533
6708,463
6710,755
6712,188
6714,4
6716,407
6718,594
6720,381
6722,429
6724,556
6726,292
6728,134
6730,368
6732,586
6734,314
6736,118
6738,239
6740,332
6742,190
6744,588
6746,53
6748,187
6750,748
6752,139
6754,422
6756,778
6758,105
6760,213
6762,14
6764,528
6766,189
6768,305
6770,34
6772,652
6774,471
6776,790
6778,166
6780,377
6782,480
6784,202
6786,78
6788,766
6790,16
6792,84
6794,303
6796,619
6798,728
6800,224
6802,607
6804,159
6806,339
6808,445
6810,337
6812,374
6814,152
6816,300
6818,170
6820,337
6822,778
6824,377
6826,133
6828,464
6830,213
6832,780
6834,745
6836,378
6838,560
6840,539
6842,195
6844,703
6846,302
6848,645
6850,748
6852,295
6854,672
6856,594
6858,671
6860,123
6862,734
6864,362
6866,458
6868,637
6870,451
6872,356
6874,352
6876,608
6878,551
6880,140
6882,443
6884,130
6886,123
6888,484
6890,716
6892,235
6894,241
6896,511
6898,148
6900,546
6902,692
6904,550
6906,294
6908,413
6910,507
6912,398
6914,799
6916,179
6918,10
6920,530
6922,17
6924,707
6926,387
6928,790
6930,214
6932,743
6934,30
6936,751
6938,413
6940,243
6942,649
6944,777
6946,54
6948,654
6950,465
6952,349
6954,519
6956,775
6958,166
6960,83
6962,706
6964,709
6966,671
6968,63
6970,573
6972,318
6974,406
6976,32
6978,757
6980,338
6982,560
6984,212
6986,355
6988,25
6990,531
6992,702
6994,609
6996,437
6998,369
7000,99
7002,429
7004,7
7006,231
7008,185
7010,429
7012,144
7014,92
7016,477
7018,179
7020,783
7022,416
7024,515
7026,373
7028,782
7030,398
7032,519
7034,273
7036,50
7038,59
7040,200
7042,64
7044,737
7046,648
7048,136
7050,641
7052,268
7054,538
7056,682
7058,87
7060,466
7062,220
7064,283
7066,431
7068,344
7070,158
7072,691
7074,466
7076,232
7078,771
7080,484
7082,196
7084,112
7086,196
7088,614
7090,88
7092,551
7094,40
7096,232
7098,396
7100,95
7102,772
7104,29
7106,437
7108,344
7110,11
7112,695
7114,61
7116,46
7118,257
7120,544
7122,412
7124,781
7126,455
7128,169
7130,500
7132,741
7134,151
7136,675
7138,390
7140,613
7142,265
7144,121
7146,707
7148,150
7150,731
7152,115
7154,288
7156,182
7158,392
7160,465
7162,133
7164,30
7166,181
7168,524
7170,619
7172,292
7174,14
7176,502
7178,699
7180,73
7182,545
7184,584
7186,470
7188,741
7190,136
7192,579
7194,97
7196,72
7198,789
7200,65
7202,200
7204,301
7206,247
7208,494
7210,667
7212,411
7214,701
7216,636
7218,8
7220,134
7222,249
7224,495
7226,698
7228,156
7230,352
7232,161
7234,134
7236,41
7238,71
7240,513
7242,25
7244,256
7246,20
7248,627
7250,669
7252,330
7254,781
7256,668
7258,790
7260,326
7262,94
7264,437
7266,732
7268,688
7270,21
7272,690
7274,428
7276,113
7278,690
7280,422
7282,183
7284,463
7286,369
7288,94
7290,548
7292,134
7294,67
7296,290
7298,39
7300,133
7302,654
7304,350
7306,370
7308,175
7310,792
7312,74
7314,348
7316,759
7318,429
7320,91
7322,387
7324,145
7326,731
7328,511
7330,104
7332,8
7334,34
7336,197
7338,520
7340,770
7342,623
7344,492
7346,757
7348,340
7350,439
7352,596
7354,421
7356,221
7358,117
7360,325
7362,681
7364,357
7366,113
7368,423
7370,204
7372,571
7374,10
7376,550
7378,179
7380,484
7382,709
7384,579
7386,61
7388,560
7390,590
7392,648
7394,778
7396,794
7398,795
7400,728
7402,624
7404,172
7406,609
7408,589
7410,380
7412,157
7414,244
7416,572
7418,557
7420,306
7422,792
7424,350
7426,447
7428,507
7430,495
7432,254
7434,18
7436,231
7438,3
7440,752
7442,772
7444,210
7446,502
7448,513
7450,479
7452,524
7454,384
7456,350
7458,8
7460,741
7462,390
7464,243
7466,358
7468,174
7470,382
7472,125
7474,320
7476,637
7478,231
7480,503
7482,534
7484,741
7486,374
7488,710
7490,322
7492,541
7494,756
7496,198
7498,399
7500,272
7502,220
7504,296
7506,675
7508,105
7510,212
7512,90
7514,533
7516,649
7518,238
7520,757
7522,497
7524,562
7526,199
7528,773
7530,252
7532,277
7534,541
7536,131
7538,560
7540,545
7542,678
7544,451
7546,92
7548,180
7550,229
7552,212
7554,640
7556,145
7558,579
7560,166
7562,313
7564,627
7566,573
7568,565
7570,183
7572,409
7574,631
7576,305
7578,270
7580,741
7582,481
7584,142
7586,449
7588,54
7590,414
7592,440
7594,525
7596,217
7598,794
7600,605
7602,106
7604,197
7606,255
7608,333
7610,163
7612,15
7614,497
7616,122
7618,440
7620,88
7622,391
7624,149
7626,381
7628,732
7630,175
7632,157
7634,539
7636,643
7638,404
7640,517
7642,17
7644,733
7646,236
7648,14
7650,624
7652,751
7654,551
7656,83
7658,70
7660,349
7662,799
7664,457
7666,689
7668,372
7670,398
7672,393
7674,101
7676,206
7678,782
7680,363
7682,217
7684,589
7686,779
7688,137
7690,759
7692,406
7694,287
7696,131
7698,138
7700,621
7702,96
7704,222
7706,510
7708,224
7710,213
7712,209
7714,393
7716,792
7718,172
7720,479
7722,426
7724,631
7726,403
7728,58
7730,270
7732,623
7734,270
7736,274
7738,711
7740,122
7742,248
7744,712
7746,79
7748,668
7750,507
7752,248
7754,18
7756,142
7758,255
7760,658
7762,532
7764,60
7766,60
7768,229
7770,29
7772,610
7774,100
7776,594
7778,389
7780,373
7782,596
7784,562
7786,363
7788,611
7790,85
7792,788
7794,342
7796,182
7798,729
7800,693
7802,276
7804,371
7806,305
7808,597
7810,500
7812,114
7814,330
7816,244
7818,618
7820,790
7822,51
7824,264
7826,633
7828,788
7830,101
7832,31
7834,519
7836,222
7838,154
7840,559
7842,564
7844,215
7846,419
7848,655
7850,256
7852,409
7854,798
7856,785
7858,638
7860,676
7862,494
7864,512
7866,387
7868,40
7870,305
7872,698
7874,71
7876,44
7878,615
7880,58
7882,195
7884,238
7886,619
7888,83
7890,719
7892,356
7894,143
7896,177
7898,324
7900,60
7902,594
7904,320
7906,41
7908,218
7910,32
7912,283
7914,268
7916,307
7918,10
7920,487
7922,430
7924,234
7926,513
7928,411
7930,774
7932,527
7934,630
7936,739
7938,661
7940,458
7942,753
7944,516
7946,633
7948,705
7950,411
7952,300
7954,232
7956,250
7958,299
7960,44
7962,716
7964,128
7966,388
7968,12
7970,367
7972,724
7974,730
7976,200
7978,325
7980,530
7982,744
7984,389
7986,35
7988,597
7990,527
7992,358
7994,731
7996,777
7998,385
8000,692
8002,761
8004,405
8006,376
8008,256
8010,546
8012,219
8014,133
8016,800
8018,591
8020,695
8022,331
8024,613
8026,618
8028,771
8030,251
8032,591
8034,171
8036,779
8038,38
8040,613
8042,298
8044,432
8046,23
8048,581
8050,120
8052,32
8054,637
8056,488
8058,746
8060,716
8062,90
8064,569
8066,248
8068,740
8070,776
8072,57
8074,756
8076,307
8078,483
8080,419
8082,187
8084,473
8086,122
8088,239
8090,343
8092,208
8094,232
8096,127
8098,412
8100,588
8102,19
8104,400
8106,380
8108,283
8110,706
8112,502
8114,405
8116,36
8118,674
8120,569
8122,334
8124,89
8126,571
8128,424
8130,531
8132,685
8134,119
8136,156
8138,372
8140,279
8142,93
8144,387
8146,794
8148,128
8150,339
8152,222
8154,712
8156,267
8158,703
8160,705
8162,240
8164,179
8166,595
8168,539
8170,67
8172,52
8174,334
8176,487
8178,166
8180,251
8182,559
8184,479
8186,58
8188,693
8190,448
8192,547
8194,108
8196,190
8198,64
8200,173
8202,270
8204,510
8206,73
8208,777
8210,567
8212,575
8214,101
8216,184
8218,792
8220,321
8222,359
8224,321
8226,242
8228,663
8230,265
8232,524
8234,533
8236,795
8238,170
8240,310
8242,540
8244,772
8246,74
8248,75
8250,568
8252,13
8254,233
8256,266
8258,723
8260,91
8262,575
8264,35
8266,371
8268,330
8270,749
8272,353
8274,50
8276,317
8278,444
8280,39
8282,618
8284,225
8286,800
8288,183
8290,302
8292,94
8294,215
8296,593
8298,15
8300,635
8302,40
8304,337
8306,630
8308,658
8310,428
8312,71
8314,220
8316,254
8318,215
8320,141
8322,114
8324,73
8326,542
8328,296
8330,318
8332,104
8334,208
8336,621
8338,380
8340,47
8342,791
8344,565
8346,126
8348,248
8350,129
8352,202
8354,52
8356,725
8358,640
8360,148
8362,586
8364,553
8366,575
8368,473
8370,204
8372,641
8374,422
8376,705
8378,112
8380,783
8382,158
8384,361
8386,170
8388,26
8390,194
8392,261
8394,360
8396,324
8398,234
8400,469
8402,87
8404,264
8406,413
8408,181
8410,682
8412,410
8414,339
8416,298
8418,329
8420,476
8422,460
8424,378
8426,736
8428,769
8430,50
8432,105
8434,207
8436,439
8438,16
8440,615
8442,508
8444,358
8446,784
8448,147
8450,87
8452,12
8454,519
8456,309
8458,24
8460,86
8462,455
8464,623
8466,101
8468,681
8470,101
8472,711
8474,408
8476,16
8478,509
8480,288
8482,24
8484,588
8486,433
8488,682
8490,152
8492,530
8494,231
8496,656
8498,258
8500,261
8502,96
8504,710
8506,671
8508,365
8510,672
8512,543
8514,116
8516,417
8518,477
8520,414
8522,202
8524,583
8526,683
8528,288
8530,157
8532,634
8534,26
8536,568
8538,114
8540,592
8542,589
8544,795
8546,339
8548,684
8550,74
8552,91
8554,696
8556,494
8558,409
8560,328
8562,354
8564,124
8566,37
8568,245
8570,489
8572,254
8574,545
8576,219
8578,723
8580,717
8582,16
8584,470
8586,621
8588,783
8590,252
8592,401
8594,196
8596,494
8598,212
8600,115
8602,624
8604,220
8606,598
8608,334
8610,441
8612,432
8614,372
8616,491
8618,385
8620,512
8622,448
8624,252
8626,382
8628,157
8630,277
8632,289
8634,706
8636,373
8638,565
8640,265
8642,341
8644,37
8646,93
8648,11
8650,729
8652,520
8654,763
8656,673
8658,369
8660,77
8662,399
8664,49
8666,307
8668,75
8670,12
8672,620
8674,516
8676,603
8678,304
8680,447
8682,367
8684,21
8686,22
8688,434
8690,611
8692,314
8694,275
8696,205
8698,149
8700,204
8702,220
8704,390
8706,520
8708,307
8710,487
8712,538
8714,772
8716,575
8718,226
8720,42
8722,444
8724,453
8726,109
8728,763
8730,7
8732,754
8734,556
8736,57
8738,220
8740,330
8742,754
8744,424
8746,103
8748,219
8750,461
8752,704
8754,6
8756,285
8758,683
8760,714
8762,358
8764,799
8766,19
8768,122
8770,88
8772,29
8774,214
8776,36
8778,671
8780,565
8782,198
8784,518
8786,206
8788,358
8790,514
8792,328
8794,167
8796,421
8798,394
8800,243
8802,538
8804,172
8806,626
8808,209
8810,745
8812,61
8814,384
8816,265
8818,326
8820,402
8822,109
8824,776
8826,15
8828,211
8830,181
8832,200
8834,699
8836,234
8838,546
8840,500
8842,701
8844,224
8846,325
8848,31
8850,66
8852,2
8854,101
8856,658
8858,564
8860,331
8862,524
8864,662
8866,233
8868,569
8870,364
8872,535
8874,713
8876,434
8878,352
8880,636
8882,31
8884,356
8886,86
8888,255
8890,772
8892,336
8894,328
8896,178
8898,590
8900,238
8902,229
8904,459
8906,774
8908,92
8910,288
8912,680
8914,258
8916,281
8918,140
8920,288
8922,235
8924,175
8926,166
8928,784
8930,503
8932,507
8934,68
8936,106
8938,277
8940,549
8942,500
8944,5
8946,383
8948,500
8950,636
8952,398
8954,481
8956,342
8958,177
8960,219
8962,532
8964,10
8966,494
8968,493
8970,713
8972,797
8974,339
8976,376
8978,249
8980,584
8982,748
8984,143
8986,2
8988,8
8990,354
8992,764
8994,234
8996,377
8998,206
9000,14
9002,734
9004,124
9006,780
9008,572
9010,553
9012,164
9014,40
9016,505
9018,223
9020,707
9022,428
9024,692
9026,388
9028,327
9030,678
9032,163
9034,734
9036,142
9038,443
9040,696
9042,739
9044,8
9046,358
9048,715
9050,411
9052,790
9054,530
9056,736
9058,252
9060,231
9062,138
9064,366
9066,587
9068,169
9070,609
9072,101
9074,124
9076,164
9078,399
9080,399
9082,334
9084,253
9086,659
9088,372
9090,664
9092,734
9094,440
9096,728
9098,521
9100,789
9102,424
9104,528
9106,269
9108,366
9110,184
9112,230
9114,650
9116,316
9118,130
9120,316
9122,581
9124,648
9126,24
9128,304
9130,726
9132,770
9134,301
9136,464
9138,192
9140,711
9142,607
9144,704
9146,639
9148,582
9150,616
9152,438
9154,263
9156,107
9158,573
9160,72
9162,112
9164,547
9166,301
9168,315
9170,20
9172,594
9174,88
9176,226
9178,84
9180,553
9182,382
9184,694
9186,294
9188,591
9190,548
9192,633
9194,202
9196,677
9198,316
9200,392
9202,676
9204,320
9206,710
9208,114
9210,77
9212,313
9214,106
9216,667
9218,42
9220,612
9222,28
9224,621
9226,170
9228,452
9230,32
9232,111
9234,19
9236,167
9238,246
9240,121
9242,783
9244,778
9246,694
9248,534
9250,766
9252,268
9254,429
9256,234
9258,212
9260,286
9262,695
9264,418
9266,214
9268,527
9270,79
9272,66
9274,530
9276,712
9278,684
9280,636
9282,159
9284,663
9286,323
9288,672
9290,67
9292,258
9294,255
9296,219
9298,346
9300,304
9302,614
9304,790
9306,651
9308,508
9310,43
9312,74
9314,331
9316,191
9318,540
9320,697
9322,273
9324,28
9326,709
9328,30
9330,275
9332,388
9334,574
9336,15
9338,455
9340,333
9342,349
9344,316
9346,36
9348,86
9350,564
9352,311
9354,163
9356,517
9358,30
9360,445
9362,132
9364,581
9366,595
9368,335
9370,353
9372,240
9374,171
9376,620
9378,334
9380,438
9382,222
9384,738
9386,204
9388,550
9390,292
9392,615
9394,656
9396,1
9398,307
9400,104
9402,709
9404,247
9406,434
9408,73
9410,105
9412,675
9414,660
9416,337
9418,280
9420,68
9422,379
9424,346
9426,768
9428,541
9430,506
9432,457
9434,46
9436,782
9438,176
9440,245
9442,186
9444,111
9446,206
9448,420
9450,704
9452,702
9454,90
9456,609
9458,791
9460,206
9462,416
9464,36
9466,181
9468,685
9470,697
9472,62
9474,567
9476,556
9478,737
9480,588
9482,786
9484,119
9486,29
9488,473
9490,506
9492,702
9494,44
9496,232
9498,308
9500,392
9502,98
9504,87
9506,615
9508,199
9510,122
9512,783
9514,129
9516,524
9518,96
9520,442
9522,452
9524,103
9526,24
9528,550
9530,419
9532,266
9534,211
9536,628
9538,344
9540,746
9542,762
9544,57
9546,673
9548,537
9550,153
9552,622
9554,463
9556,571
9558,151
9560,480
9562,65
9564,110
9566,717
9568,448
9570,723
9572,235
9574,221
9576,456
9578,274
9580,428
9582,96
9584,488
9586,653
9588,356
9590,208
9592,292
9594,59
9596,234
9598,59
9600,502
9602,231
9604,709
9606,348
9608,420
9610,633
9612,325
9614,509
9616,681
9618,429
9620,49
9622,281
9624,340
9626,321
9628,496
9630,341
9632,287
9634,41
9636,759
9638,87
9640,492
9642,351
9644,583
9646,309
9648,11
9650,757
9652,309
9654,167
9656,87
9658,656
9660,97
9662,622
9664,800
9666,655
9668,525
9670,381
9672,157
9674,741
9676,717
9678,585
9680,79
9682,464
9684,248
9686,669
9688,442
9690,87
9692,161
9694,597
9696,124
9698,777
9700,376
9702,760
9704,580
9706,766
9708,506
9710,626
9712,315
9714,576
9716,90
9718,787
9720,213
9722,711
9724,657
9726,673
9728,418
9730,424
9732,41
9734,30
9736,74
9738,730
9740,456
9742,139
9744,630
9746,306
9748,492
9750,794
9752,679
9754,511
9756,108
9758,426
9760,332
9762,677
9764,217
9766,644
9768,273
9770,699
9772,438
9774,58
9776,88
9778,276
9780,527
9782,407
9784,272
9786,299
9788,48
9790,665
9792,432
9794,482
9796,635
9798,366
9800,228
9802,472
9804,80
9806,741
9808,785
9810,577
9812,337
9814,447
9816,580
9818,404
9820,261
9822,670
9824,439
9826,475
9828,599
9830,430
9832,411
9834,685
9836,537
9838,367
9840,553
9842,481
9844,53
9846,388
9848,63
9850,300
9852,371
9854,628
9856,694
9858,665
9860,780
9862,179
9864,245
9866,660
9868,12
9870,311
9872,475
9874,182
9876,175
9878,198
9880,683
9882,772
9884,206
9886,64
9888,223
9890,345
9892,287
9894,209
9896,740
9898,591
9900,259
9902,318
9904,415
9906,181
9908,621
9910,473
9912,656
9914,227
9916,127
9918,654
9920,632
9922,653
9924,596
9926,790
9928,649
9930,478
9932,438
9934,666
9936,564
9938,316
9940,444
9942,459
9944,109
9946,743
9948,120
9950,233
9952,209
9954,562
9956,749
9958,789
9960,138
9962,193
9964,344
9966,515
9968,606
9970,427
9972,210
9974,763
9976,64
9978,257
9980,456
9982,793
9984,245
9986,324
9988,217
9990,674
9992,378
9994,290
9996,599
9998,56
10000,92
