8000
1,27
2,575
3,709
4,320
5,785
6,211
7,413
8,597
9,374
10,374
11,272
12,235
13,454
14,453
15,356
16,433
17,412
18,515
19,245
20,34
21,720
22,355
23,67
24,249
25,456
26,285
27,627
28,418
29,655
30,484
31,772
32,343
33,457
34,298
35,198
36,103
37,420
38,545
39,68
40,418
41,505
42,247
43,117
44,261
45,695
46,773
47,125
48,414
49,10
50,165
51,215
52,746
53,765
54,233
55,676
56,449
57,176
58,258
59,28
60,595
61,377
62,387
63,564
64,62
65,170
66,132
67,47
68,305
69,284
70,47
71,615
72,336
73,15
74,64
75,453
76,363
77,594
78,71
79,794
80,708
81,227
82,760
83,389
84,323
85,234
86,343
87,18
88,47
89,386
90,630
91,255
92,531
93,251
94,560
95,787
96,588
97,695
98,237
99,66
100,776
101,262
102,588
103,202
104,722
105,301
106,537
107,767
108,760
109,770
110,315
111,330
112,427
113,32
114,179
115,350
116,284
117,261
118,745
119,691
120,127
121,534
122,482
123,40
124,437
125,197
126,272
127,617
128,380
129,649
130,542
131,30
132,75
133,21
134,281
135,274
136,377
137,228
138,306
139,418
140,485
141,491
142,5
143,480
144,641
145,615
146,55
147,11
148,124
149,258
150,789
151,113
152,330
153,196
154,133
155,271
156,725
157,405
158,103
159,460
160,513
161,249
162,166
163,261
164,654
165,652
166,626
167,477
168,236
169,501
170,416
171,656
172,416
173,764
174,771
175,722
176,344
177,2
178,100
179,695
180,600
181,57
182,364
183,332
184,664
185,744
186,518
187,123
188,748
189,125
190,236
191,407
192,336
193,432
194,241
195,4
196,644
197,113
198,260
199,161
200,83
201,226
202,185
203,461
204,112
205,432
206,575
207,423
208,609
209,668
210,622
211,16
212,13
213,649
214,540
215,428
216,317
217,12
218,358
219,586
220,131
221,662
222,558
223,486
224,537
225,568
226,535
227,8
228,241
229,69
230,102
231,84
232,259
233,80
234,479
235,565
236,451
237,459
238,704
239,388
240,150
241,558
242,453
243,553
244,298
245,332
246,425
247,313
248,661
249,763
250,732
251,190
252,309
253,563
254,157
255,320
256,799
257,378
258,273
259,505
260,289
261,130
262,705
263,317
264,373
265,78
266,784
267,482
268,58
269,424
270,171
271,620
272,685
273,300
274,668
275,332
276,507
277,645
278,602
279,741
280,467
281,152
282,252
283,542
284,662
285,612
286,219
287,577
288,60
289,452
290,762
291,185
292,266
293,301
294,599
295,746
296,611
297,734
298,479
299,541
300,750
301,13
302,711
303,666
304,490
305,223
306,512
307,306
308,90
309,512
310,384
311,310
312,116
313,198
314,32
315,49
316,448
317,221
318,728
319,626
320,178
321,562
322,213
323,181
324,471
325,414
326,442
327,180
328,47
329,435
330,308
331,108
332,362
333,711
334,777
335,179
336,165
337,772
338,716
339,30
340,790
341,187
342,62
343,661
344,403
345,44
346,64
347,646
348,140
349,417
350,557
351,390
352,184
353,583
354,762
355,243
356,407
357,575
358,166
359,448
360,754
361,202
362,54
363,23
364,189
365,489
366,142
367,467
368,591
369,727
370,627
371,745
372,716
373,589
374,146
375,690
376,754
377,431
378,590
379,331
380,563
381,642
382,176
383,1
384,349
385,2
386,494
387,719
388,565
389,205
390,324
391,310
392,112
393,657
394,411
395,423
396,616
397,702
398,693
399,648
400,292
401,418
402,326
403,653
404,639
405,449
406,20
407,547
408,33
409,356
410,474
411,288
412,623
413,535
414,541
415,452
416,40
417,43
418,67
419,736
420,414
421,479
422,441
423,756
424,121
425,793
426,255
427,370
428,157
429,374
430,230
431,404
432,193
433,339
434,551
435,796
436,71
437,48
438,784
439,238
440,751
441,346
442,573
443,218
444,48
445,330
446,593
447,452
448,580
449,379
450,732
451,573
452,580
453,569
454,756
455,114
456,107
457,134
458,520
459,87
460,288
461,296
462,63
463,536
464,582
465,768
466,422
467,737
468,750
469,360
470,307
471,36
472,680
473,319
474,114
475,270
476,722
477,644
478,562
479,680
480,312
481,47
482,157
483,246
484,437
485,486
486,177
487,549
488,37
489,310
490,266
491,180
492,83
493,110
494,12
495,514
496,669
497,784
498,162
499,39
500,730
501,792
502,469
503,278
504,658
505,52
506,462
507,765
508,217
509,70
510,656
511,240
512,253
513,167
514,449
515,682
516,688
517,120
518,22
519,370
520,27
521,414
522,158
523,268
524,649
525,407
526,800
527,238
528,747
529,678
530,18
531,741
532,659
533,327
534,213
535,570
536,603
537,650
538,296
539,529
540,733
541,168
542,765
543,512
544,361
545,460
546,378
547,303
548,551
549,83
550,769
551,136
552,49
553,575
554,532
555,218
556,160
557,214
558,256
559,383
560,551
561,576
562,187
563,439
564,673
565,466
566,792
567,797
568,523
569,609
570,580
571,222
572,630
573,256
574,354
575,410
576,791
577,758
578,600
579,601
580,745
581,348
582,606
583,154
584,647
585,124
586,473
587,763
588,295
589,288
590,110
591,563
592,221
593,49
594,138
595,766
596,671
597,366
598,14
599,718
600,125
601,83
602,137
603,263
604,563
605,403
606,166
607,631
608,155
609,328
610,275
611,717
612,276
613,692
614,575
615,589
616,644
617,757
618,284
619,342
620,70
621,206
622,188
623,74
624,658
625,335
626,532
627,68
628,10
629,184
630,293
631,577
632,225
633,551
634,219
635,565
636,218
637,616
638,113
639,112
640,384
641,582
642,297
643,223
644,620
645,538
646,322
647,163
648,651
649,303
650,161
651,122
652,275
653,457
654,15
655,457
656,87
657,354
658,548
659,685
660,583
661,620
662,93
663,302
664,357
665,685
666,482
667,457
668,48
669,239
670,581
671,684
672,587
673,800
674,309
675,497
676,509
677,596
678,444
679,662
680,381
681,291
682,663
683,429
684,110
685,734
686,611
687,246
688,416
689,120
690,203
691,430
692,507
693,253
694,780
695,512
696,588
697,415
698,760
699,419
700,6
701,736
702,722
703,726
704,712
705,438
706,734
707,706
708,517
709,704
710,236
711,440
712,154
713,117
714,189
715,576
716,416
717,22
718,84
719,328
720,197
721,364
722,477
723,266
724,8
725,289
726,66
727,521
728,322
729,392
730,632
731,5
732,83
733,690
734,154
735,216
736,605
737,53
738,189
739,380
740,644
741,267
742,440
743,120
744,212
745,209
746,646
747,494
748,715
749,96
750,636
751,688
752,586
753,747
754,432
755,188
756,308
757,696
758,59
759,539
760,514
761,61
762,1
763,780
764,241
765,586
766,56
767,390
768,71
769,14
770,313
771,596
772,502
773,505
774,591
775,500
776,226
777,592
778,524
779,159
780,443
781,406
782,552
783,572
784,303
785,675
786,139
787,98
788,305
789,552
790,310
791,78
792,479
793,723
794,664
795,639
796,548
797,612
798,472
799,389
800,734
801,220
802,390
803,553
804,499
805,486
806,566
807,659
808,608
809,460
810,169
811,22
812,386
813,371
814,4
815,435
816,390
817,318
818,600
819,87
820,663
821,181
822,659
823,557
824,504
825,2
826,83
827,343
828,715
829,244
830,203
831,521
832,98
833,16
834,168
835,753
836,26
837,576
838,733
839,257
840,20
841,335
842,54
843,37
844,312
845,270
846,646
847,97
848,377
849,226
850,667
851,113
852,96
853,296
854,285
855,104
856,654
857,113
858,561
859,648
860,629
861,436
862,103
863,109
864,204
865,710
866,485
867,779
868,641
869,472
870,693
871,438
872,285
873,439
874,54
875,489
876,12
877,736
878,613
879,298
880,235
881,345
882,568
883,680
884,652
885,542
886,153
887,560
888,586
889,326
890,213
891,429
892,290
893,420
894,185
895,345
896,495
897,290
898,90
899,476
900,654
901,651
902,635
903,142
904,295
905,58
906,517
907,627
908,529
909,42
910,115
911,448
912,140
913,33
914,29
915,515
916,399
917,636
918,59
919,283
920,357
921,35
922,136
923,611
924,746
925,287
926,110
927,148
928,473
929,338
930,666
931,526
932,311
933,5
934,479
935,599
936,525
937,310
938,335
939,688
940,797
941,397
942,39
943,588
944,435
945,676
946,595
947,52
948,709
949,107
950,685
951,754
952,636
953,421
954,588
955,302
956,426
957,585
958,690
959,216
960,158
961,349
962,52
963,29
964,784
965,88
966,24
967,438
968,541
969,708
970,21
971,129
972,76
973,37
974,747
975,334
976,184
977,506
978,157
979,303
980,147
981,642
982,236
983,577
984,712
985,724
986,555
987,316
988,477
989,510
990,783
991,77
992,751
993,247
994,69
995,684
996,148
997,753
998,98
999,591
1000,708
1001,732
1002,179
1003,54
1004,585
1005,714
1006,268
1007,440
1008,740
1009,17
1010,467
1011,345
1012,550
1013,622
1014,97
1015,87
1016,706
1017,301
1018,726
1019,504
1020,700
1021,293
1022,791
1023,146
1024,694
1025,698
1026,136
1027,763
1028,776
1029,794
1030,704
1031,596
1032,104
1033,788
1034,175
1035,246
1036,739
1037,188
1038,701
1039,548
1040,698
1041,380
1042,471
1043,594
1044,518
1045,266
1046,275
1047,550
1048,781
1049,103
1050,264
1051,485
1052,482
1053,597
1054,759
1055,780
1056,728
1057,432
1058,700
1059,496
1060,115
1061,392
1062,165
1063,700
1064,230
1065,181
1066,214
1067,390
1068,582
1069,121
1070,411
1071,341
1072,661
1073,461
1074,222
1075,686
1076,294
1077,574
1078,651
1079,371
1080,550
1081,331
1082,181
1083,573
1084,736
1085,505
1086,272
1087,727
1088,355
1089,156
1090,454
1091,445
1092,77
1093,550
1094,79
1095,165
1096,115
1097,80
1098,409
1099,710
1100,228
1101,565
1102,28
1103,99
1104,194
1105,436
1106,207
1107,754
1108,454
1109,65
1110,23
1111,295
1112,289
1113,710
1114,511
1115,505
1116,432
1117,511
1118,152
1119,587
1120,97
1121,271
1122,161
1123,83
1124,623
1125,339
1126,60
1127,570
1128,432
1129,281
1130,55
1131,390
1132,86
1133,256
1134,640
1135,651
1136,591
1137,9
1138,71
1139,508
1140,790
1141,521
1142,158
1143,12
1144,746
1145,151
1146,78
1147,771
1148,531
1149,116
1150,356
1151,59
1152,757
1153,386
1154,277
1155,578
1156,745
1157,736
1158,686
1159,516
1160,606
1161,177
1162,302
1163,209
1164,507
1165,304
1166,597
1167,330
1168,630
1169,28
1170,737
1171,116
1172,194
1173,125
1174,434
1175,558
1176,748
1177,619
1178,475
1179,145
1180,126
1181,412
1182,474
1183,199
1184,478
1185,641
1186,372
1187,566
1188,457
1189,669
1190,251
1191,130
1192,124
1193,723
1194,626
1195,565
1196,8
1197,84
1198,505
1199,129
1200,535
1201,299
1202,329
1203,477
1204,743
1205,409
1206,696
1207,526
1208,620
1209,2
1210,632
1211,609
1212,773
1213,480
1214,427
1215,271
1216,6
1217,16
1218,356
1219,132
1220,574
1221,456
1222,509
1223,167
1224,45
1225,202
1226,304
1227,509
1228,116
1229,529
1230,422
1231,250
1232,537
1233,7
1234,697
1235,509
1236,789
1237,589
1238,295
1239,463
1240,183
1241,370
1242,390
1243,486
1244,627
1245,378
1246,562
1247,406
1248,147
1249,451
1250,299
1251,191
1252,302
1253,647
1254,624
1255,518
1256,711
1257,593
1258,86
1259,169
1260,797
1261,422
1262,462
1263,62
1264,432
1265,728
1266,537
1267,217
1268,237
1269,108
1270,543
1271,275
1272,176
1273,450
1274,274
1275,568
1276,775
1277,334
1278,355
1279,449
1280,227
1281,763
1282,453
1283,464
1284,619
1285,264
1286,113
1287,507
1288,455
1289,535
1290,66
1291,182
1292,96
1293,82
1294,784
1295,653
1296,142
1297,48
1298,713
1299,782
1300,436
1301,579
1302,154
1303,36
1304,657
1305,287
1306,667
1307,45
1308,576
1309,136
1310,502
1311,619
1312,756
1313,362
1314,677
1315,59
1316,665
1317,45
1318,402
1319,204
1320,114
1321,496
1322,156
1323,522
1324,369
1325,464
1326,197
1327,384
1328,479
1329,578
1330,184
1331,34
1332,262
1333,725
1334,496
1335,184
1336,419
1337,512
1338,379
1339,632
1340,392
1341,324
1342,424
1343,759
1344,683
1345,765
1346,58
1347,647
1348,722
1349,286
1350,165
1351,322
1352,539
1353,137
1354,759
1355,328
1356,318
1357,42
1358,556
1359,245
1360,96
1361,772
1362,123
1363,131
1364,400
1365,323
1366,640
1367,331
1368,596
1369,210
1370,222
1371,501
1372,526
1373,382
1374,756
1375,593
1376,461
1377,115
1378,736
1379,244
1380,602
1381,477
1382,477
1383,721
1384,302
1385,682
1386,440
1387,336
1388,27
1389,707
1390,155
1391,605
1392,659
1393,341
1394,239
1395,241
1396,636
1397,339
1398,601
1399,667
1400,476
1401,582
1402,385
1403,406
1404,352
1405,329
1406,453
1407,176
1408,504
1409,697
1410,722
1411,789
1412,634
1413,749
1414,559
1415,718
1416,10
1417,278
1418,203
1419,703
1420,600
1421,253
1422,131
1423,571
1424,196
1425,273
1426,104
1427,619
1428,536
1429,79
1430,793
1431,357
1432,711
1433,17
1434,401
1435,416
1436,59
1437,109
1438,482
1439,551
1440,647
1441,654
1442,526
1443,723
1444,444
1445,314
1446,128
1447,385
1448,410
1449,769
1450,756
1451,641
1452,791
1453,274
1454,658
1455,735
1456,265
1457,645
1458,670
1459,486
1460,334
1461,120
1462,73
1463,155
1464,327
1465,553
1466,125
1467,41
1468,178
1469,786
1470,524
1471,603
1472,610
1473,302
1474,376
1475,566
1476,344
1477,104
1478,342
1479,452
1480,708
1481,257
1482,791
1483,642
1484,241
1485,650
1486,545
1487,537
1488,510
1489,243
1490,396
1491,108
1492,418
1493,660
1494,387
1495,399
1496,331
1497,148
1498,103
1499,164
1500,520
1501,331
1502,667
1503,510
1504,652
1505,651
1506,43
1507,700
1508,518
1509,15
1510,149
1511,18
1512,269
1513,272
1514,253
1515,108
1516,516
1517,641
1518,234
1519,609
1520,624
1521,376
1522,370
1523,673
1524,211
1525,55
1526,423
1527,21
1528,326
1529,344
1530,548
1531,366
1532,112
1533,16
1534,107
1535,600
1536,38
1537,516
1538,460
1539,141
1540,403
1541,349
1542,37
1543,49
1544,534
1545,333
1546,614
1547,783
1548,739
1549,180
1550,201
1551,537
1552,106
1553,95
1554,29
1555,376
1556,461
1557,761
1558,653
1559,546
1560,118
1561,533
1562,507
1563,457
1564,532
1565,606
1566,44
1567,404
1568,492
1569,234
1570,749
1571,328
1572,678
1573,253
1574,377
1575,681
1576,727
1577,723
1578,544
1579,777
1580,626
1581,562
1582,345
1583,10
1584,623
1585,407
1586,284
1587,289
1588,124
1589,276
1590,585
1591,701
1592,727
1593,424
1594,442
1595,605
1596,643
1597,349
1598,381
1599,310
1600,265
1601,787
1602,243
1603,292
1604,647
1605,359
1606,773
1607,331
1608,167
1609,645
1610,585
1611,797
1612,521
1613,534
1614,396
1615,177
1616,571
1617,691
1618,444
1619,49
1620,649
1621,681
1622,208
1623,14
1624,799
1625,312
1626,195
1627,65
1628,329
1629,366
1630,621
1631,214
1632,387
1633,709
1634,705
1635,40
1636,624
1637,33
1638,410
1639,592
1640,776
1641,599
1642,25
1643,177
1644,32
1645,591
1646,506
1647,398
1648,233
1649,119
1650,135
1651,129
1652,63
1653,781
1654,39
1655,222
1656,411
1657,740
1658,366
1659,106
1660,431
1661,647
1662,165
1663,778
1664,735
1665,408
1666,755
1667,133
1668,522
1669,407
1670,203
1671,143
1672,194
1673,139
1674,367
1675,307
1676,64
1677,263
1678,447
1679,1
1680,740
1681,66
1682,624
1683,323
1684,58
1685,449
1686,576
1687,473
1688,287
1689,767
1690,680
1691,744
1692,478
1693,237
1694,408
1695,85
1696,286
1697,283
1698,89
1699,667
1700,232
1701,426
1702,340
1703,52
1704,280
1705,647
1706,205
1707,257
1708,258
1709,410
1710,612
1711,233
1712,34
1713,331
1714,744
1715,20
1716,473
1717,362
1718,337
1719,728
1720,407
1721,436
1722,166
1723,66
1724,630
1725,32
1726,638
1727,85
1728,782
1729,637
1730,706
1731,446
1732,212
1733,289
1734,435
1735,477
1736,633
1737,294
1738,694
1739,615
1740,623
1741,111
1742,10
1743,15
1744,223
1745,351
1746,213
1747,287
1748,381
1749,349
1750,515
1751,569
1752,412
1753,240
1754,727
1755,162
1756,604
1757,166
1758,535
1759,459
1760,188
1761,196
1762,326
1763,368
1764,673
1765,287
1766,671
1767,774
1768,294
1769,408
1770,26
1771,306
1772,171
1773,156
1774,65
1775,697
1776,743
1777,619
1778,759
1779,546
1780,176
1781,328
1782,224
1783,602
1784,220
1785,785
1786,509
1787,454
1788,416
1789,8
1790,467
1791,665
1792,755
1793,423
1794,415
1795,599
1796,162
1797,650
1798,753
1799,596
1800,461
1801,43
1802,98
1803,29
1804,554
1805,336
1806,613
1807,612
1808,522
1809,299
1810,243
1811,253
1812,654
1813,648
1814,744
1815,55
1816,36
1817,262
1818,281
1819,22
1820,513
1821,747
1822,387
1823,596
1824,475
1825,439
1826,8
1827,354
1828,746
1829,783
1830,650
1831,402
1832,194
1833,342
1834,591
1835,281
1836,298
1837,139
1838,99
1839,226
1840,335
1841,645
1842,580
1843,777
1844,701
1845,231
1846,370
1847,192
1848,557
1849,109
1850,401
1851,138
1852,510
1853,189
1854,531
1855,634
1856,746
1857,132
1858,132
1859,275
1860,602
1861,311
1862,745
1863,559
1864,331
1865,305
1866,435
1867,387
1868,440
1869,435
1870,776
1871,297
1872,566
1873,613
1874,662
1875,277
1876,779
1877,515
1878,663
1879,708
1880,187
1881,479
1882,392
1883,589
1884,522
1885,544
1886,718
1887,300
1888,629
1889,282
1890,425
1891,212
1892,397
1893,318
1894,586
1895,643
1896,397
1897,755
1898,288
1899,130
1900,759
1901,573
1902,502
1903,227
1904,769
1905,682
1906,682
1907,786
1908,208
1909,791
1910,91
1911,338
1912,447
1913,706
1914,314
1915,210
1916,303
1917,420
1918,644
1919,313
1920,111
1921,470
1922,764
1923,397
1924,275
1925,791
1926,226
1927,548
1928,509
1929,504
1930,407
1931,780
1932,216
1933,469
1934,737
1935,615
1936,228
1937,467
1938,255
1939,284
1940,253
1941,151
1942,683
1943,59
1944,381
1945,772
1946,738
1947,12
1948,179
1949,616
1950,384
1951,41
1952,363
1953,400
1954,684
1955,428
1956,244
1957,658
1958,180
1959,185
1960,292
1961,720
1962,318
1963,720
1964,786
1965,499
1966,343
1967,410
1968,316
1969,537
1970,741
1971,182
1972,210
1973,422
1974,472
1975,95
1976,771
1977,573
1978,515
1979,110
1980,583
1981,508
1982,286
1983,755
1984,199
1985,610
1986,602
1987,48
1988,758
1989,432
1990,764
1991,191
1992,387
1993,694
1994,291
1995,79
1996,294
1997,791
1998,778
1999,669
2000,654
2001,431
2002,570
2003,196
2004,88
2005,512
2006,547
2007,319
2008,546
2009,187
2010,352
2011,52
2012,191
2013,246
2014,267
2015,285
2016,740
2017,195
2018,38
2019,119
2020,305
2021,254
2022,48
2023,427
2024,161
2025,205
2026,614
2027,758
2028,651
2029,712
2030,296
2031,507
2032,278
2033,77
2034,360
2035,631
2036,299
2037,552
2038,296
2039,58
2040,587
2041,337
2042,185
2043,149
2044,657
2045,741
2046,119
2047,671
2048,671
2049,317
2050,41
2051,605
2052,391
2053,528
2054,3
2055,288
2056,417
2057,489
2058,262
2059,260
2060,287
2061,166
2062,346
2063,453
2064,588
2065,602
2066,244
2067,55
2068,740
2069,635
2070,58
2071,499
2072,546
2073,659
2074,746
2075,605
2076,348
2077,660
2078,797
2079,17
2080,504
2081,725
2082,210
2083,350
2084,323
2085,369
2086,46
2087,1
2088,705
2089,599
2090,571
2091,119
2092,390
2093,282
2094,167
2095,402
2096,519
2097,554
2098,592
2099,381
2100,76
2101,557
2102,768
2103,88
2104,650
2105,570
2106,546
2107,40
2108,279
2109,16
2110,321
2111,549
2112,634
2113,471
2114,713
2115,256
2116,199
2117,243
2118,391
2119,535
2120,31
2121,382
2122,315
2123,129
2124,137
2125,302
2126,387
2127,172
2128,695
2129,319
2130,530
2131,145
2132,31
2133,561
2134,604
2135,540
2136,512
2137,334
2138,236
2139,628
2140,648
2141,757
2142,276
2143,65
2144,402
2145,426
2146,517
2147,263
2148,89
2149,5
2150,794
2151,500
2152,168
2153,435
2154,570
2155,771
2156,130
2157,281
2158,418
2159,254
2160,589
2161,331
2162,666
2163,787
2164,269
2165,677
2166,637
2167,236
2168,542
2169,724
2170,789
2171,618
2172,772
2173,362
2174,505
2175,387
2176,557
2177,395
2178,603
2179,528
2180,220
2181,343
2182,303
2183,452
2184,368
2185,676
2186,195
2187,245
2188,434
2189,769
2190,59
2191,368
2192,686
2193,297
2194,414
2195,326
2196,678
2197,263
2198,278
2199,635
2200,359
2201,497
2202,266
2203,665
2204,21
2205,30
2206,410
2207,23
2208,309
2209,435
2210,196
2211,402
2212,565
2213,422
2214,403
2215,199
2216,266
2217,713
2218,301
2219,496
2220,410
2221,309
2222,490
2223,619
2224,44
2225,205
2226,313
2227,40
2228,659
2229,147
2230,126
2231,69
2232,596
2233,450
2234,395
2235,763
2236,555
2237,269
2238,447
2239,612
2240,200
2241,775
2242,381
2243,12
2244,625
2245,518
2246,367
2247,303
2248,597
2249,404
2250,122
2251,647
2252,349
2253,326
2254,668
2255,446
2256,448
2257,748
2258,552
2259,147
2260,211
2261,168
2262,212
2263,555
2264,115
2265,496
2266,536
2267,569
2268,656
2269,694
2270,626
2271,783
2272,354
2273,323
2274,730
2275,437
2276,215
2277,69
2278,800
2279,584
2280,105
2281,629
2282,290
2283,222
2284,109
2285,619
2286,331
2287,181
2288,377
2289,734
2290,490
2291,484
2292,412
2293,118
2294,52
2295,394
2296,617
2297,124
2298,662
2299,734
2300,268
2301,10
2302,8
2303,607
2304,542
2305,191
2306,122
2307,89
2308,449
2309,706
2310,190
2311,425
2312,647
2313,255
2314,709
2315,180
2316,351
2317,651
2318,786
2319,398
2320,362
2321,306
2322,783
2323,582
2324,107
2325,83
2326,492
2327,576
2328,248
2329,669
2330,525
2331,431
2332,326
2333,210
2334,402
2335,653
2336,442
2337,209
2338,169
2339,90
2340,126
2341,705
2342,451
2343,75
2344,512
2345,500
2346,224
2347,141
2348,771
2349,240
2350,319
2351,672
2352,541
2353,359
2354,103
2355,749
2356,795
2357,184
2358,155
2359,184
2360,214
2361,574
2362,631
2363,684
2364,697
2365,564
2366,663
2367,437
2368,99
2369,439
2370,36
2371,253
2372,313
2373,19
2374,678
2375,552
2376,725
2377,702
2378,496
2379,617
2380,139
2381,456
2382,179
2383,129
2384,30
2385,552
2386,63
2387,147
2388,509
2389,521
2390,91
2391,799
2392,387
2393,463
2394,214
2395,699
2396,711
2397,610
2398,791
2399,284
2400,584
2401,495
2402,262
2403,59
2404,332
2405,727
2406,687
2407,549
2408,359
2409,685
2410,474
2411,639
2412,529
2413,704
2414,388
2415,600
2416,473
2417,732
2418,737
2419,672
2420,706
2421,510
2422,621
2423,702
2424,719
2425,403
2426,208
2427,790
2428,698
2429,147
2430,624
2431,173
2432,56
2433,656
2434,387
2435,637
2436,347
2437,470
2438,767
2439,738
2440,46
2441,124
2442,668
2443,386
2444,561
2445,22
2446,530
2447,380
2448,205
2449,142
2450,385
2451,630
2452,551
2453,26
2454,789
2455,479
2456,450
2457,568
2458,16
2459,711
2460,523
2461,223
2462,343
2463,398
2464,420
2465,786
2466,773
2467,543
2468,143
2469,493
2470,28
2471,271
2472,85
2473,513
2474,423
2475,17
2476,31
2477,170
2478,753
2479,173
2480,617
2481,42
2482,176
2483,622
2484,199
2485,749
2486,407
2487,26
2488,716
2489,514
2490,90
2491,580
2492,722
2493,330
2494,364
2495,17
2496,587
2497,245
2498,625
2499,539
2500,519
2501,292
2502,546
2503,687
2504,356
2505,131
2506,186
2507,295
2508,745
2509,119
2510,566
2511,455
2512,710
2513,126
2514,306
2515,14
2516,285
2517,497
2518,702
2519,550
2520,165
2521,234
2522,697
2523,413
2524,635
2525,595
2526,636
2527,309
2528,339
2529,413
2530,215
2531,569
2532,67
2533,448
2534,512
2535,413
2536,424
2537,408
2538,788
2539,220
2540,361
2541,348
2542,236
2543,622
2544,656
2545,735
2546,329
2547,25
2548,6
2549,575
2550,366
2551,376
2552,362
2553,636
2554,93
2555,651
2556,742
2557,170
2558,142
2559,426
2560,383
2561,200
2562,104
2563,143
2564,158
2565,72
2566,381
2567,672
2568,657
2569,491
2570,507
2571,455
2572,18
2573,130
2574,783
2575,747
2576,764
2577,478
2578,472
2579,601
2580,206
2581,512
2582,602
2583,548
2584,202
2585,200
2586,100
2587,489
2588,399
2589,623
2590,594
2591,450
2592,214
2593,565
2594,567
2595,513
2596,533
2597,47
2598,415
2599,381
2600,330
2601,12
2602,348
2603,558
2604,172
2605,627
2606,186
2607,330
2608,631
2609,444
2610,760
2611,692
2612,265
2613,204
2614,773
2615,236
2616,116
2617,650
2618,673
2619,402
2620,574
2621,732
2622,731
2623,640
2624,174
2625,432
2626,412
2627,650
2628,680
2629,68
2630,39
2631,62
2632,736
2633,454
2634,710
2635,409
2636,635
2637,178
2638,169
2639,458
2640,110
2641,621
2642,341
2643,338
2644,778
2645,656
2646,647
2647,337
2648,89
2649,18
2650,276
2651,81
2652,380
2653,272
2654,418
2655,96
2656,516
2657,7
2658,6
2659,629
2660,623
2661,683
2662,579
2663,341
2664,498
2665,314
2666,665
2667,236
2668,4
2669,196
2670,410
2671,554
2672,465
2673,511
2674,206
2675,540
2676,45
2677,120
2678,449
2679,81
2680,262
2681,311
2682,454
2683,553
2684,208
2685,13
2686,141
2687,404
2688,659
2689,293
2690,494
2691,399
2692,309
2693,737
2694,217
2695,652
2696,681
2697,76
2698,624
2699,52
2700,102
2701,53
2702,131
2703,131
2704,137
2705,749
2706,511
2707,145
2708,354
2709,43
2710,304
2711,235
2712,146
2713,178
2714,203
2715,119
2716,271
2717,304
2718,707
2719,695
2720,249
2721,408
2722,27
2723,372
2724,790
2725,611
2726,335
2727,543
2728,496
2729,170
2730,415
2731,74
2732,210
2733,175
2734,698
2735,749
2736,295
2737,114
2738,504
2739,119
2740,67
2741,800
2742,687
2743,103
2744,433
2745,575
2746,149
2747,74
2748,127
2749,669
2750,742
2751,94
2752,424
2753,700
2754,578
2755,593
2756,8
2757,63
2758,63
2759,379
2760,415
2761,745
2762,750
2763,560
2764,303
2765,532
2766,418
2767,168
2768,207
2769,752
2770,243
2771,33
2772,306
2773,43
2774,672
2775,336
2776,203
2777,233
2778,514
2779,243
2780,26
2781,400
2782,785
2783,383
2784,468
2785,466
2786,570
2787,124
2788,785
2789,271
2790,629
2791,645
2792,681
2793,31
2794,105
2795,234
2796,485
2797,132
2798,740
2799,299
2800,790
2801,789
2802,121
2803,337
2804,635
2805,38
2806,375
2807,331
2808,738
2809,123
2810,91
2811,307
2812,36
2813,142
2814,392
2815,43
2816,275
2817,664
2818,496
2819,622
2820,602
2821,474
2822,304
2823,654
2824,17
2825,108
2826,586
2827,514
2828,624
2829,708
2830,649
2831,161
2832,378
2833,747
2834,587
2835,38
2836,549
2837,7
2838,409
2839,638
2840,730
2841,125
2842,218
2843,530
2844,182
2845,489
2846,226
2847,518
2848,606
2849,433
2850,745
2851,518
2852,786
2853,415
2854,750
2855,643
2856,135
2857,68
2858,406
2859,345
2860,187
2861,215
2862,63
2863,234
2864,278
2865,560
2866,471
2867,183
2868,357
2869,671
2870,724
2871,763
2872,488
2873,689
2874,152
2875,292
2876,783
2877,778
2878,361
2879,664
2880,355
2881,209
2882,417
2883,593
2884,699
2885,578
2886,768
2887,84
2888,48
2889,590
2890,154
2891,23
2892,676
2893,114
2894,235
2895,613
2896,132
2897,794
2898,305
2899,336
2900,666
2901,190
2902,460
2903,369
2904,756
2905,708
2906,634
2907,15
2908,584
2909,472
2910,377
2911,202
2912,401
2913,240
2914,356
2915,162
2916,117
2917,233
2918,648
2919,187
2920,179
2921,696
2922,473
2923,428
2924,262
2925,72
2926,346
2927,162
2928,674
2929,58
2930,246
2931,56
2932,470
2933,705
2934,390
2935,685
2936,116
2937,380
2938,472
2939,94
2940,691
2941,760
2942,457
2943,176
2944,475
2945,103
2946,765
2947,650
2948,220
2949,477
2950,312
2951,200
2952,273
2953,325
2954,724
2955,52
2956,623
2957,46
2958,705
2959,665
2960,296
2961,627
2962,599
2963,577
2964,230
2965,679
2966,774
2967,507
2968,602
2969,276
2970,505
2971,22
2972,708
2973,743
2974,286
2975,404
2976,218
2977,21
2978,630
2979,569
2980,776
2981,275
2982,65
2983,315
2984,705
2985,698
2986,270
2987,223
2988,374
2989,180
2990,548
2991,787
2992,601
2993,652
2994,139
2995,287
2996,366
2997,237
2998,201
2999,400
3000,708
3001,605
3002,582
3003,125
3004,674
3005,228
3006,548
3007,331
3008,438
3009,779
3010,545
3011,301
3012,723
3013,700
3014,744
3015,775
3016,792
3017,81
3018,739
3019,144
3020,706
3021,92
3022,32
3023,619
3024,170
3025,179
3026,235
3027,5
3028,734
3029,313
3030,238
3031,708
3032,599
3033,684
3034,730
3035,284
3036,791
3037,318
3038,625
3039,86
3040,575
3041,640
3042,133
3043,674
3044,560
3045,578
3046,60
3047,374
3048,500
3049,154
3050,500
3051,110
3052,21
3053,768
3054,37
3055,41
3056,517
3057,167
3058,369
3059,463
3060,318
3061,384
3062,681
3063,551
3064,323
3065,199
3066,131
3067,470
3068,569
3069,205
3070,491
3071,135
3072,359
3073,462
3074,471
3075,144
3076,126
3077,325
3078,351
3079,760
3080,758
3081,578
3082,538
3083,148
3084,767
3085,253
3086,558
3087,467
3088,251
3089,103
3090,265
3091,783
3092,312
3093,415
3094,596
3095,234
3096,617
3097,676
3098,288
3099,669
3100,552
3101,560
3102,414
3103,331
3104,70
3105,213
3106,307
3107,167
3108,590
3109,391
3110,528
3111,543
3112,767
3113,161
3114,123
3115,436
3116,471
3117,742
3118,109
3119,405
3120,638
3121,617
3122,606
3123,357
3124,204
3125,603
3126,375
3127,647
3128,722
3129,745
3130,407
3131,213
3132,259
3133,724
3134,52
3135,776
3136,198
3137,491
3138,488
3139,389
3140,233
3141,702
3142,223
3143,796
3144,309
3145,623
3146,686
3147,341
3148,576
3149,670
3150,116
3151,10
3152,159
3153,702
3154,758
3155,122
3156,465
3157,512
3158,776
3159,472
3160,389
3161,409
3162,161
3163,508
3164,316
3165,102
3166,150
3167,465
3168,504
3169,237
3170,583
3171,413
3172,35
3173,299
3174,133
3175,362
3176,656
3177,163
3178,286
3179,42
3180,277
3181,609
3182,717
3183,235
3184,469
3185,725
3186,695
3187,45
3188,630
3189,21
3190,575
3191,785
3192,491
3193,706
3194,268
3195,762
3196,795
3197,551
3198,437
3199,148
3200,79
3201,250
3202,501
3203,187
3204,659
3205,382
3206,175
3207,151
3208,86
3209,26
3210,292
3211,758
3212,154
3213,550
3214,758
3215,589
3216,560
3217,49
3218,718
3219,799
3220,788
3221,461
3222,14
3223,262
3224,634
3225,379
3226,61
3227,316
3228,545
3229,173
3230,127
3231,580
3232,5
3233,509
3234,717
3235,578
3236,438
3237,349
3238,226
3239,454
3240,785
3241,71
3242,246
3243,382
3244,408
3245,604
3246,393
3247,287
3248,719
3249,447
3250,583
3251,41
3252,60
3253,358
3254,445
3255,181
3256,165
3257,741
3258,61
3259,371
3260,728
3261,108
3262,213
3263,176
3264,616
3265,86
3266,294
3267,152
3268,757
3269,439
3270,277
3271,38
3272,764
3273,132
3274,142
3275,508
3276,98
3277,287
3278,681
3279,406
3280,292
3281,117
3282,416
3283,91
3284,92
3285,175
3286,182
3287,26
3288,185
3289,343
3290,752
3291,319
3292,555
3293,324
3294,366
3295,64
3296,556
3297,460
3298,706
3299,155
3300,442
3301,574
3302,775
3303,254
3304,365
3305,790
3306,496
3307,57
3308,573
3309,415
3310,179
3311,640
3312,437
3313,702
3314,243
3315,612
3316,734
3317,51
3318,144
3319,490
3320,156
3321,239
3322,751
3323,670
3324,424
3325,405
3326,34
3327,541
3328,41
3329,238
3330,260
3331,87
3332,740
3333,197
3334,776
3335,541
3336,174
3337,339
3338,218
3339,310
3340,308
3341,393
3342,547
3343,251
3344,691
3345,100
3346,508
3347,290
3348,731
3349,145
3350,108
3351,283
3352,314
3353,650
3354,781
3355,581
3356,448
3357,549
3358,536
3359,124
3360,318
3361,470
3362,719
3363,687
3364,110
3365,719
3366,288
3367,528
3368,728
3369,748
3370,288
3371,533
3372,343
3373,507
3374,342
3375,25
3376,527
3377,690
3378,399
3379,311
3380,201
3381,379
3382,753
3383,331
3384,275
3385,235
3386,644
3387,386
3388,798
3389,356
3390,165
3391,406
3392,125
3393,563
3394,525
3395,709
3396,406
3397,154
3398,422
3399,740
3400,28
3401,231
3402,424
3403,209
3404,312
3405,417
3406,214
3407,426
3408,315
3409,140
3410,366
3411,38
3412,127
3413,372
3414,307
3415,184
3416,252
3417,357
3418,395
3419,324
3420,633
3421,217
3422,680
3423,709
3424,354
3425,1
3426,219
3427,297
3428,458
3429,766
3430,537
3431,302
3432,48
3433,413
3434,760
3435,666
3436,281
3437,246
3438,309
3439,748
3440,81
3441,26
3442,51
3443,96
3444,437
3445,389
3446,198
3447,216
3448,58
3449,744
3450,113
3451,269
3452,436
3453,511
3454,408
3455,139
3456,106
3457,258
3458,69
3459,572
3460,266
3461,106
3462,391
3463,440
3464,644
3465,96
3466,514
3467,505
3468,386
3469,274
3470,258
3471,71
3472,68
3473,251
3474,401
3475,45
3476,694
3477,82
3478,500
3479,32
3480,722
3481,163
3482,674
3483,457
3484,551
3485,190
3486,341
3487,638
3488,157
3489,516
3490,288
3491,206
3492,574
3493,658
3494,84
3495,188
3496,68
3497,426
3498,62
3499,31
3500,663
3501,27
3502,185
3503,13
3504,698
3505,56
3506,399
3507,260
3508,175
3509,624
3510,379
3511,271
3512,693
3513,480
3514,722
3515,17
3516,717
3517,378
3518,29
3519,640
3520,212
3521,785
3522,658
3523,198
3524,266
3525,474
3526,213
3527,290
3528,473
3529,656
3530,12
3531,280
3532,287
3533,769
3534,296
3535,487
3536,328
3537,44
3538,384
3539,14
3540,563
3541,659
3542,343
3543,608
3544,257
3545,529
3546,248
3547,499
3548,604
3549,153
3550,86
3551,123
3552,372
3553,410
3554,353
3555,62
3556,343
3557,24
3558,609
3559,105
3560,28
3561,519
3562,476
3563,646
3564,204
3565,195
3566,683
3567,450
3568,414
3569,388
3570,771
3571,553
3572,26
3573,440
3574,690
3575,362
3576,541
3577,581
3578,353
3579,3
3580,544
3581,547
3582,80
3583,264
3584,388
3585,799
3586,363
3587,595
3588,114
3589,428
3590,95
3591,310
3592,422
3593,388
3594,543
3595,717
3596,371
3597,120
3598,516
3599,463
3600,469
3601,55
3602,178
3603,373
3604,307
3605,569
3606,152
3607,96
3608,328
3609,605
3610,30
3611,306
3612,73
3613,734
3614,633
3615,94
3616,724
3617,329
3618,513
3619,465
3620,777
3621,306
3622,428
3623,207
3624,182
3625,47
3626,349
3627,695
3628,384
3629,773
3630,645
3631,639
3632,423
3633,215
3634,145
3635,306
3636,407
3637,140
3638,348
3639,223
3640,265
3641,338
3642,329
3643,596
3644,661
3645,20
3646,123
3647,548
3648,618
3649,671
3650,688
3651,185
3652,404
3653,12
3654,47
3655,20
3656,178
3657,52
3658,153
3659,431
3660,322
3661,86
3662,796
3663,402
3664,786
3665,665
3666,459
3667,791
3668,69
3669,680
3670,26
3671,608
3672,71
3673,351
3674,735
3675,194
3676,651
3677,35
3678,373
3679,725
3680,341
3681,500
3682,658
3683,692
3684,332
3685,482
3686,24
3687,208
3688,533
3689,106
3690,409
3691,253
3692,172
3693,388
3694,170
3695,35
3696,605
3697,438
3698,275
3699,159
3700,265
3701,692
3702,714
3703,375
3704,752
3705,116
3706,538
3707,690
3708,788
3709,728
3710,559
3711,735
3712,455
3713,613
3714,96
3715,529
3716,542
3717,669
3718,607
3719,160
3720,136
3721,15
3722,437
3723,391
3724,275
3725,92
3726,636
3727,41
3728,424
3729,228
3730,240
3731,309
3732,681
3733,792
3734,570
3735,308
3736,607
3737,269
3738,408
3739,266
3740,361
3741,553
3742,98
3743,759
3744,477
3745,450
3746,402
3747,421
3748,44
3749,790
3750,371
3751,305
3752,350
3753,63
3754,497
3755,613
3756,352
3757,792
3758,536
3759,692
3760,647
3761,196
3762,15
3763,587
3764,601
3765,257
3766,424
3767,657
3768,240
3769,282
3770,163
3771,227
3772,735
3773,63
3774,151
3775,299
3776,139
3777,404
3778,328
3779,54
3780,667
3781,165
3782,364
3783,415
3784,123
3785,775
3786,62
3787,46
3788,343
3789,150
3790,676
3791,183
3792,97
3793,396
3794,798
3795,663
3796,795
3797,161
3798,428
3799,740
3800,571
3801,322
3802,747
3803,533
3804,286
3805,104
3806,521
3807,33
3808,43
3809,340
3810,600
3811,655
3812,641
3813,58
3814,456
3815,506
3816,97
3817,481
3818,289
3819,410
3820,645
3821,190
3822,129
3823,189
3824,374
3825,586
3826,47
3827,417
3828,798
3829,317
3830,107
3831,348
3832,242
3833,127
3834,1
3835,322
3836,736
3837,201
3838,748
3839,669
3840,129
3841,712
3842,737
3843,572
3844,383
3845,317
3846,686
3847,345
3848,521
3849,287
3850,293
3851,647
3852,140
3853,588
3854,226
3855,416
3856,19
3857,245
3858,1
3859,9
3860,403
3861,421
3862,200
3863,549
3864,435
3865,462
3866,632
3867,245
3868,91
3869,354
3870,609
3871,401
3872,727
3873,680
3874,78
3875,651
3876,480
3877,221
3878,409
3879,751
3880,157
3881,439
3882,20
3883,547
3884,38
3885,164
3886,763
3887,556
3888,69
3889,390
3890,403
3891,164
3892,542
3893,592
3894,714
3895,691
3896,272
3897,794
3898,791
3899,189
3900,171
3901,625
3902,12
3903,557
3904,623
3905,424
3906,605
3907,213
3908,678
3909,316
3910,44
3911,304
3912,194
3913,89
3914,118
3915,578
3916,707
3917,173
3918,389
3919,41
3920,223
3921,795
3922,226
3923,249
3924,368
3925,513
3926,768
3927,408
3928,435
3929,354
3930,43
3931,410
3932,750
3933,136
3934,700
3935,262
3936,118
3937,462
3938,359
3939,440
3940,664
3941,456
3942,622
3943,241
3944,355
3945,463
3946,412
3947,317
3948,309
3949,598
3950,410
3951,396
3952,798
3953,602
3954,391
3955,549
3956,148
3957,373
3958,243
3959,222
3960,568
3961,202
3962,739
3963,463
3964,288
3965,252
3966,141
3967,81
3968,286
3969,367
3970,672
3971,744
3972,252
3973,449
3974,334
3975,769
3976,12
3977,225
3978,174
3979,276
3980,37
3981,639
3982,785
3983,595
3984,92
3985,741
3986,293
3987,752
3988,342
3989,409
3990,27
3991,746
3992,94
3993,699
3994,792
3995,725
3996,69
3997,780
3998,33
3999,283
4000,36
4001,80
4002,783
4003,155
4004,570
4005,96
4006,78
4007,760
4008,289
4009,646
4010,197
4011,732
4012,748
4013,205
4014,323
4015,613
4016,740
4017,147
4018,120
4019,224
4020,90
4021,644
4022,65
4023,490
4024,19
4025,769
4026,244
4027,130
4028,533
4029,357
4030,596
4031,88
4032,573
4033,633
4034,662
4035,495
4036,642
4037,232
4038,407
4039,63
4040,779
4041,570
4042,269
4043,757
4044,599
4045,6
4046,279
4047,381
4048,279
4049,175
4050,182
4051,87
4052,697
4053,35
4054,3
4055,266
4056,147
4057,565
4058,44
4059,494
4060,213
4061,239
4062,672
4063,325
4064,455
4065,258
4066,35
4067,157
4068,574
4069,766
4070,277
4071,402
4072,448
4073,379
4074,42
4075,645
4076,84
4077,247
4078,157
4079,537
4080,306
4081,415
4082,426
4083,700
4084,518
4085,606
4086,43
4087,587
4088,488
4089,339
4090,219
4091,648
4092,471
4093,299
4094,423
4095,683
4096,456
4097,309
4098,4
4099,86
4100,143
4101,525
4102,792
4103,83
4104,352
4105,559
4106,110
4107,542
4108,65
4109,313
4110,103
4111,185
4112,636
4113,312
4114,164
4115,139
4116,444
4117,597
4118,382
4119,76
4120,468
4121,306
4122,645
4123,361
4124,30
4125,10
4126,229
4127,367
4128,625
4129,173
4130,71
4131,357
4132,776
4133,497
4134,356
4135,95
4136,141
4137,469
4138,75
4139,75
4140,11
4141,266
4142,303
4143,445
4144,67
4145,178
4146,394
4147,72
4148,788
4149,601
4150,66
4151,468
4152,741
4153,709
4154,421
4155,474
4156,112
4157,445
4158,583
4159,552
4160,747
4161,393
4162,160
4163,152
4164,539
4165,67
4166,418
4167,19
4168,372
4169,505
4170,27
4171,582
4172,432
4173,134
4174,582
4175,208
4176,536
4177,12
4178,722
4179,641
4180,766
4181,308
4182,33
4183,612
4184,394
4185,488
4186,642
4187,26
4188,174
4189,61
4190,591
4191,633
4192,201
4193,380
4194,441
4195,342
4196,523
4197,661
4198,220
4199,526
4200,219
4201,468
4202,609
4203,336
4204,714
4205,205
4206,203
4207,91
4208,280
4209,117
4210,487
4211,340
4212,587
4213,242
4214,766
4215,279
4216,766
4217,147
4218,172
4219,787
4220,239
4221,296
4222,670
4223,285
4224,423
4225,330
4226,551
4227,665
4228,226
4229,791
4230,544
4231,486
4232,185
4233,530
4234,97
4235,382
4236,352
4237,712
4238,261
4239,188
4240,798
4241,312
4242,79
4243,94
4244,535
4245,509
4246,134
4247,162
4248,649
4249,18
4250,414
4251,779
4252,235
4253,157
4254,645
4255,114
4256,365
4257,140
4258,616
4259,302
4260,339
4261,90
4262,462
4263,667
4264,206
4265,799
4266,467
4267,157
4268,389
4269,134
4270,683
4271,428
4272,410
4273,152
4274,67
4275,339
4276,256
4277,533
4278,247
4279,483
4280,503
4281,327
4282,687
4283,15
4284,329
4285,611
4286,444
4287,107
4288,154
4289,126
4290,77
4291,261
4292,133
4293,358
4294,680
4295,444
4296,369
4297,288
4298,72
4299,526
4300,250
4301,77
4302,626
4303,325
4304,17
4305,143
4306,520
4307,697
4308,641
4309,600
4310,98
4311,594
4312,468
4313,664
4314,193
4315,19
4316,660
4317,382
4318,202
4319,694
4320,154
4321,340
4322,710
4323,352
4324,642
4325,402
4326,691
4327,298
4328,217
4329,79
4330,109
4331,608
4332,374
4333,775
4334,674
4335,535
4336,259
4337,759
4338,525
4339,659
4340,315
4341,397
4342,412
4343,383
4344,168
4345,445
4346,196
4347,360
4348,478
4349,733
4350,550
4351,796
4352,225
4353,82
4354,248
4355,367
4356,52
4357,677
4358,115
4359,525
4360,660
4361,290
4362,99
4363,405
4364,255
4365,775
4366,433
4367,607
4368,480
4369,59
4370,318
4371,465
4372,318
4373,157
4374,695
4375,277
4376,327
4377,382
4378,790
4379,181
4380,678
4381,68
4382,722
4383,79
4384,782
4385,22
4386,607
4387,659
4388,479
4389,127
4390,255
4391,135
4392,486
4393,442
4394,753
4395,429
4396,671
4397,29
4398,335
4399,139
4400,284
4401,301
4402,401
4403,576
4404,192
4405,397
4406,482
4407,646
4408,576
4409,148
4410,273
4411,722
4412,132
4413,713
4414,45
4415,611
4416,60
4417,513
4418,305
4419,521
4420,562
4421,430
4422,240
4423,758
4424,272
4425,26
4426,649
4427,736
4428,523
4429,790
4430,429
4431,132
4432,499
4433,362
4434,63
4435,562
4436,666
4437,264
4438,781
4439,608
4440,663
4441,242
4442,320
4443,59
4444,228
4445,717
4446,440
4447,715
4448,368
4449,109
4450,687
4451,766
4452,242
4453,33
4454,570
4455,350
4456,93
4457,69
4458,304
4459,150
4460,270
4461,698
4462,184
4463,543
4464,332
4465,350
4466,110
4467,572
4468,141
4469,68
4470,125
4471,231
4472,267
4473,59
4474,156
4475,24
4476,3
4477,235
4478,322
4479,219
4480,152
4481,677
4482,347
4483,103
4484,151
4485,399
4486,472
4487,694
4488,630
4489,98
4490,43
4491,493
4492,761
4493,473
4494,82
4495,439
4496,334
4497,26
4498,180
4499,620
4500,177
4501,34
4502,418
4503,538
4504,601
4505,153
4506,528
4507,537
4508,279
4509,127
4510,692
4511,318
4512,657
4513,723
4514,150
4515,518
4516,397
4517,446
4518,239
4519,704
4520,484
4521,110
4522,477
4523,617
4524,675
4525,609
4526,220
4527,751
4528,757
4529,615
4530,270
4531,60
4532,775
4533,35
4534,182
4535,511
4536,631
4537,704
4538,677
4539,536
4540,800
4541,743
4542,238
4543,418
4544,783
4545,97
4546,455
4547,54
4548,346
4549,790
4550,583
4551,330
4552,86
4553,336
4554,772
4555,229
4556,553
4557,663
4558,702
4559,27
4560,115
4561,425
4562,58
4563,467
4564,663
4565,337
4566,5
4567,696
4568,679
4569,185
4570,313
4571,705
4572,762
4573,117
4574,235
4575,798
4576,149
4577,119
4578,138
4579,186
4580,210
4581,183
4582,581
4583,663
4584,202
4585,408
4586,323
4587,722
4588,632
4589,346
4590,644
4591,788
4592,347
4593,263
4594,25
4595,714
4596,183
4597,141
4598,189
4599,602
4600,636
4601,631
4602,184
4603,4
4604,354
4605,361
4606,37
4607,659
4608,751
4609,688
4610,616
4611,606
4612,432
4613,158
4614,622
4615,235
4616,651
4617,328
4618,627
4619,602
4620,485
4621,15
4622,566
4623,82
4624,171
4625,252
4626,377
4627,252
4628,375
4629,322
4630,197
4631,312
4632,772
4633,298
4634,452
4635,393
4636,89
4637,653
4638,778
4639,383
4640,23
4641,4
4642,466
4643,594
4644,470
4645,269
4646,756
4647,329
4648,8
4649,28
4650,153
4651,720
4652,449
4653,566
4654,191
4655,234
4656,650
4657,46
4658,169
4659,188
4660,661
4661,773
4662,703
4663,683
4664,346
4665,140
4666,64
4667,569
4668,340
4669,27
4670,472
4671,779
4672,96
4673,81
4674,651
4675,604
4676,183
4677,732
4678,40
4679,75
4680,318
4681,743
4682,619
4683,97
4684,69
4685,322
4686,445
4687,604
4688,550
4689,49
4690,627
4691,566
4692,733
4693,343
4694,235
4695,548
4696,418
4697,64
4698,327
4699,289
4700,279
4701,369
4702,505
4703,145
4704,459
4705,464
4706,342
4707,39
4708,615
4709,467
4710,88
4711,563
4712,5
4713,175
4714,662
4715,759
4716,724
4717,129
4718,51
4719,739
4720,700
4721,428
4722,672
4723,245
4724,236
4725,184
4726,28
4727,524
4728,455
4729,207
4730,675
4731,99
4732,205
4733,7
4734,336
4735,316
4736,422
4737,147
4738,139
4739,32
4740,182
4741,140
4742,16
4743,338
4744,584
4745,659
4746,111
4747,758
4748,470
4749,644
4750,329
4751,529
4752,551
4753,331
4754,640
4755,175
4756,251
4757,86
4758,268
4759,615
4760,744
4761,794
4762,249
4763,467
4764,85
4765,299
4766,396
4767,124
4768,168
4769,488
4770,694
4771,22
4772,656
4773,603
4774,391
4775,711
4776,769
4777,728
4778,458
4779,206
4780,269
4781,625
4782,594
4783,557
4784,540
4785,505
4786,606
4787,480
4788,187
4789,623
4790,540
4791,412
4792,202
4793,609
4794,464
4795,308
4796,689
4797,429
4798,383
4799,244
4800,424
4801,325
4802,738
4803,137
4804,549
4805,735
4806,180
4807,58
4808,381
4809,484
4810,735
4811,304
4812,29
4813,228
4814,152
4815,256
4816,643
4817,510
4818,508
4819,135
4820,458
4821,691
4822,478
4823,303
4824,787
4825,461
4826,584
4827,514
4828,120
4829,395
4830,160
4831,254
4832,713
4833,95
4834,96
4835,570
4836,703
4837,287
4838,295
4839,326
4840,465
4841,759
4842,782
4843,169
4844,435
4845,493
4846,497
4847,264
4848,746
4849,136
4850,468
4851,46
4852,575
4853,53
4854,610
4855,473
4856,106
4857,448
4858,694
4859,483
4860,154
4861,202
4862,54
4863,689
4864,216
4865,545
4866,516
4867,358
4868,467
4869,518
4870,143
4871,140
4872,394
4873,84
4874,723
4875,262
4876,189
4877,638
4878,513
4879,172
4880,393
4881,220
4882,515
4883,727
4884,627
4885,477
4886,207
4887,107
4888,225
4889,627
4890,75
4891,449
4892,776
4893,55
4894,552
4895,489
4896,435
4897,57
4898,290
4899,362
4900,490
4901,241
4902,770
4903,99
4904,782
4905,657
4906,637
4907,421
4908,639
4909,350
4910,666
4911,486
4912,355
4913,463
4914,507
4915,179
4916,566
4917,682
4918,131
4919,798
4920,683
4921,277
4922,573
4923,11
4924,510
4925,746
4926,601
4927,260
4928,49
4929,154
4930,274
4931,45
4932,101
4933,64
4934,215
4935,288
4936,192
4937,106
4938,431
4939,486
4940,220
4941,676
4942,207
4943,775
4944,388
4945,644
4946,256
4947,773
4948,497
4949,272
4950,281
4951,547
4952,497
4953,567
4954,573
4955,57
4956,157
4957,249
4958,103
4959,124
4960,379
4961,25
4962,513
4963,52
4964,499
4965,426
4966,250
4967,376
4968,50
4969,258
4970,712
4971,330
4972,286
4973,315
4974,164
4975,427
4976,390
4977,439
4978,647
4979,322
4980,355
4981,685
4982,443
4983,770
4984,376
4985,223
4986,372
4987,100
4988,333
4989,112
4990,215
4991,173
4992,642
4993,37
4994,266
4995,187
4996,132
4997,647
4998,535
4999,725
5000,150
5001,104
5002,660
5003,86
5004,744
5005,110
5006,146
5007,401
5008,165
5009,235
5010,165
5011,167
5012,600
5013,731
5014,534
5015,698
5016,330
5017,194
5018,553
5019,603
5020,798
5021,44
5022,643
5023,324
5024,618
5025,654
5026,623
5027,796
5028,687
5029,562
5030,160
5031,490
5032,768
5033,167
5034,103
5035,579
5036,694
5037,537
5038,134
5039,386
5040,181
5041,551
5042,414
5043,652
5044,693
5045,332
5046,255
5047,786
5048,678
5049,516
5050,556
5051,709
5052,798
5053,711
5054,346
5055,372
5056,304
5057,749
5058,133
5059,339
5060,474
5061,766
5062,196
5063,724
5064,172
5065,665
5066,186
5067,751
5068,59
5069,197
5070,85
5071,149
5072,131
5073,47
5074,641
5075,800
5076,187
5077,466
5078,534
5079,713
5080,62
5081,584
5082,649
5083,167
5084,393
5085,325
5086,27
5087,247
5088,579
5089,127
5090,223
5091,376
5092,9
5093,655
5094,41
5095,483
5096,330
5097,683
5098,245
5099,94
5100,624
5101,112
5102,525
5103,291
5104,94
5105,148
5106,460
5107,600
5108,10
5109,108
5110,376
5111,786
5112,56
5113,411
5114,104
5115,667
5116,399
5117,237
5118,35
5119,461
5120,61
5121,635
5122,421
5123,342
5124,602
5125,668
5126,367
5127,327
5128,22
5129,732
5130,482
5131,476
5132,66
5133,209
5134,149
5135,3
5136,292
5137,254
5138,370
5139,280
5140,749
5141,569
5142,308
5143,346
5144,373
5145,501
5146,370
5147,164
5148,118
5149,326
5150,59
5151,371
5152,168
5153,282
5154,183
5155,527
5156,742
5157,727
5158,671
5159,429
5160,149
5161,724
5162,32
5163,169
5164,597
5165,18
5166,18
5167,617
5168,254
5169,362
5170,86
5171,585
5172,340
5173,441
5174,433
5175,372
5176,679
5177,312
5178,441
5179,206
5180,75
5181,192
5182,630
5183,623
5184,778
5185,354
5186,109
5187,453
5188,680
5189,476
5190,220
5191,474
5192,444
5193,530
5194,43
5195,83
5196,191
5197,358
5198,755
5199,562
5200,574
5201,677
5202,252
5203,62
5204,747
5205,336
5206,268
5207,681
5208,202
5209,123
5210,433
5211,667
5212,157
5213,549
5214,17
5215,215
5216,91
5217,734
5218,171
5219,658
5220,15
5221,531
5222,797
5223,564
5224,381
5225,752
5226,544
5227,588
5228,26
5229,433
5230,746
5231,117
5232,71
5233,635
5234,372
5235,530
5236,450
5237,629
5238,400
5239,539
5240,740
5241,701
5242,555
5243,276
5244,339
5245,13
5246,121
5247,147
5248,287
5249,211
5250,532
5251,668
5252,280
5253,710
5254,53
5255,726
5256,288
5257,489
5258,715
5259,149
5260,114
5261,720
5262,137
5263,762
5264,352
5265,512
5266,126
5267,770
5268,731
5269,197
5270,332
5271,255
5272,276
5273,766
5274,281
5275,540
5276,28
5277,95
5278,579
5279,71
5280,587
5281,203
5282,172
5283,382
5284,527
5285,85
5286,252
5287,608
5288,253
5289,101
5290,169
5291,553
5292,739
5293,462
5294,227
5295,740
5296,166
5297,46
5298,97
5299,792
5300,158
5301,161
5302,525
5303,596
5304,383
5305,260
5306,126
5307,278
5308,794
5309,793
5310,257
5311,752
5312,112
5313,673
5314,509
5315,47
5316,312
5317,414
5318,420
5319,191
5320,36
5321,175
5322,415
5323,334
5324,90
5325,160
5326,673
5327,400
5328,371
5329,451
5330,293
5331,724
5332,472
5333,632
5334,654
5335,782
5336,237
5337,609
5338,413
5339,752
5340,507
5341,383
5342,549
5343,319
5344,145
5345,239
5346,419
5347,437
5348,479
5349,192
5350,689
5351,687
5352,783
5353,696
5354,134
5355,408
5356,100
5357,263
5358,83
5359,562
5360,291
5361,232
5362,467
5363,684
5364,666
5365,45
5366,449
5367,694
5368,427
5369,394
5370,252
5371,588
5372,469
5373,210
5374,74
5375,317
5376,191
5377,499
5378,265
5379,36
5380,147
5381,83
5382,449
5383,48
5384,528
5385,408
5386,256
5387,298
5388,477
5389,60
5390,12
5391,262
5392,676
5393,7
5394,644
5395,64
5396,80
5397,306
5398,746
5399,79
5400,563
5401,17
5402,707
5403,512
5404,752
5405,80
5406,777
5407,762
5408,634
5409,143
5410,512
5411,412
5412,294
5413,569
5414,696
5415,666
5416,310
5417,384
5418,424
5419,164
5420,141
5421,771
5422,365
5423,310
5424,462
5425,317
5426,239
5427,205
5428,78
5429,130
5430,735
5431,349
5432,290
5433,163
5434,173
5435,276
5436,535
5437,251
5438,621
5439,198
5440,2
5441,467
5442,557
5443,599
5444,342
5445,585
5446,174
5447,476
5448,82
5449,590
5450,476
5451,632
5452,459
5453,39
5454,592
5455,644
5456,132
5457,444
5458,583
5459,76
5460,337
5461,587
5462,206
5463,191
5464,495
5465,471
5466,344
5467,588
5468,231
5469,423
5470,90
5471,745
5472,425
5473,695
5474,147
5475,474
5476,544
5477,366
5478,530
5479,265
5480,417
5481,655
5482,511
5483,424
5484,681
5485,222
5486,283
5487,283
5488,476
5489,632
5490,445
5491,157
5492,129
5493,436
5494,395
5495,166
5496,718
5497,799
5498,393
5499,439
5500,634
5501,534
5502,84
5503,559
5504,493
5505,693
5506,202
5507,336
5508,565
5509,486
5510,454
5511,771
5512,425
5513,31
5514,362
5515,583
5516,772
5517,83
5518,771
5519,681
5520,752
5521,496
5522,553
5523,115
5524,612
5525,473
5526,237
5527,317
5528,762
5529,290
5530,136
5531,234
5532,644
5533,146
5534,15
5535,82
5536,319
5537,682
5538,639
5539,689
5540,673
5541,298
5542,435
5543,791
5544,656
5545,768
5546,75
5547,108
5548,453
5549,282
5550,525
5551,482
5552,242
5553,45
5554,319
5555,680
5556,109
5557,71
5558,8
5559,368
5560,105
5561,637
5562,210
5563,320
5564,6
5565,439
5566,109
5567,495
5568,399
5569,361
5570,796
5571,613
5572,720
5573,577
5574,501
5575,279
5576,616
5577,72
5578,572
5579,577
5580,29
5581,267
5582,350
5583,71
5584,20
5585,95
5586,360
5587,130
5588,796
5589,320
5590,378
5591,132
5592,706
5593,754
5594,46
5595,515
5596,647
5597,3
5598,701
5599,778
5600,670
5601,616
5602,49
5603,351
5604,128
5605,764
5606,573
5607,459
5608,472
5609,677
5610,534
5611,579
5612,631
5613,166
5614,786
5615,732
5616,102
5617,485
5618,421
5619,567
5620,388
5621,166
5622,54
5623,115
5624,421
5625,437
5626,39
5627,637
5628,209
5629,427
5630,131
5631,557
5632,572
5633,645
5634,243
5635,83
5636,473
5637,400
5638,206
5639,117
5640,568
5641,611
5642,663
5643,743
5644,645
5645,479
5646,500
5647,798
5648,18
5649,96
5650,698
5651,794
5652,20
5653,760
5654,28
5655,717
5656,206
5657,233
5658,720
5659,433
5660,183
5661,94
5662,47
5663,762
5664,109
5665,66
5666,307
5667,506
5668,275
5669,775
5670,144
5671,118
5672,330
5673,757
5674,164
5675,166
5676,353
5677,369
5678,491
5679,8
5680,359
5681,265
5682,162
5683,597
5684,339
5685,392
5686,30
5687,36
5688,335
5689,708
5690,534
5691,506
5692,647
5693,168
5694,497
5695,478
5696,305
5697,437
5698,681
5699,415
5700,376
5701,367
5702,61
5703,98
5704,578
5705,627
5706,613
5707,241
5708,362
5709,150
5710,483
5711,59
5712,550
5713,401
5714,677
5715,422
5716,183
5717,35
5718,768
5719,677
5720,4
5721,309
5722,206
5723,247
5724,800
5725,390
5726,30
5727,401
5728,671
5729,576
5730,737
5731,76
5732,731
5733,80
5734,514
5735,177
5736,438
5737,724
5738,429
5739,689
5740,245
5741,786
5742,322
5743,561
5744,800
5745,206
5746,128
5747,454
5748,268
5749,288
5750,782
5751,750
5752,344
5753,636
5754,118
5755,764
5756,496
5757,665
5758,791
5759,94
5760,58
5761,70
5762,403
5763,14
5764,590
5765,692
5766,286
5767,457
5768,49
5769,309
5770,750
5771,585
5772,572
5773,373
5774,779
5775,788
5776,268
5777,485
5778,141
5779,699
5780,676
5781,114
5782,688
5783,274
5784,430
5785,704
5786,281
5787,7
5788,380
5789,457
5790,221
5791,235
5792,121
5793,597
5794,385
5795,783
5796,486
5797,489
5798,338
5799,729
5800,274
5801,167
5802,302
5803,388
5804,348
5805,440
5806,540
5807,39
5808,220
5809,167
5810,407
5811,457
5812,135
5813,586
5814,427
5815,588
5816,693
5817,210
5818,506
5819,100
5820,625
5821,780
5822,556
5823,276
5824,179
5825,241
5826,187
5827,552
5828,416
5829,313
5830,754
5831,376
5832,213
5833,775
5834,74
5835,169
5836,246
5837,431
5838,612
5839,582
5840,194
5841,719
5842,402
5843,407
5844,308
5845,23
5846,712
5847,746
5848,127
5849,600
5850,777
5851,469
5852,664
5853,785
5854,120
5855,294
5856,275
5857,7
5858,339
5859,78
5860,630
5861,798
5862,289
5863,77
5864,510
5865,667
5866,190
5867,442
5868,443
5869,406
5870,114
5871,418
5872,752
5873,365
5874,514
5875,82
5876,678
5877,536
5878,678
5879,526
5880,103
5881,739
5882,227
5883,772
5884,726
5885,158
5886,26
5887,648
5888,435
5889,141
5890,15
5891,688
5892,214
5893,616
5894,116
5895,510
5896,462
5897,600
5898,183
5899,791
5900,256
5901,723
5902,276
5903,625
5904,49
5905,499
5906,159
5907,348
5908,31
5909,366
5910,524
5911,433
5912,375
5913,771
5914,305
5915,28
5916,374
5917,107
5918,674
5919,229
5920,130
5921,640
5922,459
5923,60
5924,676
5925,515
5926,576
5927,456
5928,135
5929,724
5930,264
5931,299
5932,375
5933,337
5934,640
5935,121
5936,186
5937,304
5938,112
5939,485
5940,542
5941,30
5942,369
5943,303
5944,94
5945,588
5946,154
5947,742
5948,436
5949,554
5950,45
5951,518
5952,332
5953,375
5954,604
5955,196
5956,130
5957,361
5958,524
5959,707
5960,268
5961,342
5962,398
5963,579
5964,501
5965,87
5966,255
5967,212
5968,176
5969,367
5970,224
5971,267
5972,63
5973,657
5974,91
5975,505
5976,617
5977,100
5978,179
5979,438
5980,342
5981,728
5982,204
5983,234
5984,182
5985,405
5986,99
5987,407
5988,483
5989,383
5990,76
5991,163
5992,786
5993,284
5994,377
5995,199
5996,378
5997,588
5998,674
5999,549
6000,298
6001,96
6002,544
6003,635
6004,602
6005,131
6006,181
6007,148
6008,514
6009,495
6010,226
6011,189
6012,461
6013,754
6014,394
6015,597
6016,243
6017,292
6018,127
6019,88
6020,421
6021,209
6022,359
6023,141
6024,309
6025,666
6026,89
6027,515
6028,231
6029,325
6030,354
6031,78
6032,264
6033,137
6034,247
6035,581
6036,215
6037,635
6038,387
6039,284
6040,384
6041,111
6042,345
6043,540
6044,632
6045,248
6046,734
6047,372
6048,361
6049,218
6050,432
6051,98
6052,589
6053,510
6054,255
6055,77
6056,665
6057,462
6058,793
6059,497
6060,599
6061,341
6062,450
6063,600
6064,773
6065,190
6066,751
6067,628
6068,287
6069,390
6070,165
6071,108
6072,659
6073,99
6074,173
6075,44
6076,504
6077,304
6078,516
6079,730
6080,130
6081,104
6082,539
6083,340
6084,181
6085,42
6086,554
6087,630
6088,395
6089,468
6090,195
6091,561
6092,773
6093,330
6094,418
6095,119
6096,475
6097,222
6098,243
6099,103
6100,217
6101,797
6102,123
6103,569
6104,420
6105,691
6106,99
6107,385
6108,67
6109,90
6110,707
6111,698
6112,346
6113,522
6114,377
6115,739
6116,125
6117,87
6118,295
6119,586
6120,469
6121,67
6122,514
6123,193
6124,628
6125,529
6126,208
6127,798
6128,329
6129,292
6130,400
6131,222
6132,305
6133,179
6134,471
6135,168
6136,401
6137,65
6138,243
6139,511
6140,389
6141,34
6142,242
6143,16
6144,672
6145,617
6146,303
6147,18
6148,66
6149,294
6150,520
6151,364
6152,592
6153,600
6154,759
6155,583
6156,258
6157,608
6158,264
6159,317
6160,167
6161,557
6162,515
6163,164
6164,38
6165,521
6166,468
6167,564
6168,605
6169,613
6170,420
6171,561
6172,552
6173,421
6174,521
6175,587
6176,696
6177,216
6178,523
6179,285
6180,351
6181,319
6182,216
6183,116
6184,516
6185,128
6186,399
6187,251
6188,615
6189,363
6190,120
6191,218
6192,248
6193,696
6194,612
6195,555
6196,572
6197,12
6198,468
6199,380
6200,511
6201,208
6202,324
6203,392
6204,385
6205,181
6206,513
6207,136
6208,391
6209,551
6210,714
6211,601
6212,216
6213,71
6214,470
6215,432
6216,749
6217,399
6218,41
6219,477
6220,340
6221,607
6222,400
6223,68
6224,622
6225,324
6226,778
6227,742
6228,218
6229,188
6230,172
6231,401
6232,285
6233,466
6234,689
6235,714
6236,201
6237,680
6238,45
6239,458
6240,774
6241,374
6242,652
6243,369
6244,171
6245,147
6246,6
6247,47
6248,266
6249,417
6250,695
6251,530
6252,2
6253,258
6254,212
6255,608
6256,691
6257,405
6258,681
6259,274
6260,530
6261,472
6262,272
6263,185
6264,588
6265,19
6266,672
6267,412
6268,730
6269,115
6270,108
6271,677
6272,771
6273,270
6274,225
6275,507
6276,583
6277,79
6278,545
6279,142
6280,19
6281,606
6282,52
6283,295
6284,128
6285,37
6286,352
6287,707
6288,568
6289,76
6290,89
6291,583
6292,587
6293,112
6294,298
6295,462
6296,190
6297,776
6298,217
6299,479
6300,59
6301,102
6302,149
6303,297
6304,670
6305,778
6306,467
6307,27
6308,466
6309,772
6310,341
6311,47
6312,248
6313,777
6314,156
6315,704
6316,244
6317,754
6318,292
6319,116
6320,234
6321,57
6322,402
6323,458
6324,279
6325,332
6326,670
6327,140
6328,178
6329,791
6330,234
6331,144
6332,360
6333,467
6334,369
6335,57
6336,189
6337,702
6338,770
6339,17
6340,457
6341,748
6342,738
6343,349
6344,389
6345,695
6346,76
6347,364
6348,506
6349,200
6350,189
6351,27
6352,505
6353,668
6354,766
6355,530
6356,594
6357,261
6358,141
6359,710
6360,366
6361,130
6362,569
6363,400
6364,432
6365,641
6366,226
6367,585
6368,729
6369,435
6370,315
6371,618
6372,413
6373,584
6374,113
6375,592
6376,787
6377,45
6378,777
6379,389
6380,337
6381,643
6382,674
6383,617
6384,184
6385,49
6386,799
6387,745
6388,99
6389,285
6390,646
6391,445
6392,705
6393,539
6394,575
6395,535
6396,431
6397,449
6398,324
6399,450
6400,638
6401,667
6402,491
6403,603
6404,387
6405,357
6406,22
6407,382
6408,602
6409,197
6410,594
6411,622
6412,461
6413,512
6414,451
6415,411
6416,630
6417,574
6418,315
6419,446
6420,429
6421,782
6422,353
6423,10
6424,495
6425,507
6426,688
6427,458
6428,408
6429,300
6430,519
6431,21
6432,272
6433,508
6434,315
6435,356
6436,216
6437,483
6438,352
6439,692
6440,724
6441,576
6442,507
6443,70
6444,340
6445,696
6446,500
6447,633
6448,109
6449,265
6450,44
6451,253
6452,772
6453,267
6454,506
6455,261
6456,192
6457,133
6458,198
6459,30
6460,643
6461,783
6462,612
6463,712
6464,51
6465,600
6466,61
6467,250
6468,109
6469,360
6470,268
6471,565
6472,480
6473,25
6474,10
6475,730
6476,606
6477,628
6478,469
6479,156
6480,363
6481,415
6482,157
6483,139
6484,551
6485,130
6486,473
6487,254
6488,221
6489,596
6490,23
6491,193
6492,581
6493,52
6494,447
6495,447
6496,325
6497,38
6498,278
6499,28
6500,625
6501,407
6502,157
6503,416
6504,146
6505,771
6506,385
6507,422
6508,100
6509,185
6510,72
6511,262
6512,561
6513,597
6514,586
6515,111
6516,713
6517,781
6518,199
6519,243
6520,786
6521,616
6522,77
6523,297
6524,367
6525,223
6526,210
6527,504
6528,628
6529,681
6530,214
6531,781
6532,469
6533,308
6534,579
6535,742
6536,455
6537,597
6538,176
6539,209
6540,306
6541,169
6542,690
6543,792
6544,270
6545,287
6546,750
6547,287
6548,410
6549,388
6550,448
6551,89
6552,279
6553,326
6554,50
6555,432
6556,181
6557,363
6558,127
6559,576
6560,743
6561,471
6562,437
6563,726
6564,65
6565,652
6566,614
6567,219
6568,708
6569,400
6570,459
6571,37
6572,382
6573,609
6574,768
6575,502
6576,203
6577,674
6578,276
6579,378
6580,290
6581,223
6582,50
6583,260
6584,288
6585,532
6586,375
6587,753
6588,572
6589,83
6590,358
6591,419
6592,359
6593,551
6594,61
6595,784
6596,551
6597,777
6598,409
6599,408
6600,288
6601,766
6602,718
6603,156
6604,402
6605,44
6606,210
6607,16
6608,790
6609,282
6610,719
6611,163
6612,375
6613,596
6614,556
6615,639
6616,412
6617,587
6618,203
6619,212
6620,595
6621,125
6622,300
6623,111
6624,533
6625,579
6626,567
6627,764
6628,558
6629,6
6630,725
6631,263
6632,361
6633,328
6634,512
6635,352
6636,787
6637,620
6638,177
6639,177
6640,130
6641,383
6642,289
6643,171
6644,551
6645,206
6646,678
6647,322
6648,469
6649,451
6650,373
6651,287
6652,145
6653,759
6654,481
6655,504
6656,549
6657,647
6658,224
6659,536
6660,399
6661,693
6662,288
6663,427
6664,197
6665,739
6666,557
6667,174
6668,339
6669,578
6670,687
6671,608
6672,158
6673,215
6674,773
6675,159
6676,455
6677,473
6678,539
6679,30
6680,505
6681,561
6682,191
6683,108
6684,92
6685,372
6686,658
6687,677
6688,580
6689,192
6690,716
6691,612
6692,52
6693,264
6694,532
6695,544
6696,73
6697,637
6698,788
6699,167
6700,81
6701,547
6702,13
6703,59
6704,200
6705,397
6706,253
6707,191
6708,352
6709,487
6710,522
6711,704
6712,204
6713,294
6714,793
6715,589
6716,218
6717,657
6718,516
6719,391
6720,546
6721,319
6722,357
6723,526
6724,545
6725,256
6726,151
6727,759
6728,384
6729,208
6730,240
6731,95
6732,87
6733,435
6734,677
6735,165
6736,334
6737,148
6738,437
6739,316
6740,628
6741,145
6742,317
6743,717
6744,103
6745,638
6746,728
6747,753
6748,551
6749,10
6750,566
6751,341
6752,775
6753,713
6754,324
6755,613
6756,742
6757,360
6758,243
6759,221
6760,155
6761,356
6762,315
6763,576
6764,521
6765,521
6766,450
6767,596
6768,153
6769,300
6770,572
6771,446
6772,674
6773,292
6774,569
6775,472
6776,594
6777,656
6778,523
6779,668
6780,497
6781,715
6782,40
6783,213
6784,463
6785,760
6786,670
6787,785
6788,729
6789,663
6790,60
6791,588
6792,553
6793,468
6794,260
6795,106
6796,469
6797,344
6798,351
6799,16
6800,121
6801,116
6802,374
6803,440
6804,366
6805,665
6806,724
6807,8
6808,340
6809,551
6810,259
6811,568
6812,582
6813,342
6814,590
6815,138
6816,335
6817,55
6818,553
6819,313
6820,597
6821,88
6822,154
6823,132
6824,591
6825,382
6826,34
6827,291
6828,176
6829,199
6830,42
6831,434
6832,739
6833,708
6834,749
6835,377
6836,157
6837,436
6838,278
6839,6
6840,486
6841,134
6842,544
6843,185
6844,380
6845,131
6846,587
6847,740
6848,703
6849,728
6850,255
6851,206
6852,230
6853,637
6854,128
6855,43
6856,243
6857,149
6858,184
6859,74
6860,282
6861,425
6862,626
6863,558
6864,297
6865,652
6866,712
6867,237
6868,556
6869,546
6870,225
6871,589
6872,264
6873,692
6874,483
6875,682
6876,654
6877,790
6878,18
6879,197
6880,530
6881,355
6882,208
6883,185
6884,86
6885,631
6886,579
6887,529
6888,554
6889,6
6890,318
6891,564
6892,455
6893,94
6894,446
6895,547
6896,43
6897,601
6898,114
6899,582
6900,218
6901,655
6902,703
6903,329
6904,7
6905,651
6906,653
6907,374
6908,88
6909,84
6910,783
6911,292
6912,686
6913,275
6914,213
6915,670
6916,587
6917,150
6918,448
6919,325
6920,748
6921,537
6922,177
6923,468
6924,628
6925,709
6926,684
6927,570
6928,737
6929,109
6930,164
6931,230
6932,627
6933,278
6934,444
6935,248
6936,357
6937,245
6938,675
6939,263
6940,220
6941,225
6942,791
6943,667
6944,210
6945,506
6946,466
6947,152
6948,99
6949,280
6950,168
6951,394
6952,340
6953,641
6954,104
6955,516
6956,33
6957,491
6958,753
6959,356
6960,211
6961,241
6962,149
6963,541
6964,581
6965,127
6966,420
6967,27
6968,80
6969,780
6970,188
6971,164
6972,185
6973,264
6974,262
6975,476
6976,771
6977,465
6978,377
6979,775
6980,324
6981,148
6982,213
6983,632
6984,645
6985,500
6986,125
6987,91
6988,436
6989,71
6990,302
6991,548
6992,736
6993,792
6994,760
6995,289
6996,478
6997,456
6998,490
6999,3
7000,468
7001,104
7002,18
7003,637
7004,440
7005,685
7006,221
7007,239
7008,128
7009,680
7010,796
7011,514
7012,678
7013,566
7014,641
7015,772
7016,88
7017,742
7018,12
7019,458
7020,772
7021,381
7022,609
7023,258
7024,572
7025,102
7026,412
7027,344
7028,400
7029,398
7030,250
7031,179
7032,356
7033,270
7034,355
7035,312
7036,308
7037,193
7038,398
7039,700
7040,186
7041,707
7042,35
7043,754
7044,80
7045,675
7046,46
7047,685
7048,115
7049,211
7050,364
7051,196
7052,783
7053,748
7054,577
7055,422
7056,138
7057,674
7058,567
7059,552
7060,799
7061,709
7062,79
7063,223
7064,130
7065,203
7066,722
7067,619
7068,507
7069,707
7070,522
7071,274
7072,64
7073,450
7074,488
7075,471
7076,536
7077,380
7078,305
7079,89
7080,103
7081,333
7082,673
7083,420
7084,50
7085,381
7086,138
7087,151
7088,364
7089,590
7090,60
7091,11
7092,182
7093,307
7094,788
7095,477
7096,337
7097,569
7098,150
7099,320
7100,289
7101,552
7102,224
7103,706
7104,548
7105,74
7106,259
7107,208
7108,525
7109,600
7110,322
7111,50
7112,472
7113,79
7114,2
7115,618
7116,427
7117,68
7118,646
7119,487
7120,458
7121,327
7122,16
7123,754
7124,197
7125,217
7126,264
7127,756
7128,492
7129,38
7130,751
7131,632
7132,372
7133,648
7134,731
7135,124
7136,754
7137,122
7138,178
7139,654
7140,585
7141,500
7142,382
7143,684
7144,389
7145,734
7146,254
7147,273
7148,682
7149,61
7150,674
7151,355
7152,662
7153,175
7154,178
7155,422
7156,515
7157,509
7158,722
7159,155
7160,496
7161,553
7162,288
7163,163
7164,479
7165,505
7166,363
7167,692
7168,589
7169,232
7170,629
7171,624
7172,295
7173,541
7174,292
7175,664
7176,487
7177,465
7178,46
7179,696
7180,126
7181,572
7182,15
7183,722
7184,411
7185,248
7186,227
7187,350
7188,321
7189,642
7190,152
7191,252
7192,639
7193,794
7194,150
7195,435
7196,270
7197,10
7198,634
7199,463
7200,210
7201,453
7202,170
7203,39
7204,262
7205,114
7206,134
7207,125
7208,166
7209,284
7210,781
7211,654
7212,51
7213,65
7214,678
7215,143
7216,697
7217,709
7218,502
7219,238
7220,793
7221,4
7222,765
7223,512
7224,211
7225,247
7226,724
7227,417
7228,477
7229,625
7230,548
7231,635
7232,484
7233,361
7234,757
7235,703
7236,308
7237,189
7238,411
7239,564
7240,711
7241,615
7242,124
7243,199
7244,564
7245,144
7246,85
7247,122
7248,229
7249,578
7250,530
7251,239
7252,591
7253,253
7254,39
7255,291
7256,318
7257,269
7258,166
7259,50
7260,242
7261,369
7262,694
7263,206
7264,449
7265,778
7266,364
7267,83
7268,253
7269,549
7270,791
7271,145
7272,597
7273,465
7274,67
7275,695
7276,26
7277,244
7278,470
7279,261
7280,589
7281,755
7282,143
7283,29
7284,339
7285,659
7286,373
7287,238
7288,483
7289,553
7290,579
7291,779
7292,251
7293,218
7294,349
7295,422
7296,572
7297,85
7298,210
7299,487
7300,98
7301,437
7302,662
7303,405
7304,603
7305,782
7306,12
7307,250
7308,279
7309,528
7310,74
7311,17
7312,396
7313,32
7314,799
7315,492
7316,114
7317,47
7318,527
7319,703
7320,265
7321,598
7322,777
7323,682
7324,465
7325,292
7326,371
7327,638
7328,614
7329,339
7330,179
7331,44
7332,415
7333,192
7334,671
7335,356
7336,317
7337,30
7338,435
7339,542
7340,91
7341,173
7342,547
7343,654
7344,65
7345,111
7346,713
7347,796
7348,330
7349,534
7350,76
7351,337
7352,263
7353,572
7354,467
7355,196
7356,464
7357,248
7358,699
7359,767
7360,84
7361,792
7362,41
7363,681
7364,529
7365,698
7366,479
7367,390
7368,452
7369,350
7370,361
7371,251
7372,784
7373,662
7374,142
7375,200
7376,366
7377,422
7378,568
7379,474
7380,420
7381,276
7382,52
7383,498
7384,129
7385,781
7386,614
7387,48
7388,772
7389,671
7390,450
7391,737
7392,503
7393,404
7394,78
7395,304
7396,106
7397,617
7398,705
7399,783
7400,553
7401,326
7402,642
7403,685
7404,71
7405,480
7406,714
7407,595
7408,386
7409,337
7410,650
7411,99
7412,124
7413,6
7414,597
7415,255
7416,778
7417,532
7418,18
7419,186
7420,401
7421,665
7422,617
7423,142
7424,666
7425,562
7426,306
7427,377
7428,133
7429,238
7430,274
7431,396
7432,106
7433,758
7434,219
7435,410
7436,493
7437,397
7438,519
7439,651
7440,489
7441,785
7442,561
7443,570
7444,176
7445,176
7446,409
7447,390
7448,396
7449,404
7450,86
7451,502
7452,180
7453,444
7454,566
7455,499
7456,94
7457,795
7458,696
7459,98
7460,107
7461,710
7462,367
7463,384
7464,651
7465,220
7466,606
7467,480
7468,453
7469,169
7470,8
7471,404
7472,674
7473,473
7474,745
7475,181
7476,784
7477,697
7478,385
7479,403
7480,255
7481,711
7482,205
7483,168
7484,692
7485,124
7486,335
7487,500
7488,305
7489,291
7490,797
7491,383
7492,222
7493,294
7494,564
7495,94
7496,91
7497,431
7498,156
7499,264
7500,650
7501,223
7502,628
7503,64
7504,739
7505,301
7506,214
7507,710
7508,320
7509,84
7510,277
7511,518
7512,316
7513,169
7514,510
7515,358
7516,412
7517,316
7518,728
7519,266
7520,666
7521,414
7522,361
7523,39
7524,548
7525,393
7526,796
7527,376
7528,2
7529,621
7530,533
7531,676
7532,316
7533,349
7534,618
7535,776
7536,636
7537,774
7538,63
7539,91
7540,603
7541,394
7542,332
7543,683
7544,646
7545,362
7546,65
7547,782
7548,438
7549,515
7550,420
7551,201
7552,55
7553,218
7554,162
7555,146
7556,423
7557,603
7558,290
7559,678
7560,342
7561,98
7562,590
7563,404
7564,48
7565,195
7566,609
7567,768
7568,237
7569,426
7570,2
7571,495
7572,382
7573,369
7574,744
7575,576
7576,624
7577,12
7578,28
7579,413
7580,627
7581,93
7582,446
7583,46
7584,326
7585,166
7586,622
7587,637
7588,433
7589,349
7590,720
7591,359
7592,765
7593,210
7594,36
7595,338
7596,50
7597,755
7598,618
7599,508
7600,88
7601,28
7602,670
7603,611
7604,227
7605,778
7606,501
7607,611
7608,753
7609,641
7610,629
7611,17
7612,734
7613,287
7614,104
7615,534
7616,361
7617,446
7618,631
7619,275
7620,599
7621,728
7622,748
7623,188
7624,525
7625,120
7626,113
7627,200
7628,159
7629,459
7630,447
7631,56
7632,775
7633,612
7634,565
7635,122
7636,409
7637,357
7638,432
7639,736
7640,670
7641,437
7642,738
7643,79
7644,141
7645,797
7646,251
7647,442
7648,736
7649,285
7650,571
7651,33
7652,363
7653,149
7654,382
7655,46
7656,193
7657,762
7658,465
7659,173
7660,87
7661,272
7662,284
7663,620
7664,79
7665,83
7666,360
7667,383
7668,586
7669,749
7670,54
7671,244
7672,555
7673,327
7674,43
7675,536
7676,198
7677,572
7678,403
7679,246
7680,581
7681,670
7682,740
7683,271
7684,372
7685,578
7686,711
7687,35
7688,363
7689,215
7690,214
7691,328
7692,653
7693,175
7694,694
7695,708
7696,742
7697,435
7698,230
7699,505
7700,490
7701,451
7702,221
7703,172
7704,341
7705,633
7706,618
7707,703
7708,352
7709,401
7710,27
7711,374
7712,236
7713,59
7714,772
7715,518
7716,464
7717,375
7718,665
7719,179
7720,560
7721,469
7722,30
7723,256
7724,421
7725,664
7726,424
7727,482
7728,21
7729,771
7730,574
7731,29
7732,11
7733,148
7734,371
7735,307
7736,729
7737,350
7738,697
7739,201
7740,90
7741,109
7742,46
7743,463
7744,117
7745,701
7746,61
7747,246
7748,252
7749,138
7750,354
7751,329
7752,758
7753,786
7754,405
7755,493
7756,532
7757,441
7758,796
7759,715
7760,252
7761,117
7762,538
7763,206
7764,282
7765,261
7766,775
7767,387
7768,388
7769,603
7770,648
7771,90
7772,268
7773,745
7774,531
7775,409
7776,570
7777,753
7778,782
7779,657
7780,710
7781,745
7782,619
7783,265
7784,681
7785,70
7786,126
7787,153
7788,139
7789,699
7790,703
7791,340
7792,408
7793,437
7794,735
7795,679
7796,164
7797,285
7798,182
7799,711
7800,578
7801,317
7802,345
7803,194
7804,645
7805,573
7806,201
7807,20
7808,335
7809,193
7810,718
7811,253
7812,359
7813,792
7814,380
7815,1
7816,121
7817,237
7818,546
7819,354
7820,46
7821,22
7822,615
7823,608
7824,662
7825,252
7826,569
7827,357
7828,133
7829,730
7830,69
7831,536
7832,348
7833,86
7834,739
7835,633
7836,27
7837,67
7838,119
7839,478
7840,7
7841,539
7842,679
7843,220
7844,450
7845,639
7846,582
7847,290
7848,242
7849,174
7850,459
7851,649
7852,138
7853,669
7854,366
7855,639
7856,744
7857,457
7858,560
7859,98
7860,763
7861,463
7862,286
7863,686
7864,756
7865,636
7866,34
7867,349
7868,591
7869,696
7870,394
7871,382
7872,94
7873,764
7874,123
7875,406
7876,751
7877,248
7878,345
7879,127
7880,295
7881,309
7882,771
7883,451
7884,222
7885,672
7886,359
7887,378
7888,103
7889,734
7890,65
7891,784
7892,612
7893,651
7894,508
7895,753
7896,472
7897,689
7898,456
7899,636
7900,428
7901,724
7902,273
7903,9
7904,75
7905,615
7906,184
7907,301
7908,331
7909,424
7910,508
7911,52
7912,123
7913,180
7914,571
7915,668
7916,257
7917,521
7918,562
7919,548
7920,668
7921,171
7922,799
7923,5
7924,706
7925,101
7926,278
7927,501
7928,391
7929,637
7930,28
7931,70
7932,676
7933,794
7934,41
7935,168
7936,65
7937,125
7938,491
7939,212
7940,146
7941,261
7942,182
7943,56
7944,476
7945,198
7946,610
7947,727
7948,792
7949,459
7950,503
7951,404
7952,205
7953,478
7954,159
7955,134
7956,427
7957,401
7958,59
7959,674
7960,447
7961,3
7962,541
7963,38
7964,52
7965,122
7966,722
7967,448
7968,274
7969,133
7970,191
7971,247
7972,223
7973,378
7974,691
7975,83
7976,321
7977,412
7978,564
7979,604
7980,399
7981,375
7982,272
7983,487
7984,279
7985,601
7986,748
7987,605
7988,794
7989,62
7990,76
7991,792
7992,613
7993,706
7994,530
7995,63
7996,794
7997,90
7998,769
7999,80
8000,665
