9000
1,373
2,196
3,603
4,180
5,431
6,202
7,63
8,735
9,239
11,563
12,96
13,60
14,535
15,674
16,258
17,571
18,390
19,288
21,387
22,210
23,174
24,151
25,310
26,12
27,181
28,89
29,500
31,113
32,278
33,364
34,26
35,444
36,770
37,209
38,58
40,211
41,354
42,697
43,779
44,580
45,276
46,476
47,332
48,486
50,362
51,143
52,82
53,671
54,276
55,131
56,464
57,190
58,758
60,606
61,217
62,76
63,143
64,646
65,651
66,9
67,498
68,486
70,350
71,784
72,721
73,555
74,221
75,127
76,215
77,475
78,209
80,46
81,646
82,338
83,360
84,681
85,360
86,481
87,354
88,318
90,19
91,378
92,652
93,75
94,327
95,424
96,311
97,73
98,727
100,23
101,363
102,443
103,749
104,219
105,14
106,469
107,116
108,375
110,453
111,120
112,178
113,83
114,610
115,659
116,528
117,41
118,39
120,419
121,748
122,88
123,75
124,298
125,592
126,474
127,485
128,585
130,25
131,490
132,110
133,58
134,782
135,127
136,56
137,595
138,47
140,565
141,150
142,694
143,744
144,47
145,699
146,497
147,759
148,280
150,153
151,668
152,488
153,550
154,702
155,358
156,444
157,517
158,412
160,489
161,155
162,788
163,781
164,298
165,353
166,194
167,459
168,565
170,462
171,449
172,152
173,291
174,537
175,799
176,92
177,324
178,525
180,610
181,137
182,415
183,485
184,273
185,201
186,203
187,365
188,176
190,260
191,16
192,776
193,762
194,423
195,269
196,397
197,533
198,791
200,81
201,535
202,573
203,506
204,657
205,13
206,39
207,277
208,489
210,110
211,59
212,402
213,399
214,750
215,183
216,28
217,11
218,166
220,165
221,782
222,227
223,560
224,648
225,502
226,756
227,599
228,556
230,184
231,721
232,274
233,688
234,349
235,525
236,478
237,457
238,479
240,189
241,365
242,469
243,258
244,754
245,412
246,745
247,499
248,50
250,722
251,182
252,368
253,334
254,148
255,400
256,269
257,100
258,327
260,575
261,195
262,170
263,403
264,663
265,110
266,645
267,343
268,712
270,625
271,372
272,536
273,15
274,663
275,662
276,714
277,206
278,526
280,148
281,659
282,111
283,481
284,595
285,589
286,542
287,738
288,280
289,184
291,606
292,51
293,130
294,256
295,324
296,385
297,257
298,232
299,177
301,488
302,758
303,105
304,269
305,273
306,750
307,677
308,495
309,571
311,681
312,319
313,382
314,317
315,704
316,449
317,461
318,752
319,254
321,389
322,735
323,554
324,119
325,296
326,240
327,610
328,332
329,165
331,685
332,298
333,608
334,195
335,410
336,398
337,108
338,341
339,346
341,586
342,8
343,640
344,173
345,725
346,412
347,481
348,362
349,74
351,716
352,380
353,343
354,248
355,253
356,82
357,192
358,321
359,431
361,234
362,233
363,201
364,187
365,389
366,140
367,640
368,587
369,378
371,192
372,38
373,677
374,52
375,570
376,442
377,741
378,304
379,98
381,629
382,638
383,337
384,715
385,42
386,214
387,455
388,341
389,464
391,731
392,591
393,517
394,680
395,438
396,744
397,33
398,122
399,195
401,64
402,335
403,701
404,112
405,159
406,164
407,55
408,188
409,793
411,731
412,257
413,228
414,248
415,430
416,145
417,419
418,47
419,780
421,677
422,250
423,304
424,274
425,77
426,49
427,241
428,714
429,60
431,533
432,230
433,453
434,592
435,438
436,421
437,548
438,451
439,641
441,120
442,70
443,265
444,313
445,18
446,100
447,538
448,260
449,116
451,192
452,270
453,543
454,183
455,441
456,41
457,781
458,390
459,589
461,176
462,692
463,197
464,601
465,531
466,215
467,416
468,312
469,29
471,129
472,269
473,359
474,443
475,747
476,160
477,257
478,181
479,681
481,612
482,147
483,628
484,377
485,377
486,412
487,109
488,792
489,514
491,492
492,204
493,345
494,228
495,752
496,81
497,183
498,501
499,432
501,251
502,219
503,210
504,481
505,122
506,578
507,487
508,119
509,316
511,708
512,212
513,163
514,542
515,284
516,633
517,263
518,64
519,93
521,294
522,265
523,456
524,590
525,601
526,9
527,246
528,752
529,795
531,249
532,576
533,584
534,311
535,714
536,519
537,50
538,167
539,127
541,710
542,342
543,710
544,22
545,691
546,82
547,350
548,216
549,232
551,682
552,49
553,79
554,122
555,535
556,82
557,621
558,363
559,666
561,576
562,319
563,657
564,757
565,743
566,575
567,131
568,608
569,739
571,632
572,227
573,514
574,753
575,359
576,456
577,183
578,218
579,169
581,476
582,296
583,309
584,727
585,613
586,615
587,477
588,386
589,769
591,671
592,74
593,588
594,321
595,109
596,539
597,367
598,738
599,349
601,16
602,231
603,128
604,721
605,690
606,661
607,108
608,48
609,10
611,68
612,122
613,231
614,626
615,44
616,764
617,219
618,794
619,187
621,444
622,405
623,320
624,251
625,216
626,142
627,83
628,655
629,35
631,24
632,140
633,291
634,200
635,430
636,457
637,317
638,688
639,453
641,101
642,592
643,787
644,56
645,215
646,781
647,448
648,532
649,769
651,579
652,138
653,755
654,192
655,155
656,613
657,165
658,506
659,741
661,269
662,698
663,566
664,442
665,397
666,191
667,772
668,387
669,170
671,297
672,229
673,729
674,696
675,704
676,177
677,148
678,236
679,39
681,344
682,493
683,224
684,213
685,593
686,27
687,566
688,16
689,291
691,760
692,259
693,608
694,27
695,40
696,676
697,624
698,789
699,637
701,65
702,721
703,756
704,279
705,383
706,122
707,421
708,551
709,426
711,650
712,629
713,604
714,218
715,127
716,741
717,522
718,168
719,34
721,440
722,426
723,703
724,708
725,187
726,392
727,299
728,51
729,475
731,771
732,79
733,575
734,386
735,345
736,236
737,712
738,330
739,690
741,593
742,441
743,666
744,253
745,368
746,450
747,317
748,209
749,143
751,610
752,774
753,549
754,602
755,347
756,543
757,675
758,599
759,111
761,3
762,396
763,751
764,422
765,384
766,712
767,368
768,12
769,325
771,234
772,25
773,311
774,439
775,611
776,566
777,227
778,552
779,79
781,254
782,154
783,482
784,200
785,719
786,73
787,703
788,263
789,125
791,54
792,706
793,201
794,188
795,266
796,796
797,368
798,666
799,671
801,166
802,517
803,30
804,226
805,73
806,275
807,37
808,562
809,122
811,272
812,283
813,780
814,438
815,249
816,682
817,412
818,190
819,630
821,598
822,125
823,539
824,403
825,95
826,559
827,197
828,427
829,398
831,750
832,678
833,49
834,649
835,772
836,46
837,437
838,497
839,377
841,555
842,89
843,547
844,272
845,498
846,306
847,343
848,202
849,63
851,551
852,144
853,177
854,766
855,377
856,431
857,731
858,714
859,9
861,496
862,334
863,237
864,42
865,449
866,464
867,720
868,620
869,783
871,333
872,609
873,439
874,701
875,120
876,120
877,293
878,671
879,262
881,158
882,327
883,161
884,86
885,562
886,130
887,250
888,212
889,32
891,575
892,717
893,549
894,536
895,260
896,21
897,67
898,284
899,74
901,153
902,410
903,674
904,594
905,362
906,602
907,329
908,522
909,622
911,44
912,306
913,42
914,146
915,630
916,353
917,92
918,371
919,392
921,280
922,693
923,755
924,402
925,352
926,222
927,656
928,654
929,60
931,522
932,345
933,25
934,126
935,354
936,13
937,277
938,482
939,716
941,209
942,276
943,513
944,443
945,240
946,698
947,598
948,373
949,504
951,600
952,779
953,75
954,624
955,132
956,384
957,295
958,385
959,457
961,61
962,10
963,395
964,477
965,545
966,193
967,201
968,7
969,567
971,190
972,730
973,23
974,389
975,250
976,407
977,304
978,37
979,431
981,285
982,227
983,596
984,554
985,47
986,185
987,369
988,635
989,792
991,653
992,276
993,135
994,259
995,18
996,309
997,736
998,285
999,334
1001,323
1002,744
1003,54
1004,303
1005,314
1006,34
1007,497
1008,52
1009,457
1011,682
1012,622
1013,99
1014,685
1015,509
1016,788
1017,200
1018,777
1019,223
1021,225
1022,445
1023,679
1024,584
1025,766
1026,316
1027,407
1028,355
1029,322
1031,569
1032,99
1033,329
1034,328
1035,158
1036,456
1037,767
1038,581
1039,454
1041,269
1042,152
1043,503
1044,3
1045,279
1046,6
1047,630
1048,340
1049,687
1051,12
1052,635
1053,446
1054,257
1055,135
1056,209
1057,736
1058,676
1059,762
1061,458
1062,581
1063,489
1064,29
1065,765
1066,338
1067,324
1068,662
1069,625
1071,31
1072,204
1073,19
1074,543
1075,603
1076,14
1077,296
1078,234
1079,127
1081,490
1082,25
1083,243
1084,382
1085,457
1086,510
1087,510
1088,485
1089,356
1091,710
1092,469
1093,178
1094,530
1095,598
1096,3
1097,286
1098,312
1099,562
1101,450
1102,610
1103,4
1104,177
1105,436
1106,118
1107,689
1108,463
1109,463
1111,655
1112,99
1113,370
1114,172
1115,471
1116,486
1117,244
1118,234
1119,664
1121,534
1122,122
1123,454
1124,358
1125,360
1126,769
1127,150
1128,104
1129,795
1131,487
1132,157
1133,532
1134,751
1135,480
1136,341
1137,228
1138,728
1139,304
1141,620
1142,795
1143,752
1144,319
1145,100
1146,436
1147,535
1148,501
1149,699
1151,261
1152,329
1153,761
1154,264
1155,514
1156,514
1157,41
1158,12
1159,62
1161,686
1162,488
1163,244
1164,320
1165,207
1166,357
1167,501
1168,164
1169,186
1171,30
1172,728
1173,706
1174,87
1175,78
1176,693
1177,585
1178,225
1179,303
1181,125
1182,47
1183,276
1184,508
1185,395
1186,680
1187,467
1188,567
1189,204
1191,155
1192,596
1193,51
1194,183
1195,778
1196,643
1197,535
1198,571
1199,360
1201,64
1202,36
1203,238
1204,252
1205,711
1206,369
1207,248
1208,330
1209,520
1211,560
1212,76
1213,690
1214,185
1215,474
1216,800
1217,421
1218,111
1219,374
1221,137
1222,655
1223,43
1224,36
1225,67
1226,516
1227,115
1228,645
1229,773
1231,709
1232,396
1233,620
1234,151
1235,147
1236,16
1237,628
1238,798
1239,774
1241,147
1242,561
1243,717
1244,471
1245,743
1246,658
1247,348
1248,118
1249,227
1251,476
1252,48
1253,83
1254,152
1255,111
1256,206
1257,36
1258,212
1259,422
1261,128
1262,35
1263,280
1264,548
1265,343
1266,705
1267,730
1268,637
1269,183
1271,46
1272,459
1273,473
1274,634
1275,698
1276,259
1277,375
1278,154
1279,88
1281,195
1282,342
1283,491
1284,622
1285,718
1286,788
1287,535
1288,104
1289,721
1291,634
1292,781
1293,580
1294,450
1295,354
1296,454
1297,467
1298,717
1299,33
1301,364
1302,502
1303,613
1304,406
1305,17
1306,324
1307,315
1308,126
1309,629
1311,663
1312,767
1313,72
1314,403
1315,35
1316,472
1317,69
1318,350
1319,627
1321,467
1322,162
1323,142
1324,461
1325,240
1326,29
1327,244
1328,730
1329,673
1331,527
1332,627
1333,95
1334,204
1335,445
1336,764
1337,749
1338,561
1339,424
1341,531
1342,6
1343,625
1344,321
1345,91
1346,264
1347,757
1348,407
1349,566
1351,371
1352,567
1353,399
1354,276
1355,564
1356,185
1357,472
1358,239
1359,588
1361,517
1362,421
1363,81
1364,200
1365,344
1366,601
1367,471
1368,730
1369,7
1371,715
1372,479
1373,441
1374,596
1375,405
1376,511
1377,729
1378,339
1379,142
1381,155
1382,330
1383,298
1384,417
1385,221
1386,265
1387,308
1388,217
1389,178
1391,402
1392,550
1393,557
1394,567
1395,143
1396,237
1397,644
1398,380
1399,757
1401,190
1402,293
1403,177
1404,524
1405,225
1406,484
1407,607
1408,153
1409,16
1411,422
1412,420
1413,404
1414,298
1415,192
1416,188
1417,608
1418,654
1419,221
1421,454
1422,502
1423,794
1424,749
1425,378
1426,578
1427,468
1428,666
1429,709
1431,754
1432,649
1433,313
1434,333
1435,799
1436,115
1437,671
1438,631
1439,575
1441,320
1442,220
1443,555
1444,670
1445,553
1446,659
1447,777
1448,671
1449,229
1451,364
1452,783
1453,47
1454,698
1455,12
1456,281
1457,593
1458,238
1459,185
1461,258
1462,733
1463,339
1464,701
1465,165
1466,786
1467,252
1468,92
1469,536
1471,544
1472,513
1473,50
1474,736
1475,531
1476,662
1477,739
1478,792
1479,221
1481,140
1482,550
1483,736
1484,156
1485,729
1486,208
1487,566
1488,476
1489,722
1491,52
1492,475
1493,80
1494,402
1495,497
1496,311
1497,241
1498,718
1499,263
1501,232
1502,689
1503,88
1504,560
1505,694
1506,204
1507,580
1508,487
1509,542
1511,4
1512,265
1513,524
1514,200
1515,707
1516,470
1517,525
1518,54
1519,725
1521,655
1522,305
1523,393
1524,88
1525,55
1526,65
1527,392
1528,42
1529,435
1531,59
1532,394
1533,542
1534,380
1535,497
1536,476
1537,563
1538,426
1539,489
1541,715
1542,774
1543,29
1544,75
1545,567
1546,169
1547,325
1548,444
1549,21
1551,539
1552,365
1553,754
1554,476
1555,348
1556,310
1557,630
1558,552
1559,724
1561,472
1562,434
1563,597
1564,4
1565,513
1566,64
1567,576
1568,472
1569,183
1571,535
1572,211
1573,309
1574,53
1575,104
1576,418
1577,210
1578,202
1579,634
1581,529
1582,778
1583,755
1584,675
1585,15
1586,464
1587,534
1588,91
1589,104
1591,549
1592,37
1593,728
1594,564
1595,151
1596,212
1597,393
1598,88
1599,645
1601,76
1602,750
1603,591
1604,601
1605,729
1606,541
1607,171
1608,789
1609,561
1611,559
1612,225
1613,212
1614,585
1615,412
1616,664
1617,561
1618,132
1619,217
1621,404
1622,4
1623,540
1624,23
1625,773
1626,467
1627,600
1628,80
1629,783
1631,548
1632,184
1633,426
1634,125
1635,302
1636,266
1637,211
1638,288
1639,556
1641,230
1642,157
1643,390
1644,384
1645,436
1646,403
1647,472
1648,407
1649,319
1651,574
1652,60
1653,240
1654,626
1655,616
1656,25
1657,479
1658,760
1659,8
1661,432
1662,712
1663,577
1664,271
1665,198
1666,384
1667,791
1668,56
1669,253
1671,478
1672,169
1673,624
1674,282
1675,562
1676,572
1677,346
1678,674
1679,548
1681,545
1682,254
1683,101
1684,729
1685,716
1686,701
1687,777
1688,128
1689,344
1691,283
1692,282
1693,248
1694,552
1695,223
1696,116
1697,223
1698,348
1699,164
1701,32
1702,105
1703,531
1704,641
1705,128
1706,351
1707,447
1708,263
1709,402
1711,768
1712,774
1713,636
1714,478
1715,366
1716,226
1717,462
1718,367
1719,4
1721,769
1722,80
1723,174
1724,343
1725,265
1726,212
1727,496
1728,534
1729,615
1731,509
1732,719
1733,521
1734,680
1735,68
1736,345
1737,11
1738,421
1739,372
1741,745
1742,279
1743,782
1744,123
1745,747
1746,781
1747,256
1748,567
1749,584
1751,114
1752,774
1753,583
1754,735
1755,327
1756,68
1757,2
1758,237
1759,410
1761,181
1762,301
1763,654
1764,261
1765,754
1766,315
1767,778
1768,573
1769,719
1771,504
1772,32
1773,741
1774,602
1775,665
1776,260
1777,707
1778,710
1779,336
1781,534
1782,198
1783,699
1784,531
1785,173
1786,210
1787,333
1788,649
1789,581
1791,452
1792,312
1793,655
1794,301
1795,670
1796,433
1797,673
1798,365
1799,684
1801,243
1802,442
1803,40
1804,642
1805,178
1806,380
1807,227
1808,754
1809,359
1811,753
1812,422
1813,476
1814,661
1815,792
1816,347
1817,139
1818,110
1819,422
1821,505
1822,378
1823,179
1824,235
1825,296
1826,565
1827,623
1828,619
1829,381
1831,690
1832,653
1833,790
1834,403
1835,619
1836,787
1837,185
1838,43
1839,750
1841,121
1842,157
1843,701
1844,413
1845,730
1846,485
1847,390
1848,127
1849,1
1851,360
1852,592
1853,177
1854,686
1855,78
1856,791
1857,601
1858,15
1859,130
1861,182
1862,73
1863,259
1864,559
1865,691
1866,264
1867,295
1868,380
1869,465
1871,680
1872,89
1873,285
1874,91
1875,128
1876,757
1877,418
1878,466
1879,662
1881,120
1882,120
1883,367
1884,610
1885,62
1886,304
1887,142
1888,273
1889,73
1891,725
1892,669
1893,676
1894,653
1895,205
1896,359
1897,382
1898,725
1899,724
1901,576
1902,625
1903,182
1904,551
1905,317
1906,506
1907,8
1908,465
1909,629
1911,82
1912,225
1913,640
1914,170
1915,316
1916,516
1917,316
1918,620
1919,593
1921,188
1922,706
1923,794
1924,504
1925,435
1926,221
1927,484
1928,778
1929,504
1931,685
1932,58
1933,681
1934,91
1935,236
1936,35
1937,249
1938,238
1939,313
1941,348
1942,196
1943,526
1944,379
1945,417
1946,643
1947,784
1948,564
1949,705
1951,734
1952,297
1953,733
1954,712
1955,363
1956,369
1957,283
1958,717
1959,197
1961,114
1962,504
1963,160
1964,609
1965,270
1966,417
1967,328
1968,325
1969,303
1971,587
1972,647
1973,465
1974,629
1975,495
1976,719
1977,341
1978,311
1979,759
1981,310
1982,625
1983,797
1984,160
1985,403
1986,309
1987,52
1988,422
1989,519
1991,340
1992,82
1993,408
1994,100
1995,464
1996,694
1997,31
1998,674
1999,362
2001,627
2002,140
2003,534
2004,611
2005,294
2006,534
2007,295
2008,59
2009,701
2011,669
2012,712
2013,653
2014,679
2015,751
2016,32
2017,285
2018,526
2019,602
2021,438
2022,343
2023,589
2024,18
2025,664
2026,579
2027,527
2028,530
2029,610
2031,529
2032,664
2033,27
2034,139
2035,272
2036,117
2037,353
2038,660
2039,370
2041,499
2042,794
2043,97
2044,483
2045,517
2046,265
2047,687
2048,402
2049,157
2051,270
2052,749
2053,179
2054,115
2055,633
2056,26
2057,736
2058,349
2059,142
2061,739
2062,480
2063,665
2064,192
2065,233
2066,663
2067,481
2068,531
2069,470
2071,377
2072,434
2073,187
2074,607
2075,539
2076,371
2077,136
2078,326
2079,59
2081,198
2082,694
2083,224
2084,643
2085,449
2086,137
2087,648
2088,217
2089,181
2091,339
2092,628
2093,662
2094,223
2095,787
2096,130
2097,293
2098,659
2099,451
2101,334
2102,514
2103,634
2104,633
2105,670
2106,474
2107,715
2108,473
2109,495
2111,152
2112,90
2113,478
2114,538
2115,393
2116,258
2117,465
2118,483
2119,252
2121,596
2122,25
2123,312
2124,521
2125,200
2126,314
2127,750
2128,256
2129,561
2131,118
2132,646
2133,426
2134,710
2135,698
2136,103
2137,43
2138,708
2139,526
2141,698
2142,276
2143,24
2144,612
2145,363
2146,513
2147,80
2148,181
2149,699
2151,173
2152,544
2153,105
2154,346
2155,155
2156,141
2157,607
2158,297
2159,84
2161,299
2162,233
2163,541
2164,91
2165,785
2166,665
2167,542
2168,152
2169,96
2171,477
2172,6
2173,651
2174,245
2175,548
2176,748
2177,569
2178,44
2179,445
2181,72
2182,785
2183,717
2184,342
2185,110
2186,384
2187,175
2188,80
2189,776
2191,563
2192,92
2193,296
2194,505
2195,425
2196,40
2197,18
2198,197
2199,64
2201,7
2202,517
2203,744
2204,517
2205,411
2206,705
2207,636
2208,115
2209,609
2211,424
2212,723
2213,569
2214,765
2215,720
2216,205
2217,170
2218,648
2219,89
2221,532
2222,108
2223,79
2224,514
2225,561
2226,1
2227,85
2228,193
2229,561
2231,645
2232,611
2233,413
2234,161
2235,77
2236,238
2237,717
2238,79
2239,245
2241,201
2242,292
2243,165
2244,517
2245,651
2246,316
2247,716
2248,278
2249,370
2251,564
2252,764
2253,291
2254,103
2255,80
2256,711
2257,537
2258,131
2259,306
2261,269
2262,142
2263,548
2264,429
2265,389
2266,687
2267,12
2268,548
2270,724
2271,118
2272,202
2273,56
2274,297
2275,645
2276,206
2277,159
2278,795
2280,379
2281,566
2282,461
2283,77
2284,644
2285,126
2286,755
2287,78
2288,572
2290,404
2291,590
2292,708
2293,377
2294,493
2295,454
2296,796
2297,439
2298,263
2300,711
2301,189
2302,792
2303,448
2304,511
2305,225
2306,544
2307,550
2308,470
2310,98
2311,322
2312,794
2313,258
2314,205
2315,592
2316,364
2317,223
2318,697
2320,714
2321,668
2322,785
2323,296
2324,223
2325,485
2326,610
2327,19
2328,255
2330,750
2331,371
2332,519
2333,156
2334,532
2335,267
2336,610
2337,355
2338,711
2340,117
2341,650
2342,164
2343,476
2344,629
2345,558
2346,478
2347,403
2348,794
2350,7
2351,151
2352,128
2353,529
2354,80
2355,595
2356,95
2357,135
2358,294
2360,420
2361,800
2362,341
2363,706
2364,128
2365,52
2366,6
2367,647
2368,599
2370,736
2371,389
2372,730
2373,181
2374,773
2375,280
2376,638
2377,117
2378,123
2380,140
2381,355
2382,25
2383,577
2384,439
2385,794
2386,84
2387,480
2388,121
2390,618
2391,607
2392,249
2393,540
2394,773
2395,288
2396,238
2397,691
2398,319
2400,86
2401,647
2402,562
2403,369
2404,354
2405,503
2406,778
2407,225
2408,147
2410,171
2411,577
2412,678
2413,759
2414,3
2415,731
2416,792
2417,485
2418,3
2420,359
2421,589
2422,387
2423,42
2424,796
2425,669
2426,644
2427,409
2428,465
2430,758
2431,285
2432,437
2433,562
2434,223
2435,565
2436,423
2437,620
2438,208
2440,309
2441,466
2442,89
2443,152
2444,252
2445,600
2446,225
2447,509
2448,343
2450,609
2451,456
2452,628
2453,707
2454,755
2455,427
2456,701
2457,355
2458,301
2460,54
2461,231
2462,528
2463,780
2464,168
2465,704
2466,178
2467,696
2468,754
2470,525
2471,349
2472,46
2473,451
2474,768
2475,96
2476,32
2477,675
2478,721
2480,281
2481,694
2482,41
2483,722
2484,300
2485,625
2486,81
2487,699
2488,563
2490,327
2491,444
2492,570
2493,711
2494,274
2495,737
2496,421
2497,569
2498,578
2500,573
2501,191
2502,433
2503,289
2504,52
2505,798
2506,378
2507,697
2508,143
2510,90
2511,317
2512,140
2513,733
2514,72
2515,457
2516,623
2517,623
2518,564
2520,322
2521,143
2522,85
2523,748
2524,62
2525,671
2526,764
2527,23
2528,344
2530,166
2531,81
2532,744
2533,718
2534,319
2535,738
2536,628
2537,589
2538,179
2540,324
2541,208
2542,557
2543,411
2544,316
2545,797
2546,177
2547,630
2548,245
2550,448
2551,699
2552,473
2553,708
2554,732
2555,45
2556,75
2557,251
2558,445
2560,258
2561,639
2562,704
2563,119
2564,436
2565,439
2566,554
2567,578
2568,728
2570,308
2571,327
2572,154
2573,248
2574,129
2575,616
2576,239
2577,761
2578,217
2580,643
2581,650
2582,119
2583,200
2584,728
2585,177
2586,83
2587,439
2588,552
2590,781
2591,128
2592,165
2593,259
2594,619
2595,350
2596,619
2597,372
2598,207
2600,795
2601,270
2602,104
2603,40
2604,508
2605,128
2606,675
2607,737
2608,249
2610,20
2611,244
2612,420
2613,444
2614,70
2615,171
2616,95
2617,651
2618,575
2620,372
2621,239
2622,492
2623,414
2624,690
2625,719
2626,338
2627,405
2628,487
2630,679
2631,595
2632,173
2633,282
2634,768
2635,389
2636,219
2637,203
2638,272
2640,683
2641,727
2642,463
2643,277
2644,57
2645,556
2646,493
2647,649
2648,43
2650,600
2651,236
2652,416
2653,582
2654,464
2655,591
2656,650
2657,78
2658,574
2660,113
2661,411
2662,234
2663,246
2664,597
2665,244
2666,616
2667,677
2668,375
2670,76
2671,477
2672,290
2673,491
2674,707
2675,148
2676,308
2677,384
2678,104
2680,142
2681,187
2682,105
2683,519
2684,189
2685,238
2686,387
2687,483
2688,255
2690,131
2691,764
2692,234
2693,521
2694,569
2695,234
2696,778
2697,40
2698,410
2700,737
2701,165
2702,301
2703,157
2704,38
2705,639
2706,741
2707,594
2708,21
2710,551
2711,226
2712,13
2713,13
2714,682
2715,558
2716,215
2717,579
2718,446
2720,311
2721,564
2722,105
2723,109
2724,173
2725,551
2726,377
2727,598
2728,79
2730,508
2731,257
2732,401
2733,139
2734,108
2735,531
2736,553
2737,121
2738,331
2740,723
2741,655
2742,416
2743,613
2744,302
2745,458
2746,227
2747,217
2748,476
2750,706
2751,532
2752,511
2753,463
2754,593
2755,644
2756,641
2757,721
2758,391
2760,638
2761,379
2762,574
2763,709
2764,450
2765,552
2766,750
2767,317
2768,745
2770,50
2771,675
2772,603
2773,28
2774,240
2775,770
2776,65
2777,427
2778,264
2780,546
2781,403
2782,403
2783,212
2784,123
2785,406
2786,641
2787,227
2788,251
2790,795
2791,434
2792,354
2793,334
2794,271
2795,777
2796,308
2797,298
2798,471
2800,229
2801,697
2802,210
2803,223
2804,192
2805,59
2806,731
2807,223
2808,166
2810,496
2811,21
2812,396
2813,114
2814,360
2815,311
2816,161
2817,306
2818,499
2820,793
2821,248
2822,393
2823,308
2824,273
2825,687
2826,351
2827,746
2828,136
2830,480
2831,180
2832,438
2833,632
2834,499
2835,563
2836,769
2837,635
2838,477
2840,612
2841,81
2842,324
2843,256
2844,179
2845,512
2846,643
2847,20
2848,572
2850,75
2851,746
2852,781
2853,542
2854,471
2855,685
2856,631
2857,14
2858,610
2860,395
2861,28
2862,290
2863,562
2864,525
2865,490
2866,728
2867,234
2868,551
2870,494
2871,610
2872,605
2873,495
2874,296
2875,219
2876,607
2877,533
2878,508
2880,316
2881,745
2882,148
2883,800
2884,176
2885,208
2886,436
2887,662
2888,733
2890,308
2891,231
2892,191
2893,26
2894,406
2895,707
2896,27
2897,579
2898,181
2900,629
2901,468
2902,625
2903,293
2904,62
2905,222
2906,395
2907,444
2908,698
2910,160
2911,188
2912,75
2913,686
2914,374
2915,337
2916,334
2917,610
2918,541
2920,718
2921,244
2922,245
2923,629
2924,72
2925,659
2926,158
2927,701
2928,231
2930,707
2931,26
2932,69
2933,188
2934,159
2935,426
2936,223
2937,632
2938,304
2940,347
2941,686
2942,666
2943,719
2944,361
2945,412
2946,541
2947,493
2948,158
2950,460
2951,223
2952,534
2953,487
2954,45
2955,136
2956,419
2957,362
2958,408
2960,478
2961,133
2962,567
2963,174
2964,492
2965,369
2966,182
2967,243
2968,736
2970,763
2971,658
2972,758
2973,98
2974,417
2975,112
2976,706
2977,553
2978,440
2980,782
2981,57
2982,229
2983,446
2984,361
2985,417
2986,282
2987,361
2988,240
2990,755
2991,647
2992,782
2993,743
2994,105
2995,356
2996,189
2997,194
2998,558
3000,114
3001,411
3002,119
3003,64
3004,296
3005,114
3006,558
3007,421
3008,391
3010,397
3011,128
3012,90
3013,224
3014,585
3015,7
3016,563
3017,610
3018,313
3020,542
3021,157
3022,655
3023,424
3024,150
3025,211
3026,280
3027,462
3028,162
3030,276
3031,551
3032,622
3033,685
3034,442
3035,630
3036,523
3037,585
3038,599
3040,204
3041,521
3042,562
3043,57
3044,533
3045,598
3046,777
3047,613
3048,542
3050,487
3051,397
3052,265
3053,333
3054,477
3055,176
3056,485
3057,225
3058,567
3060,741
3061,500
3062,607
3063,325
3064,246
3065,609
3066,108
3067,50
3068,662
3070,755
3071,778
3072,586
3073,229
3074,397
3075,65
3076,623
3077,436
3078,356
3080,229
3081,717
3082,598
3083,792
3084,524
3085,24
3086,403
3087,161
3088,23
3090,541
3091,759
3092,724
3093,520
3094,107
3095,199
3096,105
3097,275
3098,241
3100,129
3101,394
3102,229
3103,607
3104,397
3105,267
3106,487
3107,780
3108,697
3110,412
3111,160
3112,523
3113,790
3114,207
3115,701
3116,364
3117,627
3118,462
3120,593
3121,405
3122,134
3123,319
3124,758
3125,342
3126,608
3127,539
3128,225
3130,671
3131,788
3132,356
3133,737
3134,549
3135,88
3136,4
3137,425
3138,27
3140,276
3141,90
3142,257
3143,298
3144,720
3145,326
3146,54
3147,731
3148,799
3150,46
3151,119
3152,621
3153,146
3154,753
3155,441
3156,362
3157,723
3158,469
3160,355
3161,359
3162,248
3163,364
3164,287
3165,434
3166,274
3167,82
3168,187
3170,516
3171,596
3172,168
3173,481
3174,733
3175,273
3176,378
3177,742
3178,262
3180,19
3181,681
3182,602
3183,499
3184,124
3185,607
3186,431
3187,207
3188,627
3190,260
3191,282
3192,532
3193,700
3194,14
3195,250
3196,734
3197,11
3198,428
3200,420
3201,559
3202,343
3203,63
3204,490
3205,205
3206,757
3207,646
3208,206
3210,727
3211,417
3212,427
3213,131
3214,435
3215,187
3216,399
3217,555
3218,360
3220,230
3221,276
3222,2
3223,642
3224,272
3225,228
3226,712
3227,53
3228,560
3230,621
3231,581
3232,478
3233,232
3234,778
3235,616
3236,635
3237,18
3238,477
3240,714
3241,133
3242,161
3243,707
3244,194
3245,677
3246,662
3247,581
3248,530
3250,131
3251,196
3252,111
3253,570
3254,67
3255,305
3256,638
3257,37
3258,409
3260,765
3261,320
3262,362
3263,546
3264,336
3265,231
3266,269
3267,89
3268,40
3270,711
3271,449
3272,714
3273,484
3274,153
3275,462
3276,338
3277,121
3278,604
3280,381
3281,5
3282,159
3283,324
3284,145
3285,133
3286,82
3287,83
3288,216
3290,730
3291,583
3292,230
3293,20
3294,517
3295,611
3296,196
3297,159
3298,705
3300,562
3301,51
3302,500
3303,363
3304,353
3305,792
3306,182
3307,350
3308,502
3310,23
3311,204
3312,443
3313,318
3314,49
3315,398
3316,376
3317,720
3318,588
3320,65
3321,6
3322,45
3323,739
3324,778
3325,758
3326,258
3327,489
3328,541
3330,666
3331,680
3332,489
3333,582
3334,689
3335,247
3336,561
3337,409
3338,609
3340,674
3341,286
3342,477
3343,237
3344,31
3345,370
3346,212
3347,715
3348,449
3350,89
3351,134
3352,587
3353,93
3354,651
3355,41
3356,405
3357,540
3358,190
3360,270
3361,791
3362,409
3363,708
3364,733
3365,408
3366,356
3367,780
3368,717
3370,305
3371,645
3372,114
3373,161
3374,260
3375,86
3376,380
3377,698
3378,48
3380,47
3381,682
3382,486
3383,133
3384,471
3385,383
3386,489
3387,454
3388,630
3390,39
3391,70
3392,795
3393,174
3394,756
3395,635
3396,42
3397,716
3398,380
3400,701
3401,513
3402,279
3403,174
3404,715
3405,598
3406,423
3407,132
3408,231
3410,690
3411,45
3412,413
3413,621
3414,472
3415,165
3416,498
3417,92
3418,248
3420,243
3421,676
3422,331
3423,99
3424,556
3425,625
3426,578
3427,560
3428,200
3430,498
3431,757
3432,37
3433,380
3434,157
3435,152
3436,530
3437,488
3438,476
3440,453
3441,41
3442,630
3443,114
3444,88
3445,21
3446,174
3447,695
3448,741
3450,655
3451,453
3452,464
3453,691
3454,447
3455,172
3456,76
3457,55
3458,241
3460,636
3461,130
3462,399
3463,318
3464,412
3465,135
3466,67
3467,551
3468,45
3470,591
3471,433
3472,551
3473,369
3474,767
3475,784
3476,523
3477,268
3478,31
3480,279
3481,144
3482,659
3483,739
3484,376
3485,634
3486,259
3487,383
3488,670
3490,618
3491,456
3492,531
3493,539
3494,285
3495,649
3496,227
3497,559
3498,233
3500,38
3501,579
3502,750
3503,544
3504,715
3505,294
3506,358
3507,775
3508,397
3510,177
3511,199
3512,734
3513,59
3514,529
3515,707
3516,327
3517,44
3518,84
3520,777
3521,780
3522,423
3523,660
3524,677
3525,12
3526,534
3527,100
3528,702
3530,606
3531,57
3532,435
3533,260
3534,129
3535,435
3536,655
3537,550
3538,104
3540,472
3541,683
3542,240
3543,470
3544,81
3545,66
3546,483
3547,157
3548,19
3550,131
3551,714
3552,628
3553,424
3554,122
3555,435
3556,631
3557,102
3558,760
3560,552
3561,305
3562,322
3563,34
3564,58
3565,241
3566,470
3567,229
3568,258
3570,605
3571,783
3572,626
3573,180
3574,184
3575,201
3576,532
3577,527
3578,336
3580,108
3581,796
3582,571
3583,55
3584,423
3585,635
3586,166
3587,714
3588,40
3590,523
3591,187
3592,337
3593,187
3594,257
3595,457
3596,64
3597,64
3598,51
3600,678
3601,375
3602,321
3603,533
3604,46
3605,345
3606,384
3607,324
3608,528
3610,136
3611,705
3612,323
3613,631
3614,272
3615,691
3616,307
3617,206
3618,658
3620,578
3621,716
3622,732
3623,465
3624,474
3625,659
3626,522
3627,691
3628,522
3630,80
3631,612
3632,608
3633,376
3634,208
3635,542
3636,31
3637,132
3638,624
3640,39
3641,34
3642,349
3643,672
3644,61
3645,255
3646,25
3647,400
3648,361
3650,535
3651,107
3652,94
3653,596
3654,154
3655,190
3656,128
3657,166
3658,798
3660,442
3661,435
3662,690
3663,173
3664,526
3665,771
3666,422
3667,72
3668,87
3670,581
3671,699
3672,759
3673,786
3674,32
3675,753
3676,69
3677,698
3678,609
3680,439
3681,516
3682,562
3683,114
3684,752
3685,703
3686,650
3687,181
3688,470
3690,275
3691,134
3692,105
3693,391
3694,671
3695,192
3696,509
3697,409
3698,186
3700,10
3701,130
3702,213
3703,471
3704,686
3705,339
3706,624
3707,321
3708,393
3710,642
3711,588
3712,75
3713,54
3714,619
3715,314
3716,308
3717,394
3718,377
3720,305
3721,444
3722,365
3723,701
3724,338
3725,86
3726,225
3727,757
3728,581
3730,702
3731,494
3732,321
3733,170
3734,92
3735,199
3736,670
3737,764
3738,563
3740,566
3741,219
3742,172
3743,181
3744,164
3745,194
3746,210
3747,215
3748,334
3750,56
3751,543
3752,778
3753,795
3754,13
3755,208
3756,471
3757,204
3758,467
3760,542
3761,374
3762,385
3763,278
3764,39
3765,580
3766,239
3767,317
3768,147
3770,456
3771,150
3772,463
3773,635
3774,111
3775,670
3776,403
3777,141
3778,395
3780,77
3781,383
3782,733
3783,307
3784,450
3785,265
3786,793
3787,167
3788,359
3790,309
3791,178
3792,512
3793,163
3794,548
3795,320
3796,234
3797,417
3798,740
3800,485
3801,677
3802,629
3803,377
3804,100
3805,79
3806,569
3807,195
3808,105
3810,348
3811,733
3812,195
3813,622
3814,297
3815,349
3816,761
3817,501
3818,734
3820,596
3821,716
3822,347
3823,546
3824,513
3825,162
3826,87
3827,672
3828,426
3830,49
3831,260
3832,260
3833,768
3834,500
3835,534
3836,667
3837,776
3838,40
3840,287
3841,438
3842,638
3843,17
3844,499
3845,638
3846,528
3847,293
3848,361
3850,187
3851,703
3852,38
3853,71
3854,360
3855,347
3856,124
3857,712
3858,357
3860,44
3861,237
3862,196
3863,593
3864,316
3865,83
3866,155
3867,333
3868,306
3870,396
3871,778
3872,731
3873,692
3874,527
3875,167
3876,725
3877,625
3878,592
3880,522
3881,144
3882,510
3883,469
3884,315
3885,22
3886,641
3887,780
3888,193
3890,239
3891,153
3892,175
3893,425
3894,752
3895,211
3896,109
3897,787
3898,419
3900,632
3901,749
3902,262
3903,7
3904,682
3905,549
3906,272
3907,576
3908,489
3910,573
3911,508
3912,284
3913,712
3914,349
3915,790
3916,486
3917,262
3918,642
3920,208
3921,702
3922,708
3923,714
3924,794
3925,334
3926,635
3927,654
3928,464
3930,128
3931,470
3932,422
3933,396
3934,363
3935,601
3936,704
3937,361
3938,699
3940,505
3941,565
3942,411
3943,249
3944,568
3945,445
3946,96
3947,453
3948,9
3950,131
3951,566
3952,606
3953,337
3954,554
3955,87
3956,759
3957,768
3958,225
3960,158
3961,427
3962,474
3963,369
3964,249
3965,70
3966,791
3967,435
3968,642
3970,465
3971,614
3972,144
3973,609
3974,78
3975,110
3976,734
3977,214
3978,345
3980,417
3981,573
3982,640
3983,195
3984,575
3985,50
3986,285
3987,631
3988,304
3990,447
3991,482
3992,443
3993,70
3994,460
3995,712
3996,432
3997,112
3998,680
4000,253
4001,282
4002,178
4003,573
4004,63
4005,555
4006,379
4007,777
4008,198
4010,251
4011,126
4012,235
4013,608
4014,25
4015,4
4016,376
4017,678
4018,743
4020,439
4021,533
4022,294
4023,341
4024,193
4025,338
4026,362
4027,416
4028,716
4030,27
4031,601
4032,108
4033,43
4034,420
4035,9
4036,135
4037,188
4038,378
4040,144
4041,424
4042,460
4043,399
4044,212
4045,153
4046,249
4047,330
4048,106
4050,27
4051,572
4052,485
4053,89
4054,37
4055,417
4056,377
4057,576
4058,224
4060,539
4061,296
4062,92
4063,635
4064,136
4065,694
4066,678
4067,577
4068,108
4070,624
4071,315
4072,396
4073,654
4074,664
4075,353
4076,176
4077,23
4078,468
4080,283
4081,135
4082,608
4083,570
4084,293
4085,280
4086,35
4087,369
4088,793
4090,158
4091,736
4092,597
4093,690
4094,344
4095,227
4096,115
4097,586
4098,241
4100,551
4101,494
4102,481
4103,430
4104,591
4105,654
4106,43
4107,371
4108,398
4110,260
4111,569
4112,2
4113,382
4114,285
4115,252
4116,352
4117,134
4118,794
4120,307
4121,119
4122,569
4123,164
4124,463
4125,572
4126,247
4127,477
4128,696
4130,207
4131,133
4132,792
4133,273
4134,50
4135,247
4136,623
4137,15
4138,44
4140,311
4141,123
4142,344
4143,45
4144,557
4145,167
4146,519
4147,136
4148,740
4150,163
4151,421
4152,152
4153,735
4154,129
4155,318
4156,293
4157,411
4158,295
4160,32
4161,365
4162,650
4163,221
4164,693
4165,417
4166,576
4167,604
4168,244
4170,438
4171,243
4172,541
4173,139
4174,498
4175,519
4176,226
4177,257
4178,15
4180,98
4181,707
4182,204
4183,221
4184,537
4185,8
4186,412
4187,62
4188,459
4190,193
4191,413
4192,385
4193,249
4194,505
4195,198
4196,683
4197,511
4198,607
4200,544
4201,546
4202,554
4203,180
4204,17
4205,233
4206,761
4207,473
4208,740
4210,281
4211,190
4212,459
4213,515
4214,33
4215,341
4216,474
4217,536
4218,472
4220,396
4221,493
4222,626
4223,781
4224,468
4225,495
4226,481
4227,420
4228,219
4230,676
4231,530
4232,166
4233,682
4234,431
4235,617
4236,394
4237,395
4238,579
4240,689
4241,598
4242,295
4243,110
4244,723
4245,208
4246,320
4247,350
4248,354
4250,141
4251,76
4252,283
4253,169
4254,639
4255,59
4256,434
4257,697
4258,761
4260,206
4261,434
4262,286
4263,282
4264,301
4265,262
4266,379
4267,193
4268,321
4270,565
4271,309
4272,653
4273,598
4274,767
4275,296
4276,326
4277,480
4278,710
4280,587
4281,534
4282,420
4283,582
4284,115
4285,412
4286,483
4287,122
4288,527
4290,772
4291,543
4292,764
4293,551
4294,404
4295,768
4296,700
4297,558
4298,125
4300,110
4301,307
4302,782
4303,716
4304,310
4305,203
4306,782
4307,569
4308,80
4310,91
4311,567
4312,121
4313,763
4314,198
4315,412
4316,665
4317,9
4318,320
4320,56
4321,86
4322,652
4323,303
4324,644
4325,581
4326,76
4327,712
4328,61
4330,43
4331,469
4332,79
4333,270
4334,185
4335,493
4336,78
4337,169
4338,298
4340,478
4341,514
4342,695
4343,609
4344,218
4345,154
4346,285
4347,693
4348,472
4350,468
4351,436
4352,674
4353,311
4354,336
4355,159
4356,111
4357,504
4358,415
4360,186
4361,602
4362,646
4363,577
4364,507
4365,534
4366,217
4367,448
4368,523
4370,799
4371,523
4372,285
4373,674
4374,353
4375,216
4376,491
4377,135
4378,518
4380,295
4381,493
4382,40
4383,241
4384,285
4385,482
4386,241
4387,610
4388,545
4390,735
4391,133
4392,276
4393,706
4394,70
4395,293
4396,360
4397,341
4398,701
4400,630
4401,43
4402,278
4403,779
4404,626
4405,212
4406,293
4407,109
4408,234
4410,786
4411,99
4412,203
4413,749
4414,791
4415,344
4416,54
4417,790
4418,145
4420,701
4421,773
4422,534
4423,19
4424,27
4425,481
4426,423
4427,557
4428,396
4430,657
4431,603
4432,730
4433,300
4434,652
4435,92
4436,634
4437,450
4438,141
4440,778
4441,592
4442,710
4443,29
4444,106
4445,625
4446,507
4447,247
4448,477
4450,326
4451,194
4452,467
4453,213
4454,453
4455,705
4456,144
4457,327
4458,47
4460,457
4461,325
4462,221
4463,249
4464,699
4465,92
4466,490
4467,105
4468,653
4470,192
4471,730
4472,661
4473,426
4474,96
4475,151
4476,646
4477,293
4478,47
4480,565
4481,465
4482,441
4483,597
4484,482
4485,698
4486,311
4487,722
4488,471
4490,368
4491,646
4492,568
4493,723
4494,163
4495,417
4496,325
4497,466
4498,506
4500,449
4501,568
4502,491
4503,352
4504,665
4505,459
4506,16
4507,149
4508,373
4510,105
4511,772
4512,431
4513,162
4514,511
4515,17
4516,306
4517,544
4518,453
4520,285
4521,211
4522,446
4523,47
4524,158
4525,537
4526,496
4527,292
4528,93
4530,665
4531,466
4532,777
4533,655
4534,681
4535,105
4536,509
4537,743
4538,182
4540,684
4541,537
4542,711
4543,790
4544,92
4545,326
4546,405
4547,766
4548,438
4550,745
4551,703
4552,788
4553,724
4554,698
4555,295
4556,173
4557,81
4558,179
4560,68
4561,741
4562,730
4563,735
4564,664
4565,598
4566,434
4567,139
4568,652
4570,462
4571,273
4572,315
4573,411
4574,712
4575,284
4576,638
4577,724
4578,526
4580,794
4581,614
4582,31
4583,449
4584,34
4585,273
4586,209
4587,631
4588,366
4590,140
4591,542
4592,149
4593,666
4594,645
4595,340
4596,182
4597,188
4598,792
4600,93
4601,665
4602,116
4603,358
4604,290
4605,611
4606,427
4607,319
4608,521
4610,25
4611,606
4612,671
4613,769
4614,338
4615,666
4616,526
4617,334
4618,67
4620,649
4621,245
4622,769
4623,675
4624,360
4625,772
4626,407
4627,632
4628,72
4630,634
4631,226
4632,369
4633,546
4634,128
4635,59
4636,740
4637,167
4638,392
4640,781
4641,704
4642,225
4643,533
4644,593
4645,737
4646,509
4647,626
4648,222
4650,39
4651,243
4652,315
4653,779
4654,410
4655,566
4656,261
4657,376
4658,115
4660,513
4661,415
4662,157
4663,300
4664,30
4665,276
4666,441
4667,212
4668,590
4670,287
4671,637
4672,784
4673,795
4674,341
4675,724
4676,266
4677,230
4678,603
4680,274
4681,156
4682,110
4683,340
4684,376
4685,654
4686,776
4687,538
4688,498
4690,286
4691,645
4692,201
4693,84
4694,142
4695,375
4696,775
4697,276
4698,684
4700,180
4701,514
4702,120
4703,103
4704,278
4705,388
4706,484
4707,354
4708,658
4710,169
4711,310
4712,113
4713,431
4714,755
4715,367
4716,650
4717,530
4718,281
4720,702
4721,618
4722,401
4723,252
4724,168
4725,132
4726,116
4727,644
4728,322
4730,580
4731,253
4732,488
4733,194
4734,630
4735,310
4736,782
4737,383
4738,611
4740,217
4741,226
4742,418
4743,721
4744,757
4745,231
4746,129
4747,687
4748,561
4750,549
4751,65
4752,209
4753,637
4754,120
4755,102
4756,154
4757,111
4758,216
4760,95
4761,229
4762,575
4763,303
4764,596
4765,724
4766,35
4767,375
4768,425
4770,561
4771,405
4772,83
4773,80
4774,565
4775,528
4776,376
4777,3
4778,779
4780,533
4781,399
4782,177
4783,596
4784,616
4785,230
4786,783
4787,6
4788,395
4790,708
4791,768
4792,270
4793,323
4794,693
4795,96
4796,713
4797,577
4798,41
4800,195
4801,379
4802,606
4803,93
4804,93
4805,542
4806,91
4807,660
4808,558
4810,147
4811,716
4812,87
4813,732
4814,361
4815,556
4816,187
4817,668
4818,151
4820,776
4821,678
4822,589
4823,162
4824,402
4825,650
4826,239
4827,344
4828,48
4830,248
4831,383
4832,193
4833,35
4834,704
4835,703
4836,299
4837,671
4838,581
4840,269
4841,141
4842,677
4843,674
4844,213
4845,176
4846,541
4847,192
4848,603
4850,552
4851,625
4852,678
4853,631
4854,307
4855,724
4856,356
4857,38
4858,509
4860,39
4861,283
4862,458
4863,708
4864,261
4865,354
4866,241
4867,158
4868,7
4870,344
4871,702
4872,423
4873,171
4874,317
4875,300
4876,94
4877,202
4878,681
4880,449
4881,800
4882,287
4883,602
4884,109
4885,200
4886,461
4887,250
4888,727
4890,199
4891,765
4892,467
4893,202
4894,753
4895,613
4896,251
4897,229
4898,645
4900,273
4901,585
4902,111
4903,795
4904,298
4905,445
4906,281
4907,716
4908,704
4910,563
4911,740
4912,170
4913,679
4914,707
4915,634
4916,380
4917,431
4918,407
4920,414
4921,634
4922,599
4923,99
4924,651
4925,480
4926,746
4927,699
4928,103
4930,40
4931,705
4932,280
4933,673
4934,570
4935,696
4936,425
4937,677
4938,200
4940,451
4941,347
4942,143
4943,604
4944,546
4945,422
4946,86
4947,430
4948,337
4950,723
4951,458
4952,182
4953,712
4954,581
4955,136
4956,171
4957,288
4958,367
4960,739
4961,460
4962,776
4963,777
4964,744
4965,714
4966,507
4967,554
4968,487
4970,422
4971,213
4972,461
4973,539
4974,193
4975,140
4976,677
4977,109
4978,216
4980,269
4981,82
4982,507
4983,292
4984,472
4985,520
4986,87
4987,465
4988,204
4990,480
4991,333
4992,36
4993,378
4994,469
4995,576
4996,246
4997,545
4998,619
5000,543
5001,284
5002,773
5003,92
5004,199
5005,651
5006,553
5007,592
5008,504
5010,329
5011,568
5012,568
5013,230
5014,221
5015,559
5016,272
5017,177
5018,198
5020,483
5021,588
5022,526
5023,767
5024,780
5025,141
5026,79
5027,69
5028,22
5030,416
5031,203
5032,676
5033,442
5034,677
5035,563
5036,387
5037,362
5038,123
5040,227
5041,205
5042,453
5043,23
5044,64
5045,112
5046,460
5047,689
5048,490
5050,262
5051,241
5052,310
5053,207
5054,272
5055,322
5056,789
5057,169
5058,395
5060,385
5061,388
5062,252
5063,242
5064,766
5065,742
5066,725
5067,263
5068,478
5070,98
5071,346
5072,751
5073,383
5074,462
5075,733
5076,321
5077,234
5078,667
5080,475
5081,612
5082,256
5083,73
5084,715
5085,3
5086,92
5087,357
5088,577
5090,785
5091,740
5092,34
5093,363
5094,713
5095,107
5096,726
5097,311
5098,773
5100,443
5101,230
5102,317
5103,327
5104,202
5105,666
5106,343
5107,557
5108,535
5110,83
5111,84
5112,513
5113,167
5114,350
5115,45
5116,672
5117,109
5118,335
5120,680
5121,359
5122,462
5123,662
5124,268
5125,419
5126,526
5127,157
5128,759
5130,429
5131,242
5132,650
5133,82
5134,35
5135,73
5136,238
5137,29
5138,739
5140,424
5141,561
5142,548
5143,5
5144,459
5145,300
5146,708
5147,357
5148,641
5150,607
5151,13
5152,525
5153,475
5154,505
5155,414
5156,138
5157,700
5158,218
5160,793
5161,331
5162,354
5163,394
5164,473
5165,687
5166,567
5167,337
5168,136
5170,675
5171,550
5172,424
5173,198
5174,655
5175,331
5176,303
5177,127
5178,472
5180,477
5181,139
5182,746
5183,683
5184,139
5185,285
5186,230
5187,8
5188,513
5190,51
5191,711
5192,81
5193,362
5194,412
5195,333
5196,414
5197,430
5198,56
5200,240
5201,750
5202,10
5203,753
5204,777
5205,723
5206,344
5207,272
5208,249
5210,257
5211,410
5212,106
5213,455
5214,84
5215,137
5216,716
5217,317
5218,163
5220,599
5221,544
5222,645
5223,172
5224,675
5225,505
5226,632
5227,696
5228,643
5230,73
5231,61
5232,563
5233,734
5234,606
5235,774
5236,292
5237,515
5238,751
5240,417
5241,105
5242,587
5243,18
5244,308
5245,290
5246,763
5247,627
5248,344
5250,670
5251,162
5252,211
5253,770
5254,94
5255,191
5256,456
5257,580
5258,298
5260,701
5261,88
5262,17
5263,298
5264,386
5265,326
5266,285
5267,534
5268,664
5270,734
5271,523
5272,286
5273,717
5274,773
5275,562
5276,160
5277,778
5278,176
5280,604
5281,201
5282,431
5283,722
5284,273
5285,531
5286,587
5287,242
5288,142
5290,595
5291,681
5292,8
5293,621
5294,712
5295,217
5296,539
5297,588
5298,450
5300,308
5301,40
5302,769
5303,13
5304,482
5305,434
5306,28
5307,91
5308,209
5310,351
5311,594
5312,151
5313,267
5314,464
5315,280
5316,477
5317,113
5318,188
5320,428
5321,203
5322,712
5323,447
5324,15
5325,189
5326,606
5327,101
5328,692
5330,191
5331,326
5332,536
5333,59
5334,397
5335,219
5336,282
5337,474
5338,476
5340,559
5341,479
5342,76
5343,340
5344,10
5345,606
5346,752
5347,377
5348,758
5350,528
5351,397
5352,382
5353,281
5354,321
5355,527
5356,416
5357,39
5358,453
5360,573
5361,391
5362,638
5363,351
5364,742
5365,784
5366,603
5367,524
5368,41
5370,509
5371,436
5372,165
5373,684
5374,50
5375,17
5376,497
5377,64
5378,430
5380,39
5381,551
5382,516
5383,689
5384,198
5385,69
5386,743
5387,697
5388,306
5390,664
5391,653
5392,262
5393,222
5394,457
5395,661
5396,102
5397,355
5398,292
5400,26
5401,23
5402,292
5403,543
5404,549
5405,312
5406,211
5407,99
5408,340
5410,582
5411,376
5412,445
5413,547
5414,210
5415,779
5416,789
5417,385
5418,2
5420,473
5421,770
5422,38
5423,258
5424,174
5425,758
5426,689
5427,357
5428,9
5430,399
5431,438
5432,590
5433,16
5434,774
5435,585
5436,134
5437,496
5438,650
5440,312
5441,736
5442,342
5443,443
5444,374
5445,498
5446,597
5447,689
5448,403
5450,267
5451,351
5452,217
5453,663
5454,8
5455,107
5456,421
5457,344
5458,693
5460,3
5461,494
5462,748
5463,604
5464,786
5465,137
5466,237
5467,285
5468,120
5470,765
5471,530
5472,653
5473,178
5474,748
5475,476
5476,144
5477,401
5478,356
5480,239
5481,667
5482,329
5483,675
5484,586
5485,18
5486,581
5487,124
5488,440
5490,288
5491,747
5492,42
5493,470
5494,164
5495,569
5496,661
5497,204
5498,554
5500,323
5501,625
5502,423
5503,161
5504,388
5505,752
5506,324
5507,37
5508,349
5510,608
5511,513
5512,176
5513,147
5514,46
5515,239
5516,65
5517,150
5518,209
5520,84
5521,794
5522,471
5523,494
5524,771
5525,30
5526,266
5527,14
5528,778
5530,100
5531,20
5532,498
5533,128
5534,774
5535,318
5536,488
5537,647
5538,529
5540,520
5541,739
5542,464
5543,679
5544,467
5545,99
5546,730
5547,587
5548,346
5550,23
5551,66
5552,440
5553,413
5554,128
5555,75
5556,332
5557,267
5558,506
5560,64
5561,736
5562,456
5563,400
5564,193
5565,137
5566,397
5567,248
5568,315
5570,406
5571,542
5572,797
5573,104
5574,425
5575,375
5576,55
5577,161
5578,522
5580,628
5581,411
5582,170
5583,683
5584,596
5585,549
5586,729
5587,770
5588,292
5590,782
5591,287
5592,262
5593,130
5594,34
5595,58
5596,341
5597,518
5598,673
5600,609
5601,461
5602,758
5603,704
5604,519
5605,533
5606,382
5607,446
5608,391
5610,394
5611,335
5612,546
5613,225
5614,69
5615,764
5616,683
5617,327
5618,159
5620,539
5621,485
5622,285
5623,731
5624,224
5625,704
5626,351
5627,194
5628,606
5630,548
5631,2
5632,321
5633,362
5634,443
5635,293
5636,338
5637,87
5638,562
5640,285
5641,540
5642,587
5643,529
5644,565
5645,682
5646,274
5647,380
5648,547
5650,799
5651,35
5652,426
5653,248
5654,139
5655,488
5656,350
5657,173
5658,360
5660,557
5661,288
5662,560
5663,9
5664,91
5665,616
5666,646
5667,212
5668,98
5670,379
5671,296
5672,60
5673,427
5674,373
5675,580
5676,280
5677,412
5678,109
5680,396
5681,427
5682,332
5683,49
5684,176
5685,581
5686,427
5687,550
5688,638
5690,416
5691,641
5692,763
5693,547
5694,717
5695,390
5696,67
5697,428
5698,742
5700,508
5701,403
5702,414
5703,318
5704,533
5705,140
5706,659
5707,678
5708,587
5710,289
5711,24
5712,35
5713,564
5714,205
5715,627
5716,238
5717,279
5718,569
5720,7
5721,484
5722,140
5723,590
5724,174
5725,86
5726,501
5727,301
5728,605
5730,746
5731,622
5732,784
5733,644
5734,79
5735,371
5736,774
5737,591
5738,627
5740,663
5741,494
5742,20
5743,743
5744,470
5745,420
5746,128
5747,680
5748,744
5750,756
5751,233
5752,194
5753,690
5754,277
5755,62
5756,593
5757,789
5758,134
5760,7
5761,789
5762,100
5763,744
5764,722
5765,743
5766,791
5767,472
5768,429
5770,36
5771,54
5772,192
5773,304
5774,724
5775,169
5776,52
5777,218
5778,444
5780,790
5781,583
5782,316
5783,47
5784,591
5785,207
5786,273
5787,424
5788,310
5790,639
5791,168
5792,22
5793,397
5794,444
5795,468
5796,545
5797,613
5798,529
5800,785
5801,418
5802,127
5803,528
5804,695
5805,454
5806,67
5807,622
5808,504
5810,704
5811,512
5812,185
5813,706
5814,345
5815,590
5816,248
5817,366
5818,686
5820,32
5821,76
5822,750
5823,301
5824,26
5825,242
5826,45
5827,325
5828,186
5830,684
5831,380
5832,598
5833,381
5834,401
5835,319
5836,353
5837,387
5838,788
5840,202
5841,684
5842,317
5843,28
5844,147
5845,686
5846,626
5847,559
5848,351
5850,324
5851,563
5852,296
5853,638
5854,233
5855,620
5856,137
5857,69
5858,226
5860,636
5861,203
5862,381
5863,314
5864,375
5865,749
5866,561
5867,447
5868,729
5870,463
5871,425
5872,475
5873,107
5874,407
5875,714
5876,676
5877,384
5878,277
5880,578
5881,525
5882,15
5883,452
5884,249
5885,312
5886,172
5887,164
5888,107
5890,367
5891,681
5892,192
5893,292
5894,420
5895,17
5896,166
5897,122
5898,665
5900,176
5901,286
5902,332
5903,287
5904,788
5905,624
5906,311
5907,310
5908,241
5910,528
5911,354
5912,667
5913,787
5914,40
5915,510
5916,525
5917,445
5918,285
5920,324
5921,431
5922,568
5923,798
5924,194
5925,779
5926,261
5927,446
5928,595
5930,710
5931,98
5932,101
5933,348
5934,739
5935,383
5936,321
5937,624
5938,450
5940,509
5941,456
5942,420
5943,252
5944,410
5945,762
5946,766
5947,270
5948,456
5950,688
5951,11
5952,756
5953,638
5954,148
5955,141
5956,530
5957,511
5958,606
5960,798
5961,530
5962,667
5963,486
5964,528
5965,516
5966,427
5967,708
5968,355
5970,391
5971,571
5972,286
5973,86
5974,240
5975,690
5976,40
5977,165
5978,623
5980,145
5981,665
5982,69
5983,162
5984,798
5985,399
5986,680
5987,561
5988,771
5990,122
5991,710
5992,727
5993,488
5994,406
5995,530
5996,420
5997,213
5998,54
6000,267
6001,643
6002,740
6003,16
6004,343
6005,384
6006,489
6007,46
6008,192
6010,173
6011,789
6012,216
6013,663
6014,139
6015,329
6016,610
6017,412
6018,771
6020,372
6021,454
6022,433
6023,675
6024,764
6025,9
6026,93
6027,546
6028,635
6030,575
6031,344
6032,748
6033,565
6034,24
6035,275
6036,467
6037,533
6038,586
6040,291
6041,603
6042,57
6043,520
6044,146
6045,414
6046,147
6047,638
6048,462
6050,171
6051,46
6052,466
6053,536
6054,368
6055,152
6056,543
6057,486
6058,736
6060,382
6061,55
6062,414
6063,652
6064,452
6065,4
6066,167
6067,72
6068,484
6070,377
6071,359
6072,122
6073,428
6074,109
6075,644
6076,65
6077,354
6078,511
6080,791
6081,215
6082,207
6083,423
6084,277
6085,411
6086,21
6087,72
6088,527
6090,551
6091,202
6092,658
6093,532
6094,198
6095,323
6096,277
6097,662
6098,796
6100,330
6101,48
6102,536
6103,581
6104,172
6105,780
6106,525
6107,493
6108,546
6110,606
6111,792
6112,339
6113,21
6114,133
6115,714
6116,757
6117,533
6118,600
6120,723
6121,331
6122,669
6123,713
6124,375
6125,734
6126,543
6127,2
6128,528
6130,244
6131,315
6132,787
6133,101
6134,345
6135,61
6136,674
6137,423
6138,50
6140,215
6141,556
6142,434
6143,199
6144,677
6145,235
6146,152
6147,353
6148,650
6150,430
6151,558
6152,182
6153,629
6154,362
6155,241
6156,50
6157,335
6158,396
6160,331
6161,38
6162,623
6163,84
6164,274
6165,301
6166,611
6167,723
6168,275
6170,629
6171,766
6172,14
6173,74
6174,7
6175,731
6176,465
6177,665
6178,782
6180,643
6181,483
6182,254
6183,209
6184,378
6185,10
6186,321
6187,37
6188,360
6190,718
6191,436
6192,597
6193,143
6194,526
6195,661
6196,178
6197,585
6198,23
6200,798
6201,351
6202,485
6203,566
6204,17
6205,271
6206,610
6207,516
6208,36
6210,497
6211,710
6212,676
6213,165
6214,100
6215,77
6216,774
6217,618
6218,398
6220,487
6221,664
6222,70
6223,710
6224,573
6225,342
6226,407
6227,373
6228,237
6230,783
6231,8
6232,548
6233,339
6234,47
6235,334
6236,246
6237,123
6238,676
6240,254
6241,331
6242,323
6243,93
6244,392
6245,642
6246,762
6247,546
6248,310
6250,311
6251,785
6252,467
6253,439
6254,412
6255,192
6256,397
6257,46
6258,267
6260,709
6261,424
6262,79
6263,613
6264,227
6265,593
6266,346
6267,717
6268,432
6270,394
6271,108
6272,21
6273,319
6274,8
6275,217
6276,44
6277,118
6278,275
6280,192
6281,207
6282,457
6283,194
6284,360
6285,60
6286,518
6287,255
6288,468
6290,758
6291,439
6292,250
6293,170
6294,694
6295,634
6296,123
6297,535
6298,653
6300,634
6301,11
6302,137
6303,707
6304,713
6305,415
6306,717
6307,407
6308,771
6310,644
6311,243
6312,753
6313,12
6314,161
6315,285
6316,564
6317,678
6318,676
6320,320
6321,473
6322,544
6323,570
6324,296
6325,368
6326,701
6327,127
6328,550
6330,730
6331,248
6332,214
6333,547
6334,591
6335,533
6336,791
6337,489
6338,690
6340,9
6341,271
6342,313
6343,344
6344,172
6345,520
6346,788
6347,455
6348,347
6350,168
6351,750
6352,253
6353,555
6354,363
6355,790
6356,140
6357,613
6358,179
6360,630
6361,617
6362,769
6363,423
6364,589
6365,110
6366,110
6367,542
6368,509
6370,149
6371,199
6372,464
6373,313
6374,73
6375,788
6376,438
6377,185
6378,295
6380,511
6381,744
6382,29
6383,532
6384,106
6385,380
6386,130
6387,345
6388,217
6390,316
6391,630
6392,704
6393,530
6394,588
6395,184
6396,736
6397,348
6398,646
6400,691
6401,1
6402,659
6403,72
6404,172
6405,140
6406,752
6407,212
6408,479
6410,785
6411,433
6412,602
6413,138
6414,158
6415,359
6416,330
6417,476
6418,695
6420,234
6421,704
6422,464
6423,408
6424,536
6425,259
6426,410
6427,653
6428,324
6430,244
6431,754
6432,619
6433,452
6434,645
6435,171
6436,440
6437,28
6438,338
6440,570
6441,126
6442,798
6443,149
6444,174
6445,366
6446,310
6447,367
6448,480
6450,581
6451,370
6452,720
6453,572
6454,519
6455,759
6456,417
6457,515
6458,268
6460,666
6461,360
6462,473
6463,504
6464,616
6465,130
6466,503
6467,645
6468,199
6470,435
6471,156
6472,375
6473,67
6474,297
6475,556
6476,288
6477,478
6478,389
6480,659
6481,458
6482,638
6483,150
6484,200
6485,474
6486,175
6487,110
6488,108
6490,381
6491,510
6492,315
6493,410
6494,374
6495,594
6496,3
6497,787
6498,194
6500,790
6501,773
6502,242
6503,84
6504,202
6505,225
6506,300
6507,299
6508,564
6510,176
6511,734
6512,283
6513,111
6514,729
6515,424
6516,291
6517,358
6518,684
6520,152
6521,322
6522,271
6523,775
6524,225
6525,202
6526,235
6527,270
6528,63
6530,757
6531,682
6532,764
6533,206
6534,665
6535,560
6536,238
6537,313
6538,516
6540,571
6541,640
6542,483
6543,292
6544,60
6545,725
6546,390
6547,711
6548,637
6550,519
6551,150
6552,768
6553,403
6554,321
6555,36
6556,102
6557,122
6558,597
6560,421
6561,780
6562,325
6563,175
6564,213
6565,202
6566,610
6567,788
6568,724
6570,58
6571,145
6572,336
6573,71
6574,639
6575,697
6576,750
6577,324
6578,657
6580,74
6581,269
6582,223
6583,777
6584,263
6585,344
6586,661
6587,761
6588,766
6590,527
6591,381
6592,590
6593,452
6594,790
6595,562
6596,532
6597,330
6598,298
6600,454
6601,401
6602,121
6603,565
6604,734
6605,496
6606,632
6607,217
6608,764
6610,88
6611,57
6612,292
6613,486
6614,360
6615,716
6616,757
6617,479
6618,155
6620,106
6621,692
6622,281
6623,791
6624,172
6625,388
6626,727
6627,79
6628,137
6630,225
6631,684
6632,433
6633,279
6634,231
6635,667
6636,723
6637,770
6638,104
6640,484
6641,672
6642,551
6643,577
6644,617
6645,242
6646,2
6647,503
6648,182
6650,466
6651,515
6652,412
6653,84
6654,250
6655,441
6656,36
6657,398
6658,525
6660,748
6661,109
6662,404
6663,89
6664,500
6665,356
6666,203
6667,350
6668,601
6670,441
6671,254
6672,377
6673,662
6674,311
6675,536
6676,644
6677,640
6678,55
6680,515
6681,442
6682,153
6683,336
6684,482
6685,582
6686,429
6687,183
6688,772
6690,61
6691,342
6692,309
6693,10
6694,454
6695,86
6696,716
6697,321
6698,86
6700,210
6701,745
6702,523
6703,383
6704,641
6705,22
6706,766
6707,770
6708,601
6710,563
6711,418
6712,414
6713,17
6714,637
6715,282
6716,3
6717,596
6718,94
6720,623
6721,287
6722,72
6723,796
6724,220
6725,249
6726,728
6727,577
6728,91
6730,592
6731,323
6732,753
6733,140
6734,387
6735,770
6736,391
6737,639
6738,6
6740,586
6741,245
6742,740
6743,76
6744,32
6745,484
6746,688
6747,325
6748,551
6750,453
6751,766
6752,427
6753,278
6754,452
6755,113
6756,780
6757,530
6758,4
6760,580
6761,192
6762,406
6763,517
6764,147
6765,155
6766,601
6767,386
6768,463
6770,481
6771,216
6772,51
6773,148
6774,600
6775,377
6776,309
6777,324
6778,799
6780,387
6781,321
6782,386
6783,42
6784,228
6785,381
6786,518
6787,616
6788,397
6790,83
6791,239
6792,310
6793,182
6794,440
6795,411
6796,56
6797,319
6798,90
6800,566
6801,656
6802,143
6803,105
6804,412
6805,737
6806,611
6807,770
6808,54
6810,192
6811,435
6812,491
6813,520
6814,732
6815,628
6816,723
6817,292
6818,146
6820,322
6821,446
6822,677
6823,285
6824,2
6825,684
6826,173
6827,220
6828,318
6830,64
6831,408
6832,655
6833,788
6834,222
6835,384
6836,389
6837,717
6838,422
6840,213
6841,320
6842,537
6843,205
6844,576
6845,400
6846,174
6847,698
6848,203
6850,124
6851,196
6852,309
6853,785
6854,717
6855,766
6856,422
6857,451
6858,377
6860,584
6861,203
6862,483
6863,783
6864,561
6865,417
6866,540
6867,313
6868,555
6870,475
6871,37
6872,319
6873,512
6874,172
6875,776
6876,104
6877,592
6878,351
6880,754
6881,761
6882,728
6883,16
6884,564
6885,241
6886,549
6887,653
6888,697
6890,128
6891,520
6892,631
6893,798
6894,475
6895,472
6896,663
6897,435
6898,438
6900,82
6901,668
6902,575
6903,729
6904,31
6905,125
6906,318
6907,573
6908,202
6910,614
6911,278
6912,183
6913,285
6914,264
6915,658
6916,478
6917,664
6918,463
6920,135
6921,531
6922,510
6923,252
6924,373
6925,428
6926,540
6927,545
6928,309
6930,414
6931,627
6932,187
6933,301
6934,34
6935,625
6936,671
6937,18
6938,242
6940,740
6941,237
6942,738
6943,321
6944,418
6945,134
6946,545
6947,789
6948,727
6950,194
6951,591
6952,354
6953,706
6954,538
6955,425
6956,787
6957,613
6958,708
6960,125
6961,134
6962,549
6963,788
6964,90
6965,498
6966,237
6967,430
6968,669
6970,63
6971,122
6972,209
6973,640
6974,89
6975,159
6976,340
6977,476
6978,273
6980,217
6981,344
6982,33
6983,200
6984,331
6985,303
6986,502
6987,129
6988,651
6990,175
6991,550
6992,310
6993,444
6994,298
6995,493
6996,18
6997,6
6998,534
7000,43
7001,309
7002,509
7003,594
7004,349
7005,501
7006,118
7007,51
7008,411
7010,475
7011,370
7012,107
7013,343
7014,559
7015,552
7016,381
7017,611
7018,56
7020,299
7021,394
7022,386
7023,24
7024,493
7025,287
7026,67
7027,472
7028,187
7030,555
7031,298
7032,295
7033,76
7034,711
7035,150
7036,124
7037,668
7038,466
7040,77
7041,44
7042,583
7043,796
7044,430
7045,30
7046,98
7047,423
7048,137
7050,425
7051,740
7052,210
7053,145
7054,472
7055,727
7056,639
7057,98
7058,73
7060,136
7061,124
7062,402
7063,278
7064,772
7065,240
7066,501
7067,410
7068,196
7070,197
7071,355
7072,126
7073,549
7074,432
7075,25
7076,350
7077,538
7078,331
7080,60
7081,277
7082,560
7083,669
7084,197
7085,516
7086,736
7087,127
7088,475
7090,153
7091,87
7092,100
7093,156
7094,465
7095,121
7096,420
7097,87
7098,134
7100,213
7101,721
7102,259
7103,630
7104,452
7105,227
7106,642
7107,616
7108,191
7110,112
7111,707
7112,73
7113,471
7114,276
7115,259
7116,693
7117,304
7118,193
7120,763
7121,565
7122,395
7123,455
7124,402
7125,702
7126,532
7127,258
7128,347
7130,480
7131,140
7132,345
7133,588
7134,205
7135,556
7136,344
7137,386
7138,629
7140,140
7141,189
7142,522
7143,31
7144,432
7145,382
7146,89
7147,306
7148,159
7150,637
7151,712
7152,372
7153,662
7154,787
7155,733
7156,484
7157,548
7158,646
7160,67
7161,740
7162,587
7163,740
7164,138
7165,30
7166,158
7167,255
7168,342
7170,579
7171,626
7172,216
7173,603
7174,676
7175,541
7176,25
7177,313
7178,352
7180,505
7181,798
7182,489
7183,614
7184,684
7185,258
7186,361
7187,690
7188,187
7190,561
7191,618
7192,49
7193,270
7194,184
7195,734
7196,615
7197,40
7198,41
7200,79
7201,596
7202,130
7203,644
7204,181
7205,35
7206,166
7207,572
7208,201
7210,628
7211,692
7212,437
7213,222
7214,722
7215,630
7216,426
7217,491
7218,75
7220,257
7221,670
7222,541
7223,167
7224,500
7225,24
7226,103
7227,390
7228,748
7230,486
7231,774
7232,115
7233,241
7234,452
7235,214
7236,764
7237,727
7238,493
7240,172
7241,600
7242,187
7243,559
7244,495
7245,711
7246,547
7247,79
7248,426
7250,56
7251,11
7252,465
7253,650
7254,121
7255,634
7256,542
7257,308
7258,729
7260,335
7261,353
7262,599
7263,81
7264,550
7265,598
7266,642
7267,385
7268,597
7270,386
7271,284
7272,767
7273,246
7274,621
7275,647
7276,317
7277,308
7278,607
7280,283
7281,114
7282,356
7283,168
7284,556
7285,654
7286,628
7287,673
7288,597
7290,370
7291,137
7292,733
7293,774
7294,575
7295,184
7296,274
7297,3
7298,223
7300,697
7301,302
7302,65
7303,436
7304,61
7305,503
7306,138
7307,21
7308,537
7310,39
7311,230
7312,606
7313,304
7314,206
7315,301
7316,577
7317,230
7318,474
7320,178
7321,17
7322,35
7323,792
7324,347
7325,271
7326,473
7327,741
7328,38
7330,37
7331,740
7332,335
7333,454
7334,138
7335,334
7336,213
7337,219
7338,261
7340,435
7341,434
7342,335
7343,464
7344,321
7345,496
7346,477
7347,226
7348,249
7350,680
7351,681
7352,575
7353,711
7354,331
7355,276
7356,458
7357,351
7358,576
7360,209
7361,136
7362,155
7363,155
7364,317
7365,445
7366,743
7367,182
7368,293
7370,454
7371,592
7372,479
7373,514
7374,147
7375,254
7376,513
7377,557
7378,495
7380,706
7381,33
7382,300
7383,643
7384,59
7385,167
7386,209
7387,110
7388,342
7390,630
7391,132
7392,517
7393,656
7394,18
7395,87
7396,783
7397,119
7398,306
7400,80
7401,789
7402,625
7403,37
7404,614
7405,794
7406,667
7407,487
7408,376
7410,189
7411,91
7412,496
7413,612
7414,310
7415,512
7416,334
7417,207
7418,389
7420,39
7421,792
7422,579
7423,99
7424,635
7425,424
7426,10
7427,173
7428,786
7430,569
7431,594
7432,173
7433,745
7434,516
7435,778
7436,183
7437,749
7438,772
7440,27
7441,65
7442,483
7443,356
7444,428
7445,4
7446,44
7447,88
7448,41
7450,244
7451,585
7452,673
7453,327
7454,25
7455,29
7456,41
7457,456
7458,361
7460,43
7461,128
7462,36
7463,658
7464,527
7465,172
7466,354
7467,646
7468,677
7470,152
7471,178
7472,529
7473,664
7474,183
7475,12
7476,145
7477,362
7478,245
7480,672
7481,242
7482,636
7483,474
7484,328
7485,103
7486,320
7487,70
7488,246
7490,108
7491,341
7492,740
7493,124
7494,205
7495,128
7496,118
7497,84
7498,468
7500,608
7501,481
7502,710
7503,364
7504,643
7505,73
7506,294
7507,579
7508,138
7510,670
7511,77
7512,173
7513,98
7514,649
7515,470
7516,300
7517,703
7518,437
7520,104
7521,311
7522,782
7523,437
7524,639
7525,153
7526,515
7527,432
7528,752
7530,20
7531,731
7532,334
7533,653
7534,381
7535,700
7536,693
7537,233
7538,144
7540,271
7541,284
7542,318
7543,599
7544,412
7545,308
7546,313
7547,634
7548,623
7550,503
7551,329
7552,238
7553,296
7554,691
7555,154
7556,40
7557,20
7558,334
7560,300
7561,192
7562,652
7563,146
7564,646
7565,664
7566,142
7567,81
7568,752
7570,666
7571,7
7572,368
7573,627
7574,99
7575,712
7576,184
7577,155
7578,31
7580,38
7581,129
7582,155
7583,453
7584,275
7585,281
7586,682
7587,488
7588,570
7590,400
7591,629
7592,355
7593,591
7594,113
7595,575
7596,143
7597,566
7598,580
7600,508
7601,647
7602,268
7603,426
7604,782
7605,97
7606,458
7607,59
7608,36
7610,477
7611,260
7612,619
7613,151
7614,159
7615,528
7616,390
7617,536
7618,677
7620,73
7621,496
7622,68
7623,171
7624,681
7625,311
7626,45
7627,345
7628,480
7630,76
7631,396
7632,171
7633,727
7634,74
7635,89
7636,726
7637,3
7638,405
7640,15
7641,770
7642,508
7643,535
7644,154
7645,299
7646,569
7647,532
7648,229
7650,569
7651,195
7652,257
7653,643
7654,368
7655,380
7656,404
7657,715
7658,409
7660,480
7661,474
7662,97
7663,670
7664,214
7665,421
7666,309
7667,451
7668,204
7670,785
7671,654
7672,690
7673,799
7674,617
7675,683
7676,310
7677,329
7678,609
7680,728
7681,194
7682,274
7683,213
7684,18
7685,616
7686,199
7687,72
7688,478
7690,688
7691,179
7692,100
7693,725
7694,635
7695,207
7696,569
7697,262
7698,92
7700,590
7701,592
7702,308
7703,332
7704,411
7705,663
7706,431
7707,346
7708,434
7710,630
7711,252
7712,290
7713,4
7714,762
7715,666
7716,642
7717,8
7718,752
7720,788
7721,284
7722,393
7723,637
7724,412
7725,389
7726,536
7727,423
7728,50
7730,713
7731,386
7732,435
7733,607
7734,216
7735,587
7736,436
7737,271
7738,98
7740,248
7741,29
7742,673
7743,713
7744,583
7745,579
7746,707
7747,440
7748,322
7750,569
7751,148
7752,409
7753,426
7754,487
7755,377
7756,449
7757,165
7758,285
7760,144
7761,301
7762,274
7763,655
7764,282
7765,45
7766,321
7767,792
7768,799
7770,30
7771,288
7772,746
7773,584
7774,536
7775,254
7776,347
7777,712
7778,606
7780,185
7781,568
7782,438
7783,264
7784,573
7785,327
7786,526
7787,787
7788,423
7790,457
7791,331
7792,146
7793,286
7794,158
7795,254
7796,21
7797,644
7798,423
7800,625
7801,89
7802,788
7803,167
7804,106
7805,239
7806,2
7807,18
7808,579
7810,293
7811,540
7812,4
7813,418
7814,624
7815,215
7816,271
7817,715
7818,50
7820,543
7821,477
7822,438
7823,432
7824,350
7825,450
7826,426
7827,430
7828,148
7830,79
7831,765
7832,399
7833,587
7834,197
7835,488
7836,668
7837,530
7838,24
7840,9
7841,609
7842,381
7843,198
7844,366
7845,646
7846,544
7847,681
7848,456
7850,141
7851,654
7852,331
7853,377
7854,486
7855,307
7856,435
7857,111
7858,1
7860,638
7861,58
7862,610
7863,438
7864,18
7865,234
7866,699
7867,630
7868,212
7870,394
7871,659
7872,486
7873,153
7874,484
7875,609
7876,698
7877,339
7878,634
7880,460
7881,61
7882,569
7883,335
7884,343
7885,93
7886,53
7887,764
7888,307
7890,72
7891,226
7892,10
7893,268
7894,592
7895,616
7896,724
7897,728
7898,55
7900,272
7901,641
7902,231
7903,338
7904,461
7905,677
7906,689
7907,241
7908,620
7910,255
7911,428
7912,3
7913,773
7914,228
7915,19
7916,155
7917,331
7918,769
7920,702
7921,366
7922,112
7923,354
7924,121
7925,731
7926,337
7927,239
7928,437
7930,782
7931,729
7932,794
7933,457
7934,374
7935,49
7936,33
7937,648
7938,267
7940,580
7941,255
7942,476
7943,339
7944,345
7945,756
7946,426
7947,691
7948,482
7950,584
7951,73
7952,664
7953,99
7954,209
7955,123
7956,585
7957,41
7958,261
7960,645
7961,28
7962,754
7963,405
7964,656
7965,263
7966,161
7967,370
7968,238
7970,362
7971,89
7972,525
7973,507
7974,769
7975,586
7976,787
7977,446
7978,405
7980,487
7981,43
7982,199
7983,140
7984,288
7985,561
7986,556
7987,204
7988,445
7990,483
7991,220
7992,300
7993,733
7994,618
7995,198
7996,378
7997,657
7998,68
8000,184
8001,484
8002,249
8003,756
8004,6
8005,125
8006,182
8007,500
8008,792
8010,492
8011,741
8012,679
8013,334
8014,596
8015,46
8016,534
8017,791
8018,477
8020,153
8021,623
8022,738
8023,433
8024,587
8025,793
8026,485
8027,178
8028,333
8030,530
8031,677
8032,61
8033,688
8034,487
8035,401
8036,687
8037,110
8038,113
8040,525
8041,364
8042,7
8043,476
8044,668
8045,68
8046,417
8047,787
8048,567
8050,719
8051,756
8052,137
8053,498
8054,719
8055,499
8056,192
8057,660
8058,14
8060,132
8061,494
8062,546
8063,188
8064,411
8065,678
8066,236
8067,436
8068,748
8070,649
8071,722
8072,544
8073,453
8074,509
8075,118
8076,447
8077,184
8078,385
8080,641
8081,400
8082,370
8083,718
8084,645
8085,340
8086,182
8087,374
8088,479
8090,305
8091,530
8092,792
8093,361
8094,783
8095,219
8096,466
8097,226
8098,393
8100,323
8101,520
8102,567
8103,554
8104,388
8105,694
8106,300
8107,600
8108,404
8110,768
8111,400
8112,666
8113,312
8114,251
8115,314
8116,355
8117,405
8118,129
8120,126
8121,697
8122,211
8123,307
8124,158
8125,442
8126,748
8127,610
8128,113
8130,507
8131,68
8132,694
8133,597
8134,332
8135,591
8136,489
8137,787
8138,770
8140,207
8141,736
8142,735
8143,505
8144,123
8145,721
8146,210
8147,704
8148,417
8150,263
8151,344
8152,247
8153,447
8154,230
8155,603
8156,415
8157,550
8158,264
8160,37
8161,36
8162,75
8163,437
8164,54
8165,248
8166,123
8167,440
8168,442
8170,216
8171,65
8172,395
8173,313
8174,158
8175,242
8176,698
8177,178
8178,658
8180,425
8181,61
8182,140
8183,696
8184,194
8185,251
8186,601
8187,727
8188,215
8190,682
8191,692
8192,221
8193,419
8194,165
8195,698
8196,637
8197,372
8198,226
8200,18
8201,730
8202,594
8203,222
8204,106
8205,709
8206,494
8207,426
8208,353
8210,524
8211,167
8212,330
8213,444
8214,41
8215,196
8216,586
8217,74
8218,93
8220,56
8221,163
8222,122
8223,272
8224,683
8225,700
8226,9
8227,653
8228,442
8230,448
8231,410
8232,370
8233,759
8234,637
8235,367
8236,499
8237,203
8238,786
8240,755
8241,524
8242,99
8243,750
8244,778
8245,217
8246,486
8247,238
8248,713
8250,661
8251,418
8252,659
8253,112
8254,727
8255,772
8256,740
8257,468
8258,73
8260,158
8261,355
8262,154
8263,776
8264,751
8265,793
8266,140
8267,80
8268,132
8270,794
8271,624
8272,687
8273,732
8274,687
8275,638
8276,603
8277,138
8278,514
8280,413
8281,148
8282,726
8283,709
8284,238
8285,184
8286,383
8287,249
8288,108
8290,470
8291,118
8292,392
8293,483
8294,325
8295,144
8296,470
8297,293
8298,296
8300,68
8301,650
8302,758
8303,67
8304,687
8305,229
8306,706
8307,373
8308,561
8310,459
8311,334
8312,511
8313,478
8314,246
8315,712
8316,395
8317,234
8318,737
8320,456
8321,778
8322,518
8323,591
8324,198
8325,702
8326,118
8327,274
8328,53
8330,709
8331,213
8332,325
8333,142
8334,270
8335,612
8336,764
8337,444
8338,224
8340,434
8341,238
8342,753
8343,153
8344,417
8345,596
8346,220
8347,624
8348,166
8350,452
8351,45
8352,222
8353,769
8354,449
8355,92
8356,547
8357,600
8358,31
8360,736
8361,373
8362,89
8363,760
8364,58
8365,289
8366,277
8367,358
8368,745
8370,23
8371,384
8372,101
8373,292
8374,378
8375,321
8376,631
8377,364
8378,296
8380,518
8381,523
8382,520
8383,512
8384,593
8385,424
8386,176
8387,693
8388,499
8390,530
8391,64
8392,373
8393,577
8394,477
8395,21
8396,662
8397,285
8398,522
8400,130
8401,795
8402,651
8403,263
8404,659
8405,659
8406,65
8407,172
8408,523
8410,24
8411,353
8412,680
8413,424
8414,710
8415,318
8416,176
8417,767
8418,736
8420,69
8421,435
8422,150
8423,282
8424,195
8425,250
8426,595
8427,550
8428,788
8430,454
8431,236
8432,248
8433,144
8434,604
8435,614
8436,511
8437,733
8438,490
8440,334
8441,774
8442,514
8443,762
8444,89
8445,666
8446,709
8447,271
8448,342
8450,307
8451,48
8452,176
8453,255
8454,28
8455,593
8456,140
8457,771
8458,286
8460,22
8461,490
8462,117
8463,27
8464,784
8465,349
8466,772
8467,367
8468,729
8470,696
8471,722
8472,365
8473,262
8474,752
8475,298
8476,373
8477,454
8478,652
8480,477
8481,356
8482,664
8483,458
8484,277
8485,564
8486,65
8487,604
8488,302
8490,683
8491,416
8492,381
8493,483
8494,42
8495,541
8496,565
8497,778
8498,644
8500,743
8501,666
8502,565
8503,477
8504,175
8505,414
8506,90
8507,618
8508,796
8510,319
8511,335
8512,176
8513,777
8514,149
8515,123
8516,431
8517,107
8518,207
8520,376
8521,487
8522,393
8523,776
8524,302
8525,549
8526,417
8527,383
8528,258
8530,337
8531,694
8532,53
8533,549
8534,369
8535,695
8536,477
8537,628
8538,522
8540,534
8541,771
8542,536
8543,149
8544,177
8545,122
8546,471
8547,341
8548,230
8550,609
8551,212
8552,452
8553,460
8554,556
8555,201
8556,574
8557,472
8558,24
8560,386
8561,411
8562,270
8563,758
8564,671
8565,622
8566,7
8567,19
8568,733
8570,338
8571,736
8572,68
8573,382
8574,196
8575,416
8576,257
8577,16
8578,749
8580,3
8581,253
8582,554
8583,167
8584,113
8585,163
8586,290
8587,538
8588,202
8590,157
8591,762
8592,579
8593,696
8594,264
8595,275
8596,383
8597,415
8598,304
8600,788
8601,428
8602,181
8603,441
8604,69
8605,93
8606,655
8607,596
8608,586
8610,5
8611,639
8612,713
8613,381
8614,402
8615,497
8616,66
8617,37
8618,416
8620,375
8621,41
8622,467
8623,714
8624,182
8625,630
8626,353
8627,676
8628,164
8630,779
8631,741
8632,495
8633,223
8634,206
8635,443
8636,174
8637,483
8638,236
8640,243
8641,220
8642,543
8643,736
8644,74
8645,128
8646,468
8647,605
8648,137
8650,378
8651,374
8652,79
8653,356
8654,221
8655,706
8656,705
8657,628
8658,439
8660,344
8661,118
8662,180
8663,418
8664,220
8665,390
8666,460
8667,681
8668,373
8670,438
8671,323
8672,585
8673,550
8674,687
8675,389
8676,389
8677,24
8678,731
8680,682
8681,287
8682,462
8683,504
8684,198
8685,522
8686,115
8687,72
8688,320
8690,601
8691,231
8692,565
8693,638
8694,749
8695,641
8696,630
8697,592
8698,308
8700,201
8701,634
8702,274
8703,165
8704,614
8705,363
8706,650
8707,702
8708,171
8710,267
8711,604
8712,789
8713,65
8714,246
8715,383
8716,603
8717,720
8718,757
8720,244
8721,339
8722,633
8723,589
8724,485
8725,174
8726,608
8727,511
8728,749
8730,196
8731,563
8732,397
8733,718
8734,352
8735,578
8736,338
8737,442
8738,255
8740,139
8741,333
8742,63
8743,99
8744,94
8745,65
8746,46
8747,568
8748,202
8750,418
8751,218
8752,264
8753,124
8754,165
8755,80
8756,284
8757,544
8758,641
8760,540
8761,671
8762,519
8763,639
8764,606
8765,586
8766,446
8767,24
8768,694
8770,434
8771,704
8772,799
8773,503
8774,127
8775,556
8776,291
8777,297
8778,493
8780,612
8781,612
8782,51
8783,472
8784,756
8785,503
8786,228
8787,384
8788,582
8790,462
8791,392
8792,50
8793,35
8794,404
8795,91
8796,648
8797,767
8798,373
8800,56
8801,114
8802,599
8803,34
8804,100
8805,69
8806,755
8807,752
8808,128
8810,13
8811,250
8812,171
8813,670
8814,357
8815,359
8816,507
8817,231
8818,82
8820,454
8821,333
8822,385
8823,672
8824,276
8825,584
8826,503
8827,257
8828,136
8830,120
8831,436
8832,601
8833,769
8834,393
8835,157
8836,307
8837,623
8838,227
8840,586
8841,772
8842,678
8843,356
8844,182
8845,592
8846,162
8847,499
8848,761
8850,136
8851,108
8852,43
8853,385
8854,53
8855,648
8856,561
8857,129
8858,292
8860,703
8861,751
8862,330
8863,340
8864,589
8865,799
8866,156
8867,277
8868,51
8870,762
8871,378
8872,358
8873,527
8874,25
8875,710
8876,621
8877,133
8878,560
8880,777
8881,176
8882,151
8883,794
8884,95
8885,460
8886,363
8887,234
8888,208
8890,554
8891,135
8892,716
8893,493
8894,523
8895,323
8896,338
8897,145
8898,634
8900,316
8901,319
8902,490
8903,189
8904,742
8905,48
8906,12
8907,468
8908,449
8910,624
8911,565
8912,216
8913,239
8914,284
8915,328
8916,99
8917,369
8918,569
8920,421
8921,554
8922,753
8923,436
8924,794
8925,701
8926,575
8927,651
8928,38
8930,431
8931,399
8932,754
8933,524
8934,670
8935,488
8936,129
8937,519
8938,130
8940,671
8941,255
8942,583
8943,581
8944,578
8945,148
8946,214
8947,49
8948,717
8950,196
8951,417
8952,707
8953,426
8954,531
8955,200
8956,54
8957,428
8958,180
8960,746
8961,601
8962,114
8963,595
8964,589
8965,722
8966,648
8967,519
8968,114
8970,54
8971,597
8972,144
8973,552
8974,283
8975,258
8976,743
8977,450
8978,126
8980,470
8981,194
8982,723
8983,462
8984,437
8985,284
8986,441
8987,742
8988,363
8990,782
8991,480
8992,222
8993,252
8994,389
8995,482
8996,387
8997,799
8998,604
9000,359
9001,614
9002,678
9003,133
9004,782
9005,364
9006,326
9007,252
9008,100
9010,138
9011,9
9012,361
9013,15
9014,350
9015,169
9016,590
9017,590
9018,211
9020,561
9021,33
9022,477
9023,136
9024,221
9025,21
9026,585
9027,553
9028,399
9030,14
9031,340
9032,259
9033,201
9034,212
9035,88
9036,495
9037,38
9038,760
9040,175
9041,30
9042,14
9043,414
9044,67
9045,4
9046,616
9047,563
9048,732
9050,462
9051,727
9052,737
9053,378
9054,32
9055,685
9056,402
9057,334
9058,592
9060,606
9061,542
9062,391
9063,396
9064,548
9065,50
9066,489
9067,717
9068,34
9070,680
9071,572
9072,788
9073,62
9074,698
9075,479
9076,630
9077,531
9078,158
9080,324
9081,320
9082,42
9083,744
9084,310
9085,368
9086,123
9087,369
9088,349
9090,1
9091,789
9092,399
9093,411
9094,782
9095,267
9096,638
9097,413
9098,761
9100,275
9101,569
9102,234
9103,607
9104,571
9105,248
9106,396
9107,215
9108,311
9110,59
9111,571
9112,571
9113,143
9114,691
9115,699
9116,373
9117,424
9118,159
9120,126
9121,410
9122,584
9123,497
9124,693
9125,301
9126,177
9127,257
9128,355
9130,525
9131,257
9132,800
9133,483
9134,737
9135,449
9136,342
9137,723
9138,153
9140,70
9141,788
9142,263
9143,657
9144,18
9145,41
9146,382
9147,184
9148,386
9150,790
9151,550
9152,405
9153,764
9154,51
9155,26
9156,504
9157,101
9158,563
9160,362
9161,581
9162,625
9163,8
9164,318
9165,382
9166,309
9167,518
9168,235
9170,503
9171,28
9172,665
9173,653
9174,197
9175,787
9176,249
9177,332
9178,223
9180,536
9181,5
9182,649
9183,608
9184,129
9185,106
9186,154
9187,732
9188,223
9190,376
9191,535
9192,278
9193,151
9194,589
9195,102
9196,322
9197,121
9198,663
9200,13
9201,643
9202,200
9203,82
9204,584
9205,538
9206,251
9207,586
9208,178
9210,38
9211,1
9212,513
9213,144
9214,109
9215,777
9216,354
9217,476
9218,480
9220,252
9221,268
9222,689
9223,257
9224,17
9225,731
9226,465
9227,212
9228,17
9230,329
9231,84
9232,200
9233,415
9234,783
9235,372
9236,514
9237,527
9238,182
9240,612
9241,243
9242,233
9243,332
9244,219
9245,270
9246,429
9247,246
9248,359
9250,460
9251,62
9252,2
9253,688
9254,21
9255,509
9256,579
9257,410
9258,776
9260,710
9261,678
9262,319
9263,575
9264,107
9265,221
9266,137
9267,448
9268,359
9270,457
9271,604
9272,705
9273,469
9274,110
9275,247
9276,745
9277,761
9278,131
9280,365
9281,222
9282,49
9283,743
9284,683
9285,438
9286,363
9287,457
9288,189
9290,528
9291,600
9292,320
9293,638
9294,303
9295,509
9296,268
9297,300
9298,561
9300,673
9301,134
9302,179
9303,222
9304,653
9305,679
9306,247
9307,620
9308,564
9310,161
9311,746
9312,715
9313,289
9314,41
9315,184
9316,391
9317,517
9318,787
9320,403
9321,83
9322,744
9323,493
9324,519
9325,61
9326,639
9327,448
9328,736
9330,172
9331,162
9332,772
9333,119
9334,33
9335,731
9336,723
9337,52
9338,360
9340,792
9341,522
9342,633
9343,545
9344,71
9345,231
9346,576
9347,383
9348,728
9350,774
9351,730
9352,286
9353,587
9354,491
9355,722
9356,775
9357,14
9358,625
9360,213
9361,527
9362,227
9363,701
9364,497
9365,357
9366,46
9367,800
9368,599
9370,656
9371,379
9372,177
9373,347
9374,751
9375,206
9376,114
9377,139
9378,35
9380,148
9381,222
9382,299
9383,146
9384,647
9385,722
9386,650
9387,465
9388,133
9390,557
9391,83
9392,299
9393,363
9394,588
9395,555
9396,576
9397,117
9398,93
9400,321
9401,584
9402,666
9403,633
9404,686
9405,38
9406,119
9407,770
9408,246
9410,292
9411,408
9412,613
9413,44
9414,504
9415,14
9416,638
9417,450
9418,186
9420,662
9421,384
9422,488
9423,770
9424,365
9425,121
9426,110
9427,107
9428,13
9430,209
9431,337
9432,682
9433,88
9434,21
9435,799
9436,43
9437,151
9438,345
9440,252
9441,467
9442,376
9443,414
9444,346
9445,256
9446,137
9447,385
9448,191
9450,10
9451,522
9452,192
9453,422
9454,280
9455,234
9456,593
9457,796
9458,370
9460,252
9461,407
9462,532
9463,783
9464,456
9465,486
9466,413
9467,437
9468,210
9470,361
9471,96
9472,502
9473,741
9474,530
9475,705
9476,250
9477,416
9478,406
9480,94
9481,653
9482,303
9483,180
9484,439
9485,249
9486,729
9487,799
9488,747
9490,615
9491,262
9492,135
9493,439
9494,394
9495,338
9496,575
9497,721
9498,104
9500,306
9501,63
9502,463
9503,36
9504,718
9505,570
9506,332
9507,22
9508,292
9510,29
9511,193
9512,451
9513,667
9514,583
9515,219
9516,794
9517,332
9518,503
9520,723
9521,137
9522,263
9523,785
9524,778
9525,402
9526,277
9527,784
9528,703
9530,374
9531,363
9532,174
9533,623
9534,107
9535,537
9536,703
9537,740
9538,364
9540,477
9541,190
9542,564
9543,466
9544,762
9545,251
9546,215
9547,629
9548,437
9550,269
9551,564
9552,54
9553,311
9554,796
9555,508
9556,2
9557,295
9558,280
9560,571
9561,687
9562,640
9563,521
9564,800
9565,483
9566,285
9567,193
9568,287
9570,746
9571,333
9572,168
9573,37
9574,88
9575,457
9576,342
9577,368
9578,16
9580,109
9581,107
9582,425
9583,377
9584,636
9585,230
9586,518
9587,437
9588,128
9590,409
9591,50
9592,372
9593,709
9594,425
9595,567
9596,167
9597,130
9598,563
9600,778
9601,769
9602,695
9603,310
9604,398
9605,162
9606,326
9607,492
9608,236
9610,145
9611,197
9612,635
9613,420
9614,286
9615,385
9616,726
9617,41
9618,260
9620,293
9621,20
9622,448
9623,536
9624,424
9625,580
9626,251
9627,162
9628,669
9630,368
9631,675
9632,800
9633,145
9634,588
9635,625
9636,597
9637,239
9638,344
9640,612
9641,743
9642,449
9643,459
9644,672
9645,427
9646,77
9647,260
9648,81
9650,34
9651,33
9652,791
9653,250
9654,553
9655,477
9656,334
9657,130
9658,98
9660,531
9661,206
9662,314
9663,664
9664,188
9665,70
9666,352
9667,21
9668,295
9670,560
9671,380
9672,687
9673,440
9674,306
9675,485
9676,188
9677,371
9678,275
9680,684
9681,670
9682,589
9683,94
9684,777
9685,275
9686,776
9687,55
9688,415
9690,180
9691,416
9692,762
9693,584
9694,789
9695,620
9696,623
9697,404
9698,134
9700,303
9701,101
9702,488
9703,755
9704,594
9705,356
9706,434
9707,551
9708,312
9710,648
9711,607
9712,368
9713,151
9714,49
9715,775
9716,746
9717,204
9718,201
9720,780
9721,796
9722,317
9723,673
9724,86
9725,651
9726,218
9727,132
9728,502
9730,753
9731,45
9732,179
9733,502
9734,579
9735,238
9736,42
9737,684
9738,29
9740,654
9741,391
9742,444
9743,132
9744,783
9745,315
9746,732
9747,392
9748,274
9750,63
9751,768
9752,348
9753,643
9754,731
9755,593
9756,68
9757,431
9758,729
9760,402
9761,601
9762,586
9763,269
9764,82
9765,581
9766,688
9767,211
9768,264
9770,349
9771,377
9772,287
9773,739
9774,185
9775,686
9776,44
9777,34
9778,42
9780,515
9781,599
9782,511
9783,272
9784,303
9785,453
9786,566
9787,478
9788,345
9790,622
9791,529
9792,158
9793,59
9794,754
9795,100
9796,128
9797,345
9798,341
9800,262
9801,668
9802,100
9803,23
9804,676
9805,522
9806,633
9807,45
9808,727
9810,297
9811,287
9812,285
9813,507
9814,401
9815,722
9816,382
9817,425
9818,780
9820,116
9821,281
9822,305
9823,337
9824,139
9825,501
9826,95
9827,648
9828,603
9830,59
9831,524
9832,534
9833,552
9834,211
9835,549
9836,381
9837,50
9838,55
9840,314
9841,294
9842,617
9843,335
9844,482
9845,578
9846,638
9847,98
9848,349
9850,673
9851,589
9852,395
9853,515
9854,319
9855,559
9856,13
9857,712
9858,13
9860,313
9861,184
9862,773
9863,739
9864,223
9865,460
9866,428
9867,257
9868,27
9870,788
9871,253
9872,622
9873,69
9874,466
9875,598
9876,566
9877,10
9878,795
9880,80
9881,600
9882,499
9883,309
9884,534
9885,509
9886,95
9887,463
9888,117
9890,778
9891,282
9892,195
9893,464
9894,167
9895,279
9896,377
9897,202
9898,773
9900,328
9901,601
9902,587
9903,617
9904,660
9905,577
9906,715
9907,187
9908,791
9910,708
9911,50
9912,533
9913,727
9914,676
9915,521
9916,102
9917,404
9918,411
9920,438
9921,780
9922,627
9923,159
9924,189
9925,2
9926,790
9927,327
9928,144
9930,325
9931,50
9932,578
9933,163
9934,741
9935,272
9936,79
9937,601
9938,547
9940,142
9941,430
9942,547
9943,336
9944,301
9945,98
9946,751
9947,72
9948,492
9950,45
9951,608
9952,6
9953,650
9954,390
9955,339
9956,19
9957,205
9958,453
9960,250
9961,455
9962,486
9963,338
9964,797
9965,564
9966,304
9967,375
9968,355
9970,600
9971,249
9972,576
9973,704
9974,338
9975,77
9976,500
9977,656
9978,749
9980,278
9981,198
9982,600
9983,733
9984,206
9985,388
9986,434
9987,429
9988,300
9990,351
9991,128
9992,655
9993,98
9994,764
9995,306
9996,477
9997,110
9998,666
10000,287
